       Value   Percentile   TotalCount 1/(1-Percentile)

        0.02     0.000000         8595         1.00
        0.44     0.050000      1420864         1.05
        0.69     0.100000      2826606         1.11
        0.78     0.150000      4590305         1.18
        0.79     0.200000      6042002         1.25
        0.80     0.250000      7061432         1.33
        0.81     0.300000      9678007         1.43
        0.82     0.350000     11238902         1.54
        0.83     0.400000     12886771         1.67
        0.83     0.450000     12886771         1.82
        0.84     0.500000     14550023         2.00
        0.85     0.525000     16173103         2.11
        0.85     0.550000     16173103         2.22
        0.85     0.575000     17724014         2.35
        0.85     0.600000     17724014         2.50
        0.85     0.625000     17724014         2.67
        0.86     0.650000     19168568         2.86
        0.86     0.675000     19168568         3.08
        0.87     0.700000     20482709         3.33
        0.87     0.725000     20482709         3.64
        0.88     0.750000     21647858         4.00
        0.88     0.762500     21647858         4.21
        0.89     0.775000     22664282         4.44
        0.89     0.787500     22664282         4.71
        0.89     0.800000     22664282         5.00
        0.90     0.812500     23530766         5.33
        0.90     0.825000     23530766         5.71
        0.90     0.837500     24264717         6.15
        0.90     0.850000     24264717         6.67
        0.91     0.862500     24873092         7.27
        0.91     0.875000     24873092         8.00
        0.91     0.881250     24873092         8.42
        0.92     0.887500     25369167         8.89
        0.92     0.893750     25369167         9.41
        0.92     0.900000     25369167        10.00
        0.93     0.906250     25766212        10.67
        0.93     0.912500     25766212        11.43
        0.94     0.918750     26072164        12.31
        0.94     0.925000     26072164        13.33
        0.94     0.931250     26301794        14.55
        0.95     0.937500     26483234        16.00
        0.96     0.940625     26618854        16.84
        0.96     0.943750     26618854        17.78
        0.97     0.946875     26720271        18.82
        0.97     0.950000     26796844        20.00
        0.99     0.953125     26892397        21.33
        1.01     0.956250     26954309        22.86
        1.05     0.959375     27046166        24.62
        1.10     0.962500     27129782        26.67
        1.16     0.965625     27219313        29.09
        1.21     0.968750     27307671        32.00
        1.23     0.970313     27348883        33.68
        1.26     0.971875     27395313        35.56
        1.29     0.973437     27431908        37.65
        1.35     0.975000     27474196        40.00
        1.49     0.976562     27518237        42.67
        1.56     0.978125     27565278        45.71
        1.59     0.979688     27610836        49.23
        1.61     0.981250     27659943        53.33
        1.63     0.982812     27699645        58.18
        1.65     0.984375     27743403        64.00
        1.66     0.985156     27766812        67.37
        1.66     0.985938     27790702        71.11
        1.67     0.986719     27814515        75.29
        1.68     0.987500     27838162        80.00
        1.69     0.988281     27861699        85.33
        1.70     0.989062     27884363        91.43
        1.70     0.989844     27906304        98.46
        1.71     0.990625     27927347       106.67
        1.72     0.991406     27947202       116.36
        1.73     0.992188     27965711       128.00
        1.74     0.992578     27982896       134.74
        1.74     0.992969     27982896       142.22
        1.74     0.993359     27999003       150.59
        1.75     0.993750     28014009       160.00
        1.75     0.994141     28014009       170.67
        1.76     0.994531     28027928       182.86
        1.77     0.994922     28040797       196.92
        1.77     0.995313     28052683       213.33
        1.78     0.995703     28063705       232.73
        1.79     0.996094     28073671       256.00
        1.79     0.996289     28073671       269.47
        1.80     0.996484     28082717       284.44
        1.81     0.996680     28090810       301.18
        1.81     0.996875     28090810       320.00
        1.81     0.997070     28097969       341.33
        1.82     0.997266     28104354       365.71
        1.83     0.997461     28109951       393.85
        1.84     0.997656     28114860       426.67
        1.85     0.997852     28118918       465.45
        1.86     0.998047     28125003       512.00
        1.87     0.998145     28127132       538.95
        1.88     0.998242     28128989       568.89
        1.90     0.998340     28131632       602.35
        1.92     0.998437     28133965       640.00
        1.96     0.998535     28137011       682.67
        1.98     0.998633     28139440       731.43
        1.99     0.998730     28142674       787.69
        2.00     0.998828     28144981       853.33
        2.02     0.998926     28149813       930.91
        2.02     0.999023     28152320      1024.00
        2.02     0.999072     28152320      1077.89
        2.03     0.999121     28154555      1137.78
        2.03     0.999170     28154555      1204.71
        2.04     0.999219     28156849      1280.00
        2.05     0.999268     28159199      1365.33
        2.05     0.999316     28159199      1462.86
        2.06     0.999365     28163168      1575.38
        2.06     0.999414     28163168      1706.67
        2.06     0.999463     28163168      1861.82
        2.08     0.999512     28165943      2048.00
        2.08     0.999536     28165943      2155.79
        2.08     0.999561     28165943      2275.56
        2.08     0.999585     28165943      2409.41
        2.10     0.999609     28168272      2560.00
        2.10     0.999634     28168272      2730.67
        2.10     0.999658     28168272      2925.71
        2.11     0.999683     28169717      3150.77
        2.11     0.999707     28169717      3413.33
        2.13     0.999731     28170950      3723.64
        2.13     0.999756     28170950      4096.00
        2.14     0.999768     28171878      4311.58
        2.14     0.999780     28171878      4551.11
        2.14     0.999792     28171878      4818.82
        2.16     0.999805     28172255      5120.00
        2.19     0.999817     28172543      5461.33
        2.22     0.999829     28172849      5851.43
        2.30     0.999841     28173177      6301.54
        2.37     0.999854     28173531      6826.67
        2.42     0.999866     28173915      7447.27
        2.46     0.999878     28174236      8192.00
        2.50     0.999884     28174384      8623.16
        2.54     0.999890     28174523      9102.22
        2.62     0.999896     28174688      9637.65
        2.70     0.999902     28174883     10240.00
        2.77     0.999908     28175046     10922.67
        2.80     0.999915     28175221     11702.86
        2.83     0.999921     28175422     12603.08
        2.85     0.999927     28175555     13653.33
        2.86     0.999933     28175713     14894.55
        2.88     0.999939     28175887     16384.00
        2.90     0.999942     28176090     17246.32
        2.90     0.999945     28176090     18204.44
        2.91     0.999948     28176254     19275.29
        2.91     0.999951     28176254     20480.00
        2.93     0.999954     28176403     21845.33
        2.93     0.999957     28176403     23405.71
        2.94     0.999960     28176533     25206.15
        2.96     0.999963     28176663     27306.67
        2.96     0.999966     28176663     29789.09
        2.98     0.999969     28176754     32768.00
        2.99     0.999971     28176805     34492.63
        3.01     0.999973     28176842     36408.89
        3.02     0.999974     28176878     38550.59
        3.06     0.999976     28176919     40960.00
        3.10     0.999977     28176956     43690.67
        3.41     0.999979     28177006     46811.43
        3.44     0.999980     28177040     50412.31
        3.68     0.999982     28177085     54613.33
        3.97     0.999983     28177143     59578.18
        4.00     0.999985     28177174     65536.00
        4.01     0.999986     28177204     68985.26
        4.22     0.999986     28177216     72817.78
        4.35     0.999987     28177242     77101.18
        4.80     0.999988     28177272     81920.00
        4.83     0.999989     28177278     87381.33
        6.08     0.999989     28177305     93622.86
        6.14     0.999990     28177324    100824.62
        6.21     0.999991     28177345    109226.67
        6.30     0.999992     28177373    119156.36
        6.33     0.999992     28177385    131072.00
        6.37     0.999993     28177394    137970.53
       24.57     0.999993     28177494    145635.56
       24.57     0.999994     28177494    154202.35
       24.57     0.999994     28177494    163840.00
       24.57     0.999994     28177494    174762.67
       24.57     0.999995     28177494    187245.71
       24.57     0.999995     28177494    201649.23
       24.57     0.999995     28177494    218453.33
       24.57     0.999996     28177494    238312.73
       24.57     0.999996     28177494    262144.00
       25.09     0.999996     28177496    275941.05
       40.70     0.999997     28177591    291271.11
       40.70     0.999997     28177591    308404.71
       40.70     0.999997     28177591    327680.00
       40.70     0.999997     28177591    349525.33
       40.70     0.999997     28177591    374491.43
       40.70     0.999998     28177591    403298.46
       40.70     0.999998     28177591    436906.67
       40.70     0.999998     28177591    476625.45
       40.70     0.999998     28177591    524288.00
       40.70     0.999998     28177591    551882.11
       40.70     0.999998     28177591    582542.22
       40.70     0.999998     28177591    616809.41
       40.70     0.999998     28177591    655360.00
       40.70     0.999999     28177591    699050.67
       40.70     0.999999     28177591    748982.86
       40.70     0.999999     28177591    806596.92
       40.70     0.999999     28177591    873813.33
       40.70     0.999999     28177591    953250.91
       40.70     0.999999     28177591   1048576.00
       40.70     0.999999     28177591   1103764.21
       40.70     0.999999     28177591   1165084.44
       40.70     0.999999     28177591   1233618.82
       40.70     0.999999     28177591   1310720.00
       40.70     0.999999     28177591   1398101.33
       40.70     0.999999     28177591   1497965.71
       40.70     0.999999     28177591   1613193.85
       40.70     0.999999     28177591   1747626.67
       40.70     0.999999     28177591   1906501.82
       40.70     1.000000     28177591   2097152.00
       40.70     1.000000     28177591   2207528.42
       40.70     1.000000     28177591   2330168.89
       40.70     1.000000     28177591   2467237.65
       40.70     1.000000     28177591   2621440.00
       40.70     1.000000     28177591   2796202.67
       40.70     1.000000     28177591   2995931.43
       40.70     1.000000     28177591   3226387.69
       40.70     1.000000     28177591   3495253.33
       40.70     1.000000     28177591   3813003.64
       41.47     1.000000     28177595   4194304.00
       41.47     1.000000     28177595   4415056.84
       41.47     1.000000     28177595   4660337.78
       41.47     1.000000     28177595   4934475.29
       41.47     1.000000     28177595   5242880.00
       41.47     1.000000     28177595   5592405.33
       41.47     1.000000     28177595   5991862.86
       41.47     1.000000     28177595   6452775.39
       41.47     1.000000     28177595   6990506.67
       41.47     1.000000     28177595   7626007.28
       41.47     1.000000     28177595   8388608.00
       41.47     1.000000     28177595   8830113.68
       41.47     1.000000     28177595   9320675.55
       65.28     1.000000     28177598   9868950.59
       65.28     1.000000     28177598          inf
#[Mean    =        0.827, StdDeviation   =        0.232]
#[Max     =       65.279, Total count    =     28177598]
#[Buckets =           20, SubBuckets     =          256]
