       Value   Percentile   TotalCount 1/(1-Percentile)

        0.02     0.000000        11414         1.00
        0.38     0.050000       857833         1.05
        0.60     0.100000      1725230         1.11
        0.69     0.150000      2768053         1.18
        0.70     0.200000      3861924         1.25
        0.71     0.250000      4672967         1.33
        0.72     0.300000      5689556         1.43
        0.73     0.350000      6957027         1.54
        0.73     0.400000      6957027         1.67
        0.73     0.450000      8456765         1.82
        0.73     0.500000      8456765         2.00
        0.74     0.525000     10066947         2.11
        0.74     0.550000     10066947         2.22
        0.74     0.575000     10066947         2.35
        0.75     0.600000     11627098         2.50
        0.75     0.625000     11627098         2.67
        0.75     0.650000     11627098         2.86
        0.75     0.675000     11627098         3.08
        0.76     0.700000     12916364         3.33
        0.76     0.725000     12916364         3.64
        0.76     0.750000     12916364         4.00
        0.76     0.762500     12916364         4.21
        0.77     0.775000     13796301         4.44
        0.77     0.787500     13796301         4.71
        0.77     0.800000     13796301         5.00
        0.77     0.812500     13796301         5.33
        0.78     0.825000     14299471         5.71
        0.78     0.837500     14299471         6.15
        0.78     0.850000     14561205         6.67
        0.79     0.862500     14715493         7.27
        0.80     0.875000     14830460         8.00
        0.81     0.881250     14941275         8.42
        0.81     0.887500     15057748         8.89
        0.82     0.893750     15184027         9.41
        0.83     0.900000     15318470        10.00
        0.84     0.906250     15461036        10.67
        0.84     0.912500     15461036        11.43
        0.85     0.918750     15604099        12.31
        0.85     0.925000     15740604        13.33
        0.86     0.931250     15864250        14.55
        0.86     0.937500     15864250        16.00
        0.87     0.940625     15968612        16.84
        0.87     0.943750     15968612        17.78
        0.88     0.946875     16046952        18.82
        0.89     0.950000     16109246        20.00
        0.90     0.953125     16159096        21.33
        0.90     0.956250     16200093        22.86
        0.91     0.959375     16233325        24.62
        0.93     0.962500     16287481        26.67
        0.94     0.965625     16328054        29.09
        0.97     0.968750     16391710        32.00
        0.98     0.970313     16406017        33.68
        1.01     0.971875     16443506        35.56
        1.02     0.973437     16463577        37.65
        1.05     0.975000     16489567        40.00
        1.12     0.976562     16511562        42.67
        1.22     0.978125     16538030        45.71
        1.33     0.979688     16565686        49.23
        1.38     0.981250     16594727        53.33
        1.41     0.982812     16618905        58.18
        1.43     0.984375     16651110        64.00
        1.44     0.985156     16663832        67.37
        1.45     0.985938     16677846        71.11
        1.46     0.986719     16692824        75.29
        1.46     0.987500     16709276        80.00
        1.47     0.988281     16727051        85.33
        1.47     0.989062     16727051        91.43
        1.48     0.989844     16745914        98.46
        1.49     0.990625     16765615       106.67
        1.49     0.991406     16765615       116.36
        1.50     0.992188     16785016       128.00
        1.50     0.992578     16785016       134.74
        1.50     0.992969     16803411       142.22
        1.50     0.993359     16803411       150.59
        1.50     0.993750     16803411       160.00
        1.51     0.994141     16819242       170.67
        1.51     0.994531     16819242       182.86
        1.52     0.994922     16832595       196.92
        1.52     0.995313     16832595       213.33
        1.53     0.995703     16843243       232.73
        1.53     0.996094     16843243       256.00
        1.53     0.996289     16851495       269.47
        1.53     0.996484     16851495       284.44
        1.54     0.996680     16857589       301.18
        1.54     0.996875     16857589       320.00
        1.55     0.997070     16862082       341.33
        1.55     0.997266     16862082       365.71
        1.56     0.997461     16865330       393.85
        1.57     0.997656     16869648       426.67
        1.59     0.997852     16872921       465.45
        1.61     0.998047     16875964       512.00
        1.61     0.998145     16877422       538.95
        1.62     0.998242     16878893       568.89
        1.63     0.998340     16880381       602.35
        1.64     0.998437     16881804       640.00
        1.65     0.998535     16883268       682.67
        1.66     0.998633     16884720       731.43
        1.67     0.998730     16887663       787.69
        1.68     0.998828     16889167       853.33
        1.69     0.998926     16890637       930.91
        1.70     0.999023     16892168      1024.00
        1.70     0.999072     16892168      1077.89
        1.70     0.999121     16893641      1137.78
        1.71     0.999170     16895121      1204.71
        1.71     0.999219     16895121      1280.00
        1.72     0.999268     16896538      1365.33
        1.72     0.999316     16896538      1462.86
        1.73     0.999365     16897722      1575.38
        1.74     0.999414     16898866      1706.67
        1.74     0.999463     16898866      1861.82
        1.74     0.999512     16899845      2048.00
        1.75     0.999536     16900693      2155.79
        1.75     0.999561     16900693      2275.56
        1.76     0.999585     16901477      2409.41
        1.76     0.999609     16901477      2560.00
        1.77     0.999634     16902178      2730.67
        1.77     0.999658     16902178      2925.71
        1.77     0.999683     16902766      3150.77
        1.78     0.999707     16903238      3413.33
        1.78     0.999731     16903238      3723.64
        1.79     0.999756     16903682      4096.00
        1.80     0.999768     16904058      4311.58
        1.80     0.999780     16904058      4551.11
        1.81     0.999792     16904403      4818.82
        1.81     0.999805     16904733      5120.00
        1.81     0.999817     16904733      5461.33
        1.82     0.999829     16904999      5851.43
        1.83     0.999841     16905227      6301.54
        1.84     0.999854     16905421      6826.67
        1.85     0.999866     16905599      7447.27
        1.85     0.999878     16905770      8192.00
        1.86     0.999884     16905905      8623.16
        1.86     0.999890     16905905      9102.22
        1.87     0.999896     16906047      9637.65
        1.88     0.999902     16906175     10240.00
        1.89     0.999908     16906287     10922.67
        1.90     0.999915     16906365     11702.86
        1.90     0.999921     16906450     12603.08
        1.91     0.999927     16906535     13653.33
        1.92     0.999933     16906617     14894.55
        1.94     0.999939     16906756     16384.00
        1.94     0.999942     16906756     17246.32
        1.95     0.999945     16906846     18204.44
        1.96     0.999948     16906886     19275.29
        1.97     0.999951     16906929     20480.00
        1.98     0.999954     16906980     21845.33
        2.00     0.999957     16907015     23405.71
        2.04     0.999960     16907078     25206.15
        2.10     0.999963     16907138     27306.67
        2.11     0.999966     16907199     29789.09
        2.14     0.999969     16907226     32768.00
        2.17     0.999971     16907255     34492.63
        2.21     0.999973     16907284     36408.89
        2.22     0.999974     16907304     38550.59
        2.25     0.999976     16907340     40960.00
        2.27     0.999977     16907354     43690.67
        2.30     0.999979     16907377     46811.43
        2.37     0.999980     16907405     50412.31
        2.51     0.999982     16907427     54613.33
        2.75     0.999983     16907453     59578.18
        2.91     0.999985     16907509     65536.00
        2.91     0.999986     16907509     68985.26
        2.91     0.999986     16907509     72817.78
        3.10     0.999987     16907517     77101.18
        3.69     0.999988     16907531     81920.00
        4.93     0.999989     16907543     87381.33
        4.96     0.999989     16907570     93622.86
        4.96     0.999990     16907570    100824.62
        5.31     0.999991     16907610    109226.67
        5.31     0.999992     16907610    119156.36
        5.31     0.999992     16907610    131072.00
        5.38     0.999993     16907626    137970.53
        5.38     0.999993     16907626    145635.56
        5.63     0.999994     16907628    154202.35
        8.26     0.999994     16907685    163840.00
        8.26     0.999994     16907685    174762.67
        8.26     0.999995     16907685    187245.71
        8.26     0.999995     16907685    201649.23
        8.26     0.999995     16907685    218453.33
        8.26     0.999996     16907685    238312.73
        8.26     0.999996     16907685    262144.00
        8.26     0.999996     16907685    275941.05
        8.26     0.999997     16907685    291271.11
        8.26     0.999997     16907685    308404.71
        8.26     0.999997     16907685    327680.00
        8.32     0.999997     16907688    349525.33
      174.08     0.999997     16907734    374491.43
      174.08     0.999998     16907734    403298.46
      174.08     0.999998     16907734    436906.67
      174.08     0.999998     16907734    476625.45
      174.08     0.999998     16907734    524288.00
      174.08     0.999998     16907734    551882.11
      174.08     0.999998     16907734    582542.22
      174.08     0.999998     16907734    616809.41
      174.08     0.999998     16907734    655360.00
      174.08     0.999999     16907734    699050.67
      174.08     0.999999     16907734    748982.86
      174.08     0.999999     16907734    806596.92
      174.08     0.999999     16907734    873813.33
      174.08     0.999999     16907734    953250.91
      174.08     0.999999     16907734   1048576.00
      174.08     0.999999     16907734   1103764.21
      174.08     0.999999     16907734   1165084.44
      174.08     0.999999     16907734   1233618.82
      174.08     0.999999     16907734   1310720.00
      174.08     0.999999     16907734   1398101.33
      174.08     0.999999     16907734   1497965.71
      174.08     0.999999     16907734   1613193.85
      174.08     0.999999     16907734   1747626.67
      174.08     0.999999     16907734   1906501.82
      174.08     1.000000     16907734   2097152.00
      174.08     1.000000     16907734   2207528.42
      174.08     1.000000     16907734   2330168.89
      174.08     1.000000     16907734   2467237.65
      174.08     1.000000     16907734   2621440.00
      174.08     1.000000     16907734   2796202.67
      174.08     1.000000     16907734   2995931.43
      174.08     1.000000     16907734   3226387.69
      174.08     1.000000     16907734   3495253.33
      174.08     1.000000     16907734   3813003.64
      174.08     1.000000     16907734   4194304.00
      174.08     1.000000     16907734   4415056.84
      174.08     1.000000     16907734   4660337.78
      174.08     1.000000     16907734   4934475.29
      174.08     1.000000     16907734   5242880.00
      174.08     1.000000     16907734   5592405.33
      174.08     1.000000     16907734   5991862.86
      174.08     1.000000     16907734   6452775.39
      174.08     1.000000     16907734   6990506.67
      174.08     1.000000     16907734   7626007.28
      174.08     1.000000     16907734   8388608.00
      175.10     1.000000     16907735   8830113.68
      175.10     1.000000     16907735   9320675.55
      175.10     1.000000     16907735   9868950.59
      175.10     1.000000     16907735  10485760.00
      175.10     1.000000     16907735  11184810.67
      175.10     1.000000     16907735  11983725.71
      175.10     1.000000     16907735  12905550.76
      175.10     1.000000     16907735  13981013.34
      175.10     1.000000     16907735  15252014.55
      175.10     1.000000     16907735  16777216.00
      176.13     1.000000     16907736  17660227.38
      176.13     1.000000     16907736          inf
#[Mean    =        0.724, StdDeviation   =        0.339]
#[Max     =      176.127, Total count    =     16907736]
#[Buckets =           20, SubBuckets     =          256]
