dbsize
calls
1
histogram_usec
1
1
bgsave
calls
2
histogram_usec
135266
1
270532
2
get
calls
16908010
histogram_usec
1
12743042
2
16798578
4
16902216
8
16906874
16
16907585
33
16907990
66
16908004
264
16908007
528
16908010
info
calls
23
histogram_usec
33
21
264
23
ping
calls
1
histogram_usec
8
1
latency|histogram
calls
1
histogram_usec
132
1
latency|latest
calls
2
histogram_usec
4
2
set
calls
16908055
histogram_usec
1
13132201
2
16709240
4
16895714
8
16905584
16
16907608
33
16908031
66
16908049
264
16908053
528
16908054
1056
16908055
