bgsave
calls
2
histogram_usec
135266
1
270532
2
info
calls
23
histogram_usec
33
21
264
23
dbsize
calls
1
histogram_usec
1
1
set
calls
16908277
histogram_usec
1
13071992
2
16703446
4
16895622
8
16905717
16
16907799
33
16908263
66
16908272
132
16908273
264
16908275
528
16908276
1056
16908277
get
calls
16908217
histogram_usec
1
12670496
2
16789586
4
16902387
8
16906877
16
16907764
33
16908195
66
16908207
132
16908211
264
16908212
528
16908216
1056
16908217
latency|histogram
calls
1
histogram_usec
132
1
latency|latest
calls
2
histogram_usec
4
2
ping
calls
1
histogram_usec
8
1
