       Value   Percentile   TotalCount 1/(1-Percentile)

        0.02     0.000000         6853         1.00
        0.45     0.050000       711615         1.05
        0.70     0.100000      1434528         1.11
        0.78     0.150000      2392128         1.18
        0.79     0.200000      3220356         1.25
        0.80     0.250000      3795689         1.33
        0.81     0.300000      4464073         1.43
        0.81     0.350000      5213877         1.54
        0.82     0.400000      6033717         1.67
        0.83     0.450000      6885455         1.82
        0.84     0.500000      7730853         2.00
        0.84     0.525000      7730853         2.11
        0.85     0.550000      8543058         2.22
        0.85     0.575000      8543058         2.35
        0.85     0.600000      8543058         2.50
        0.85     0.625000      9304971         2.67
        0.85     0.650000      9304971         2.86
        0.86     0.675000      9995063         3.08
        0.86     0.700000      9995063         3.33
        0.87     0.725000     10609389         3.64
        0.87     0.750000     10609389         4.00
        0.88     0.762500     11148335         4.21
        0.88     0.775000     11148335         4.44
        0.88     0.787500     11148335         4.71
        0.89     0.800000     11610615         5.00
        0.89     0.812500     11610615         5.33
        0.90     0.825000     12000304         5.71
        0.90     0.837500     12000304         6.15
        0.90     0.850000     12000304         6.67
        0.90     0.862500     12320863         7.27
        0.91     0.875000     12587805         8.00
        0.91     0.881250     12587805         8.42
        0.91     0.887500     12587805         8.89
        0.92     0.893750     12803666         9.41
        0.92     0.900000     12803666        10.00
        0.92     0.906250     12803666        10.67
        0.93     0.912500     12975062        11.43
        0.93     0.918750     12975062        12.31
        0.94     0.925000     13106802        13.33
        0.94     0.931250     13205800        14.55
        0.95     0.937500     13282296        16.00
        0.95     0.940625     13282296        16.84
        0.96     0.943750     13341172        17.78
        0.97     0.946875     13384736        18.82
        0.97     0.950000     13418200        20.00
        0.98     0.953125     13442565        21.33
        1.00     0.956250     13478450        22.86
        1.03     0.959375     13520249        24.62
        1.09     0.962500     13566019        26.67
        1.14     0.965625     13609760        29.09
        1.19     0.968750     13654545        32.00
        1.22     0.970313     13676283        33.68
        1.24     0.971875     13695692        35.56
        1.27     0.973437     13717630        37.65
        1.31     0.975000     13738157        40.00
        1.40     0.976562     13761075        42.67
        1.53     0.978125     13784556        45.71
        1.57     0.979688     13805205        49.23
        1.60     0.981250     13832890        53.33
        1.61     0.982812     13850992        58.18
        1.63     0.984375     13871179        64.00
        1.64     0.985156     13882298        67.37
        1.65     0.985938     13893796        71.11
        1.66     0.986719     13905278        75.29
        1.66     0.987500     13916789        80.00
        1.67     0.988281     13928228        85.33
        1.68     0.989062     13939530        91.43
        1.69     0.989844     13950511        98.46
        1.70     0.990625     13961095       106.67
        1.70     0.991406     13970947       116.36
        1.71     0.992188     13980361       128.00
        1.72     0.992578     13989242       134.74
        1.73     0.992969     13997578       142.22
        1.73     0.993359     13997578       150.59
        1.74     0.993750     14005142       160.00
        1.74     0.994141     14012403       170.67
        1.75     0.994531     14018938       182.86
        1.75     0.994922     14018938       196.92
        1.76     0.995313     14025071       213.33
        1.77     0.995703     14030609       232.73
        1.77     0.996094     14035739       256.00
        1.78     0.996289     14040380       269.47
        1.79     0.996484     14044660       284.44
        1.79     0.996680     14044660       301.18
        1.80     0.996875     14048537       320.00
        1.81     0.997070     14051955       341.33
        1.81     0.997266     14051955       365.71
        1.81     0.997461     14055001       393.85
        1.82     0.997656     14057605       426.67
        1.84     0.997852     14061723       465.45
        1.85     0.998047     14063332       512.00
        1.85     0.998145     14064651       538.95
        1.86     0.998242     14065723       568.89
        1.88     0.998340     14067351       602.35
        1.90     0.998437     14068688       640.00
        1.94     0.998535     14070085       682.67
        1.96     0.998633     14071265       731.43
        1.98     0.998730     14073203       787.69
        1.99     0.998828     14074242       853.33
        2.00     0.998926     14075273       930.91
        2.02     0.999023     14077541      1024.00
        2.02     0.999072     14077541      1077.89
        2.02     0.999121     14078721      1137.78
        2.02     0.999170     14078721      1204.71
        2.03     0.999219     14079896      1280.00
        2.04     0.999268     14080987      1365.33
        2.04     0.999316     14080987      1462.86
        2.05     0.999365     14081868      1575.38
        2.06     0.999414     14083919      1706.67
        2.06     0.999463     14083919      1861.82
        2.06     0.999512     14083919      2048.00
        2.06     0.999536     14083919      2155.79
        2.08     0.999561     14085319      2275.56
        2.08     0.999585     14085319      2409.41
        2.08     0.999609     14085319      2560.00
        2.08     0.999634     14085319      2730.67
        2.10     0.999658     14086344      2925.71
        2.10     0.999683     14086344      3150.77
        2.10     0.999707     14086344      3413.33
        2.11     0.999731     14086991      3723.64
        2.11     0.999756     14086991      4096.00
        2.13     0.999768     14087418      4311.58
        2.13     0.999780     14087418      4551.11
        2.14     0.999792     14087865      4818.82
        2.14     0.999805     14087865      5120.00
        2.14     0.999817     14087865      5461.33
        2.16     0.999829     14088124      5851.43
        2.17     0.999841     14088218      6301.54
        2.22     0.999854     14088343      6826.67
        2.32     0.999866     14088506      7447.27
        2.38     0.999878     14088711      8192.00
        2.40     0.999884     14088779      8623.16
        2.42     0.999890     14088849      9102.22
        2.45     0.999896     14088946      9637.65
        2.48     0.999902     14089023     10240.00
        2.51     0.999908     14089101     10922.67
        2.58     0.999915     14089199     11702.86
        2.65     0.999921     14089271     12603.08
        2.72     0.999927     14089359     13653.33
        2.78     0.999933     14089459     14894.55
        2.81     0.999939     14089547     16384.00
        2.83     0.999942     14089600     17246.32
        2.85     0.999945     14089669     18204.44
        2.85     0.999948     14089669     19275.29
        2.86     0.999951     14089754     20480.00
        2.86     0.999954     14089754     21845.33
        2.88     0.999957     14089839     23405.71
        2.88     0.999960     14089839     25206.15
        2.90     0.999963     14089912     27306.67
        2.91     0.999966     14089988     29789.09
        2.91     0.999969     14089988     32768.00
        2.91     0.999971     14089988     34492.63
        2.93     0.999973     14090044     36408.89
        2.93     0.999974     14090044     38550.59
        2.93     0.999976     14090044     40960.00
        2.94     0.999977     14090089     43690.67
        2.94     0.999979     14090089     46811.43
        2.96     0.999980     14090124     50412.31
        2.98     0.999982     14090166     54613.33
        2.98     0.999983     14090166     59578.18
        2.99     0.999985     14090197     65536.00
        2.99     0.999986     14090197     68985.26
        2.99     0.999986     14090197     72817.78
        3.01     0.999987     14090224     77101.18
        3.01     0.999988     14090224     81920.00
        3.02     0.999989     14090245     87381.33
        3.02     0.999989     14090245     93622.86
        3.04     0.999990     14090259    100824.62
        3.04     0.999991     14090259    109226.67
        3.07     0.999992     14090275    119156.36
        3.10     0.999992     14090280    131072.00
        3.20     0.999993     14090285    137970.53
        3.26     0.999993     14090291    145635.56
        3.52     0.999994     14090296    154202.35
       29.31     0.999994     14090332    163840.00
       29.31     0.999994     14090332    174762.67
       29.31     0.999995     14090332    187245.71
       29.31     0.999995     14090332    201649.23
       29.31     0.999995     14090332    218453.33
       29.31     0.999996     14090332    238312.73
       32.64     0.999996     14090371    262144.00
       32.64     0.999996     14090371    275941.05
       32.64     0.999997     14090371    291271.11
       32.64     0.999997     14090371    308404.71
       32.64     0.999997     14090371    327680.00
       32.64     0.999997     14090371    349525.33
       32.64     0.999997     14090371    374491.43
       32.64     0.999998     14090371    403298.46
       32.64     0.999998     14090371    436906.67
       32.64     0.999998     14090371    476625.45
       32.64     0.999998     14090371    524288.00
       32.64     0.999998     14090371    551882.11
       32.64     0.999998     14090371    582542.22
       32.64     0.999998     14090371    616809.41
       32.64     0.999998     14090371    655360.00
       32.64     0.999999     14090371    699050.67
       32.64     0.999999     14090371    748982.86
       32.64     0.999999     14090371    806596.92
       32.64     0.999999     14090371    873813.33
       61.44     0.999999     14090386    953250.91
       61.44     0.999999     14090386   1048576.00
       61.44     0.999999     14090386   1103764.21
       61.44     0.999999     14090386   1165084.44
       61.44     0.999999     14090386   1233618.82
       61.44     0.999999     14090386   1310720.00
       61.44     0.999999     14090386   1398101.33
       61.44     0.999999     14090386   1497965.71
       61.44     0.999999     14090386   1613193.85
       61.44     0.999999     14090386   1747626.67
       61.44     0.999999     14090386   1906501.82
       61.44     1.000000     14090386   2097152.00
       61.44     1.000000     14090386   2207528.42
       61.44     1.000000     14090386   2330168.89
       61.44     1.000000     14090386   2467237.65
       61.44     1.000000     14090386   2621440.00
       61.44     1.000000     14090386   2796202.67
       61.44     1.000000     14090386   2995931.43
       61.44     1.000000     14090386   3226387.69
       61.44     1.000000     14090386   3495253.33
       61.44     1.000000     14090386   3813003.64
       61.44     1.000000     14090386   4194304.00
       61.44     1.000000     14090386   4415056.84
       61.44     1.000000     14090386   4660337.78
       61.44     1.000000     14090386   4934475.29
       61.44     1.000000     14090386   5242880.00
       61.44     1.000000     14090386   5592405.33
       61.44     1.000000     14090386   5991862.86
       61.44     1.000000     14090386   6452775.39
       61.44     1.000000     14090386   6990506.67
       61.44     1.000000     14090386   7626007.28
       61.44     1.000000     14090386   8388608.00
       61.44     1.000000     14090386   8830113.68
       61.44     1.000000     14090386   9320675.55
       61.44     1.000000     14090386   9868950.59
       61.44     1.000000     14090386  10485760.00
       61.44     1.000000     14090386  11184810.67
       61.44     1.000000     14090386  11983725.71
       61.44     1.000000     14090386  12905550.76
       61.44     1.000000     14090386  13981013.34
       61.95     1.000000     14090387  15252014.55
       61.95     1.000000     14090387          inf
#[Mean    =        0.823, StdDeviation   =        0.230]
#[Max     =       61.951, Total count    =     14090387]
#[Buckets =           20, SubBuckets     =          256]
