       Value   Percentile   TotalCount 1/(1-Percentile)

        0.02     0.000000         7261         1.00
        0.45     0.050000       714082         1.05
        0.69     0.100000      1424081         1.11
        0.77     0.150000      2186387         1.18
        0.78     0.200000      2853872         1.25
        0.80     0.250000      3907926         1.33
        0.81     0.300000      4580035         1.43
        0.81     0.350000      5334817         1.54
        0.82     0.400000      6140755         1.67
        0.83     0.450000      6974584         1.82
        0.84     0.500000      7812694         2.00
        0.84     0.525000      7812694         2.11
        0.84     0.550000      7812694         2.22
        0.85     0.575000      8616304         2.35
        0.85     0.600000      8616304         2.50
        0.85     0.625000      9359497         2.67
        0.85     0.650000      9359497         2.86
        0.86     0.675000     10035999         3.08
        0.86     0.700000     10035999         3.33
        0.87     0.725000     10638166         3.64
        0.87     0.750000     10638166         4.00
        0.88     0.762500     11169040         4.21
        0.88     0.775000     11169040         4.44
        0.88     0.787500     11169040         4.71
        0.89     0.800000     11623011         5.00
        0.89     0.812500     11623011         5.33
        0.90     0.825000     12006571         5.71
        0.90     0.837500     12006571         6.15
        0.90     0.850000     12006571         6.67
        0.90     0.862500     12328590         7.27
        0.91     0.875000     12597639         8.00
        0.91     0.881250     12597639         8.42
        0.91     0.887500     12597639         8.89
        0.91     0.893750     12597639         9.41
        0.92     0.900000     12811906        10.00
        0.92     0.906250     12811906        10.67
        0.93     0.912500     12982212        11.43
        0.93     0.918750     12982212        12.31
        0.94     0.925000     13114910        13.33
        0.94     0.931250     13214933        14.55
        0.94     0.937500     13214933        16.00
        0.95     0.940625     13289688        16.84
        0.96     0.943750     13347961        17.78
        0.96     0.946875     13347961        18.82
        0.97     0.950000     13391077        20.00
        0.98     0.953125     13447763        21.33
        1.00     0.956250     13483046        22.86
        1.03     0.959375     13523774        24.62
        1.08     0.962500     13562635        26.67
        1.14     0.965625     13611999        29.09
        1.19     0.968750     13655690        32.00
        1.22     0.970313     13676361        33.68
        1.24     0.971875     13694934        35.56
        1.28     0.973437     13719599        37.65
        1.33     0.975000     13740042        40.00
        1.44     0.976562     13760664        42.67
        1.53     0.978125     13782870        45.71
        1.57     0.979688     13807969        49.23
        1.60     0.981250     13830692        53.33
        1.61     0.982812     13849248        58.18
        1.63     0.984375     13870192        64.00
        1.65     0.985156     13892269        67.37
        1.65     0.985938     13892269        71.11
        1.66     0.986719     13903766        75.29
        1.66     0.987500     13915138        80.00
        1.67     0.988281     13926489        85.33
        1.68     0.989062     13937749        91.43
        1.69     0.989844     13948646        98.46
        1.70     0.990625     13958953       106.67
        1.71     0.991406     13978425       116.36
        1.72     0.992188     13987315       128.00
        1.72     0.992578     13987315       134.74
        1.73     0.992969     13995608       142.22
        1.74     0.993359     14003243       150.59
        1.74     0.993750     14003243       160.00
        1.74     0.994141     14010464       170.67
        1.75     0.994531     14017174       182.86
        1.76     0.994922     14023430       196.92
        1.77     0.995313     14029406       213.33
        1.77     0.995703     14034867       232.73
        1.78     0.996094     14039804       256.00
        1.78     0.996289     14039804       269.47
        1.79     0.996484     14044092       284.44
        1.79     0.996680     14044092       301.18
        1.80     0.996875     14048130       320.00
        1.81     0.997070     14051684       341.33
        1.81     0.997266     14054761       365.71
        1.81     0.997461     14054761       393.85
        1.82     0.997656     14057451       426.67
        1.84     0.997852     14061669       465.45
        1.85     0.998047     14063217       512.00
        1.85     0.998145     14064496       538.95
        1.86     0.998242     14065529       568.89
        1.88     0.998340     14067135       602.35
        1.90     0.998437     14068480       640.00
        1.94     0.998535     14069942       682.67
        1.97     0.998633     14071617       731.43
        1.98     0.998730     14073191       787.69
        1.99     0.998828     14074358       853.33
        2.00     0.998926     14075608       930.91
        2.01     0.999023     14076805      1024.00
        2.02     0.999072     14077904      1077.89
        2.02     0.999121     14078889      1137.78
        2.02     0.999170     14078889      1204.71
        2.03     0.999219     14080148      1280.00
        2.03     0.999268     14080148      1365.33
        2.04     0.999316     14081454      1462.86
        2.04     0.999365     14081454      1575.38
        2.05     0.999414     14082623      1706.67
        2.06     0.999463     14084484      1861.82
        2.06     0.999512     14084484      2048.00
        2.06     0.999536     14084484      2155.79
        2.06     0.999561     14084484      2275.56
        2.06     0.999585     14084484      2409.41
        2.08     0.999609     14085965      2560.00
        2.08     0.999634     14085965      2730.67
        2.08     0.999658     14085965      2925.71
        2.08     0.999683     14085965      3150.77
        2.10     0.999707     14086823      3413.33
        2.10     0.999731     14086823      3723.64
        2.11     0.999756     14087439      4096.00
        2.11     0.999768     14087439      4311.58
        2.11     0.999780     14087439      4551.11
        2.11     0.999792     14087439      4818.82
        2.13     0.999805     14087942      5120.00
        2.13     0.999817     14087942      5461.33
        2.13     0.999829     14087942      5851.43
        2.14     0.999841     14088175      6301.54
        2.16     0.999854     14088268      6826.67
        2.24     0.999866     14088430      7447.27
        2.32     0.999878     14088602      8192.00
        2.35     0.999884     14088680      8623.16
        2.38     0.999890     14088787      9102.22
        2.40     0.999896     14088834      9637.65
        2.43     0.999902     14088922     10240.00
        2.46     0.999908     14089041     10922.67
        2.50     0.999915     14089101     11702.86
        2.58     0.999921     14089172     12603.08
        2.75     0.999927     14089260     13653.33
        2.80     0.999933     14089351     14894.55
        2.83     0.999939     14089448     16384.00
        2.85     0.999942     14089507     17246.32
        2.86     0.999945     14089575     18204.44
        2.86     0.999948     14089575     19275.29
        2.88     0.999951     14089652     20480.00
        2.88     0.999954     14089652     21845.33
        2.90     0.999957     14089738     23405.71
        2.90     0.999960     14089738     25206.15
        2.91     0.999963     14089837     27306.67
        2.91     0.999966     14089837     29789.09
        2.93     0.999969     14089899     32768.00
        2.93     0.999971     14089899     34492.63
        2.94     0.999973     14089954     36408.89
        2.94     0.999974     14089954     38550.59
        2.94     0.999976     14089954     40960.00
        2.96     0.999977     14090021     43690.67
        2.96     0.999979     14090021     46811.43
        2.96     0.999980     14090021     50412.31
        2.98     0.999982     14090066     54613.33
        2.98     0.999983     14090066     59578.18
        2.99     0.999985     14090097     65536.00
        2.99     0.999986     14090097     68985.26
        2.99     0.999986     14090097     72817.78
        3.01     0.999987     14090113     77101.18
        3.02     0.999988     14090123     81920.00
        3.04     0.999989     14090132     87381.33
        3.09     0.999989     14090141     93622.86
        3.21     0.999990     14090175    100824.62
        3.21     0.999991     14090175    109226.67
        3.21     0.999992     14090175    119156.36
        3.46     0.999992     14090184    131072.00
        3.60     0.999993     14090188    137970.53
       18.30     0.999993     14090240    145635.56
       18.30     0.999994     14090240    154202.35
       18.30     0.999994     14090240    163840.00
       18.30     0.999994     14090240    174762.67
       18.30     0.999995     14090240    187245.71
       18.30     0.999995     14090240    201649.23
       18.30     0.999995     14090240    218453.33
       18.30     0.999996     14090240    238312.73
       18.30     0.999996     14090240    262144.00
       18.30     0.999996     14090240    275941.05
       19.20     0.999997     14090242    291271.11
       44.03     0.999997     14090272    308404.71
       44.03     0.999997     14090272    327680.00
       44.03     0.999997     14090272    349525.33
       44.03     0.999997     14090272    374491.43
       44.03     0.999998     14090272    403298.46
       44.03     0.999998     14090272    436906.67
       44.03     0.999998     14090272    476625.45
       44.03     0.999998     14090272    524288.00
       44.03     0.999998     14090272    551882.11
       44.03     0.999998     14090272    582542.22
       44.03     0.999998     14090272    616809.41
       44.03     0.999998     14090272    655360.00
       44.03     0.999999     14090272    699050.67
       44.03     0.999999     14090272    748982.86
       44.29     0.999999     14090278    806596.92
       44.29     0.999999     14090278    873813.33
       44.29     0.999999     14090278    953250.91
       44.29     0.999999     14090278   1048576.00
       44.29     0.999999     14090278   1103764.21
       44.29     0.999999     14090278   1165084.44
       44.54     0.999999     14090285   1233618.82
       44.54     0.999999     14090285   1310720.00
       44.54     0.999999     14090285   1398101.33
       44.54     0.999999     14090285   1497965.71
       44.54     0.999999     14090285   1613193.85
       44.54     0.999999     14090285   1747626.67
       44.54     0.999999     14090285   1906501.82
       44.54     1.000000     14090285   2097152.00
       44.54     1.000000     14090285   2207528.42
       44.54     1.000000     14090285   2330168.89
       44.54     1.000000     14090285   2467237.65
       44.54     1.000000     14090285   2621440.00
       44.54     1.000000     14090285   2796202.67
       44.80     1.000000     14090289   2995931.43
       44.80     1.000000     14090289   3226387.69
       44.80     1.000000     14090289   3495253.33
       44.80     1.000000     14090289   3813003.64
       44.80     1.000000     14090289   4194304.00
       44.80     1.000000     14090289   4415056.84
       44.80     1.000000     14090289   4660337.78
       44.80     1.000000     14090289   4934475.29
       44.80     1.000000     14090289   5242880.00
       44.80     1.000000     14090289   5592405.33
       44.80     1.000000     14090289   5991862.86
       44.80     1.000000     14090289   6452775.39
       44.80     1.000000     14090289   6990506.67
       44.80     1.000000     14090289   7626007.28
       44.80     1.000000     14090289   8388608.00
       44.80     1.000000     14090289   8830113.68
       44.80     1.000000     14090289   9320675.55
       44.80     1.000000     14090289   9868950.59
       44.80     1.000000     14090289  10485760.00
       44.80     1.000000     14090289  11184810.67
       44.80     1.000000     14090289  11983725.71
       44.80     1.000000     14090289  12905550.76
       44.80     1.000000     14090289  13981013.34
       61.95     1.000000     14090290  15252014.55
       61.95     1.000000     14090290          inf
#[Mean    =        0.822, StdDeviation   =        0.230]
#[Max     =       61.951, Total count    =     14090290]
#[Buckets =           20, SubBuckets     =          256]
