       Value   Percentile   TotalCount 1/(1-Percentile)

        0.02     0.000000         1395         1.00
        0.44     0.050000       710434         1.05
        0.69     0.100000      1418220         1.11
        0.77     0.150000      2130427         1.18
        0.79     0.200000      3198972         1.25
        0.80     0.250000      3747338         1.33
        0.81     0.300000      4389944         1.43
        0.81     0.350000      5118955         1.54
        0.82     0.400000      5902654         1.67
        0.83     0.450000      6720535         1.82
        0.84     0.500000      7548026         2.00
        0.84     0.525000      7548026         2.11
        0.85     0.550000      8347191         2.22
        0.85     0.575000      8347191         2.35
        0.85     0.600000      9095971         2.50
        0.85     0.625000      9095971         2.67
        0.86     0.650000      9782037         2.86
        0.86     0.675000      9782037         3.08
        0.87     0.700000     10400412         3.33
        0.87     0.725000     10400412         3.64
        0.88     0.750000     10948844         4.00
        0.88     0.762500     10948844         4.21
        0.88     0.775000     10948844         4.44
        0.89     0.787500     11420929         4.71
        0.89     0.800000     11420929         5.00
        0.90     0.812500     11822205         5.33
        0.90     0.825000     11822205         5.71
        0.90     0.837500     11822205         6.15
        0.90     0.850000     12162928         6.67
        0.90     0.862500     12162928         7.27
        0.91     0.875000     12450438         8.00
        0.91     0.881250     12450438         8.42
        0.92     0.887500     12681949         8.89
        0.92     0.893750     12681949         9.41
        0.92     0.900000     12681949        10.00
        0.93     0.906250     12867897        10.67
        0.93     0.912500     12867897        11.43
        0.94     0.918750     13014927        12.31
        0.94     0.925000     13126154        13.33
        0.94     0.931250     13126154        14.55
        0.95     0.937500     13210107        16.00
        0.96     0.940625     13276810        16.84
        0.97     0.943750     13325983        17.78
        0.97     0.946875     13362333        18.82
        0.98     0.950000     13390862        20.00
        1.00     0.953125     13430526        21.33
        1.03     0.956250     13475897        22.86
        1.08     0.959375     13518400        24.62
        1.14     0.962500     13564079        26.67
        1.18     0.965625     13611275        29.09
        1.22     0.968750     13650493        32.00
        1.25     0.970313     13676524        33.68
        1.29     0.971875     13697040        35.56
        1.33     0.973437     13718859        37.65
        1.43     0.975000     13738726        40.00
        1.53     0.976562     13762679        42.67
        1.57     0.978125     13787746        45.71
        1.60     0.979688     13810748        49.23
        1.61     0.981250     13829762        53.33
        1.63     0.982812     13851136        58.18
        1.65     0.984375     13874408        64.00
        1.66     0.985156     13886427        67.37
        1.66     0.985938     13898705        71.11
        1.67     0.986719     13910822        75.29
        1.68     0.987500     13922945        80.00
        1.69     0.988281     13934909        85.33
        1.70     0.989062     13946280        91.43
        1.70     0.989844     13956943        98.46
        1.71     0.990625     13967059       106.67
        1.72     0.991406     13976647       116.36
        1.73     0.992188     13985832       128.00
        1.73     0.992578     13985832       134.74
        1.74     0.992969     13994310       142.22
        1.74     0.993359     14002383       150.59
        1.74     0.993750     14002383       160.00
        1.75     0.994141     14009691       170.67
        1.76     0.994531     14016687       182.86
        1.77     0.994922     14023324       196.92
        1.77     0.995313     14029406       213.33
        1.78     0.995703     14034931       232.73
        1.79     0.996094     14039920       256.00
        1.79     0.996289     14039920       269.47
        1.80     0.996484     14044399       284.44
        1.80     0.996680     14044399       301.18
        1.81     0.996875     14048432       320.00
        1.81     0.997070     14052030       341.33
        1.81     0.997266     14052030       365.71
        1.82     0.997461     14055101       393.85
        1.83     0.997656     14057744       426.67
        1.85     0.997852     14061915       465.45
        1.85     0.998047     14063389       512.00
        1.86     0.998145     14064657       538.95
        1.87     0.998242     14065743       568.89
        1.89     0.998340     14067239       602.35
        1.91     0.998437     14068586       640.00
        1.94     0.998535     14069754       682.67
        1.97     0.998633     14071212       731.43
        1.98     0.998730     14072735       787.69
        2.00     0.998828     14074992       853.33
        2.01     0.998926     14076139       930.91
        2.02     0.999023     14077250      1024.00
        2.02     0.999072     14078214      1077.89
        2.02     0.999121     14078214      1137.78
        2.03     0.999170     14079614      1204.71
        2.03     0.999219     14079614      1280.00
        2.04     0.999268     14080929      1365.33
        2.04     0.999316     14080929      1462.86
        2.05     0.999365     14082107      1575.38
        2.05     0.999414     14082107      1706.67
        2.06     0.999463     14083957      1861.82
        2.06     0.999512     14083957      2048.00
        2.06     0.999536     14083957      2155.79
        2.08     0.999561     14085473      2275.56
        2.08     0.999585     14085473      2409.41
        2.08     0.999609     14085473      2560.00
        2.08     0.999634     14085473      2730.67
        2.10     0.999658     14086455      2925.71
        2.10     0.999683     14086455      3150.77
        2.10     0.999707     14086455      3413.33
        2.11     0.999731     14087160      3723.64
        2.11     0.999756     14087160      4096.00
        2.11     0.999768     14087160      4311.58
        2.13     0.999780     14087747      4551.11
        2.13     0.999792     14087747      4818.82
        2.13     0.999805     14087747      5120.00
        2.14     0.999817     14088005      5461.33
        2.14     0.999829     14088005      5851.43
        2.16     0.999841     14088114      6301.54
        2.24     0.999854     14088317      6826.67
        2.32     0.999866     14088476      7447.27
        2.38     0.999878     14088671      8192.00
        2.40     0.999884     14088751      8623.16
        2.42     0.999890     14088796      9102.22
        2.45     0.999896     14088911      9637.65
        2.46     0.999902     14088991     10240.00
        2.50     0.999908     14089050     10922.67
        2.58     0.999915     14089142     11702.86
        2.73     0.999921     14089225     12603.08
        2.80     0.999927     14089333     13653.33
        2.83     0.999933     14089431     14894.55
        2.85     0.999939     14089492     16384.00
        2.86     0.999942     14089577     17246.32
        2.86     0.999945     14089577     18204.44
        2.88     0.999948     14089663     19275.29
        2.88     0.999951     14089663     20480.00
        2.90     0.999954     14089746     21845.33
        2.90     0.999957     14089746     23405.71
        2.91     0.999960     14089824     25206.15
        2.91     0.999963     14089824     27306.67
        2.93     0.999966     14089901     29789.09
        2.94     0.999969     14089979     32768.00
        2.94     0.999971     14089979     34492.63
        2.94     0.999973     14089979     36408.89
        2.94     0.999974     14089979     38550.59
        2.96     0.999976     14090041     40960.00
        2.96     0.999977     14090041     43690.67
        2.96     0.999979     14090041     46811.43
        2.98     0.999980     14090096     50412.31
        2.98     0.999982     14090096     54613.33
        2.99     0.999983     14090121     59578.18
        3.01     0.999985     14090147     65536.00
        3.01     0.999986     14090147     68985.26
        3.01     0.999986     14090147     72817.78
        3.02     0.999987     14090158     77101.18
        3.06     0.999988     14090177     81920.00
        3.07     0.999989     14090180     87381.33
        3.21     0.999989     14090221     93622.86
        3.21     0.999990     14090221    100824.62
        3.21     0.999991     14090221    109226.67
        3.23     0.999992     14090222    119156.36
        3.49     0.999992     14090234    131072.00
        3.54     0.999993     14090238    137970.53
       18.30     0.999993     14090287    145635.56
       18.30     0.999994     14090287    154202.35
       18.30     0.999994     14090287    163840.00
       18.30     0.999994     14090287    174762.67
       18.30     0.999995     14090287    187245.71
       18.30     0.999995     14090287    201649.23
       18.30     0.999995     14090287    218453.33
       18.30     0.999996     14090287    238312.73
       18.30     0.999996     14090287    262144.00
       44.03     0.999996     14090328    275941.05
       44.03     0.999997     14090328    291271.11
       44.03     0.999997     14090328    308404.71
       44.03     0.999997     14090328    327680.00
       44.03     0.999997     14090328    349525.33
       44.03     0.999997     14090328    374491.43
       44.03     0.999998     14090328    403298.46
       44.03     0.999998     14090328    436906.67
       44.03     0.999998     14090328    476625.45
       44.03     0.999998     14090328    524288.00
       44.03     0.999998     14090328    551882.11
       44.03     0.999998     14090328    582542.22
       44.03     0.999998     14090328    616809.41
       44.03     0.999998     14090328    655360.00
       44.03     0.999999     14090328    699050.67
       44.03     0.999999     14090328    748982.86
       44.03     0.999999     14090328    806596.92
       44.03     0.999999     14090328    873813.33
       44.03     0.999999     14090328    953250.91
       44.03     0.999999     14090328   1048576.00
       44.03     0.999999     14090328   1103764.21
       44.03     0.999999     14090328   1165084.44
       44.29     0.999999     14090332   1233618.82
       44.29     0.999999     14090332   1310720.00
       44.29     0.999999     14090332   1398101.33
       44.29     0.999999     14090332   1497965.71
       44.29     0.999999     14090332   1613193.85
       44.29     0.999999     14090332   1747626.67
       44.54     0.999999     14090335   1906501.82
       44.54     1.000000     14090335   2097152.00
       44.54     1.000000     14090335   2207528.42
       44.54     1.000000     14090335   2330168.89
       44.54     1.000000     14090335   2467237.65
       44.54     1.000000     14090335   2621440.00
       44.54     1.000000     14090335   2796202.67
       44.80     1.000000     14090338   2995931.43
       44.80     1.000000     14090338   3226387.69
       44.80     1.000000     14090338   3495253.33
       44.80     1.000000     14090338   3813003.64
       44.80     1.000000     14090338   4194304.00
       44.80     1.000000     14090338   4415056.84
       44.80     1.000000     14090338   4660337.78
       44.80     1.000000     14090338   4934475.29
       44.80     1.000000     14090338   5242880.00
       44.80     1.000000     14090338   5592405.33
       44.80     1.000000     14090338   5991862.86
       44.80     1.000000     14090338   6452775.39
       44.80     1.000000     14090338   6990506.67
       61.95     1.000000     14090339   7626007.28
       61.95     1.000000     14090339   8388608.00
       61.95     1.000000     14090339   8830113.68
       61.95     1.000000     14090339   9320675.55
       61.95     1.000000     14090339   9868950.59
       61.95     1.000000     14090339  10485760.00
       61.95     1.000000     14090339  11184810.67
       61.95     1.000000     14090339  11983725.71
       61.95     1.000000     14090339  12905550.76
       61.95     1.000000     14090339  13981013.34
       62.21     1.000000     14090340  15252014.55
       62.21     1.000000     14090340          inf
#[Mean    =        0.826, StdDeviation   =        0.234]
#[Max     =       62.207, Total count    =     14090340]
#[Buckets =           20, SubBuckets     =          256]
