       Value   Percentile   TotalCount 1/(1-Percentile)

        0.29     0.000000            6         1.00
        1.82     0.050000      6500454         1.05
        1.85     0.100000     11481327         1.11
        1.89     0.150000     18226974         1.18
        1.91     0.200000     24176153         1.25
        1.94     0.250000     30481005         1.33
        1.95     0.300000     34698749         1.43
        1.98     0.350000     40700658         1.54
        2.00     0.400000     46079888         1.67
        2.03     0.450000     51960386         1.82
        2.08     0.500000     57883665         2.00
        2.11     0.525000     60207148         2.11
        2.21     0.550000     62945790         2.22
        2.86     0.575000     65828983         2.35
        2.96     0.600000     68905928         2.50
        3.02     0.625000     72159309         2.67
        3.06     0.650000     74189261         2.86
        3.10     0.675000     77716121         3.08
        3.13     0.700000     80355260         3.33
        3.17     0.725000     83156772         3.64
        3.20     0.750000     86044435         4.00
        3.21     0.762500     87478079         4.21
        3.23     0.775000     88896642         4.44
        3.25     0.787500     90268332         4.71
        3.26     0.800000     91588512         5.00
        3.28     0.812500     92847188         5.33
        3.31     0.825000     95159067         5.71
        3.33     0.837500     96214985         6.15
        3.34     0.850000     97209255         6.67
        3.38     0.862500     99084334         7.27
        3.39     0.875000     99988641         8.00
        3.41     0.881250    100894330         8.42
        3.42     0.887500    101794249         8.89
        3.44     0.893750    102709414         9.41
        3.44     0.900000    102709414        10.00
        3.46     0.906250    103629941        10.67
        3.47     0.912500    104554617        11.43
        3.49     0.918750    105479838        12.31
        3.50     0.925000    106379392        13.33
        3.50     0.931250    106379392        14.55
        3.52     0.937500    107248919        16.00
        3.54     0.940625    108065404        16.84
        3.54     0.943750    108065404        17.78
        3.54     0.946875    108065404        18.82
        3.55     0.950000    108820403        20.00
        3.55     0.953125    108820403        21.33
        3.57     0.956250    109497621        22.86
        3.57     0.959375    109497621        24.62
        3.58     0.962500    110106371        26.67
        3.60     0.965625    110642239        29.09
        3.60     0.968750    110642239        32.00
        3.62     0.970313    111106245        33.68
        3.62     0.971875    111106245        35.56
        3.62     0.973437    111106245        37.65
        3.63     0.975000    111507039        40.00
        3.63     0.976562    111507039        42.67
        3.65     0.978125    111845358        45.71
        3.65     0.979688    111845358        49.23
        3.66     0.981250    112132862        53.33
        3.68     0.982812    112375106        58.18
        3.68     0.984375    112375106        64.00
        3.69     0.985156    112585226        67.37
        3.69     0.985938    112585226        71.11
        3.71     0.986719    112765018        75.29
        3.71     0.987500    112765018        80.00
        3.73     0.988281    112922924        85.33
        3.73     0.989062    112922924        91.43
        3.74     0.989844    113063449        98.46
        3.74     0.990625    113063449       106.67
        3.76     0.991406    113189555       116.36
        3.77     0.992188    113304151       128.00
        3.77     0.992578    113304151       134.74
        3.79     0.992969    113406139       142.22
        3.79     0.993359    113406139       150.59
        3.79     0.993750    113406139       160.00
        3.81     0.994141    113499257       170.67
        3.81     0.994531    113499257       182.86
        3.82     0.994922    113583511       196.92
        3.82     0.995313    113583511       213.33
        3.84     0.995703    113658136       232.73
        3.85     0.996094    113725540       256.00
        3.85     0.996289    113725540       269.47
        3.85     0.996484    113725540       284.44
        3.87     0.996680    113783904       301.18
        3.87     0.996875    113783904       320.00
        3.87     0.997070    113783904       341.33
        3.89     0.997266    113836465       365.71
        3.89     0.997461    113836465       393.85
        3.90     0.997656    113881912       426.67
        3.90     0.997852    113881912       465.45
        3.92     0.998047    113920009       512.00
        3.92     0.998145    113920009       538.95
        3.92     0.998242    113920009       568.89
        3.94     0.998340    113950607       602.35
        3.94     0.998437    113950607       640.00
        3.94     0.998535    113950607       682.67
        3.95     0.998633    113976534       731.43
        3.95     0.998730    113976534       787.69
        3.97     0.998828    113997483       853.33
        3.97     0.998926    113997483       930.91
        3.98     0.999023    114015397      1024.00
        3.98     0.999072    114015397      1077.89
        3.98     0.999121    114015397      1137.78
        4.00     0.999170    114029261      1204.71
        4.00     0.999219    114029261      1280.00
        4.00     0.999268    114029261      1365.33
        4.01     0.999316    114040831      1462.86
        4.01     0.999365    114040831      1575.38
        4.03     0.999414    114050185      1706.67
        4.05     0.999463    114057227      1861.82
        4.05     0.999512    114057227      2048.00
        4.06     0.999536    114062742      2155.79
        4.06     0.999561    114062742      2275.56
        4.08     0.999585    114067473      2409.41
        4.09     0.999609    114071646      2560.00
        4.09     0.999634    114071646      2730.67
        4.13     0.999658    114077524      2925.71
        4.13     0.999683    114077524      3150.77
        4.16     0.999707    114081455      3413.33
        4.19     0.999731    114084946      3723.64
        4.19     0.999756    114084946      4096.00
        4.22     0.999768    114087633      4311.58
        4.25     0.999780    114089970      4551.11
        4.25     0.999792    114089970      4818.82
        4.29     0.999805    114092054      5120.00
        4.29     0.999817    114092054      5461.33
        4.32     0.999829    114094068      5851.43
        4.35     0.999841    114095791      6301.54
        4.38     0.999854    114097424      6826.67
        4.38     0.999866    114097424      7447.27
        4.42     0.999878    114098955      8192.00
        4.45     0.999884    114100266      8623.16
        4.45     0.999890    114100266      9102.22
        4.48     0.999896    114101386      9637.65
        4.51     0.999902    114102549     10240.00
        4.51     0.999908    114102549     10922.67
        4.54     0.999915    114103568     11702.86
        4.58     0.999921    114104634     12603.08
        4.58     0.999927    114104634     13653.33
        4.61     0.999933    114105480     14894.55
        4.64     0.999939    114106198     16384.00
        4.64     0.999942    114106198     17246.32
        4.67     0.999945    114106856     18204.44
        4.67     0.999948    114106856     19275.29
        4.70     0.999951    114107607     20480.00
        4.70     0.999954    114107607     21845.33
        4.74     0.999957    114108427     23405.71
        4.74     0.999960    114108427     25206.15
        4.77     0.999963    114108981     27306.67
        4.77     0.999966    114108981     29789.09
        4.80     0.999969    114109515     32768.00
        4.80     0.999971    114109515     34492.63
        4.83     0.999973    114109887     36408.89
        4.83     0.999974    114109887     38550.59
        4.86     0.999976    114110183     40960.00
        4.86     0.999977    114110183     43690.67
        4.89     0.999979    114110490     46811.43
        4.89     0.999980    114110490     50412.31
        4.93     0.999982    114110773     54613.33
        4.96     0.999983    114110971     59578.18
        4.99     0.999985    114111154     65536.00
        4.99     0.999986    114111154     68985.26
        5.02     0.999986    114111332     72817.78
        5.02     0.999987    114111332     77101.18
        5.05     0.999988    114111487     81920.00
        5.05     0.999989    114111487     87381.33
        5.09     0.999989    114111670     93622.86
        5.09     0.999990    114111670    100824.62
        5.12     0.999991    114111779    109226.67
        5.12     0.999992    114111779    119156.36
        5.15     0.999992    114111906    131072.00
        5.18     0.999993    114112022    137970.53
        5.18     0.999993    114112022    145635.56
        5.18     0.999994    114112022    154202.35
        5.21     0.999994    114112128    163840.00
        5.21     0.999994    114112128    174762.67
        5.21     0.999995    114112128    187245.71
        5.25     0.999995    114112244    201649.23
        5.25     0.999995    114112244    218453.33
        5.28     0.999996    114112316    238312.73
        5.28     0.999996    114112316    262144.00
        5.31     0.999996    114112364    275941.05
        5.31     0.999997    114112364    291271.11
        5.31     0.999997    114112364    308404.71
        5.34     0.999997    114112430    327680.00
        5.34     0.999997    114112430    349525.33
        5.34     0.999997    114112430    374491.43
        5.38     0.999998    114112464    403298.46
        5.41     0.999998    114112490    436906.67
        5.44     0.999998    114112558    476625.45
        5.44     0.999998    114112558    524288.00
        5.44     0.999998    114112558    551882.11
        5.44     0.999998    114112558    582542.22
        5.44     0.999998    114112558    616809.41
        5.47     0.999998    114112590    655360.00
        5.47     0.999999    114112590    699050.67
        5.47     0.999999    114112590    748982.86
        5.50     0.999999    114112620    806596.92
        5.50     0.999999    114112620    873813.33
        5.50     0.999999    114112620    953250.91
        5.54     0.999999    114112654   1048576.00
        5.54     0.999999    114112654   1103764.21
        5.54     0.999999    114112654   1165084.44
        5.54     0.999999    114112654   1233618.82
        5.54     0.999999    114112654   1310720.00
        5.54     0.999999    114112654   1398101.33
        5.57     0.999999    114112676   1497965.71
        5.57     0.999999    114112676   1613193.85
        5.57     0.999999    114112676   1747626.67
        5.57     0.999999    114112676   1906501.82
        5.60     1.000000    114112684   2097152.00
        5.60     1.000000    114112684   2207528.42
        5.63     1.000000    114112694   2330168.89
        5.63     1.000000    114112694   2467237.65
        5.63     1.000000    114112694   2621440.00
        5.63     1.000000    114112694   2796202.67
        5.66     1.000000    114112714   2995931.43
        5.66     1.000000    114112714   3226387.69
        5.66     1.000000    114112714   3495253.33
        5.66     1.000000    114112714   3813003.64
        5.66     1.000000    114112714   4194304.00
        5.66     1.000000    114112714   4415056.84
        5.66     1.000000    114112714   4660337.78
        5.66     1.000000    114112714   4934475.29
        5.66     1.000000    114112714   5242880.00
        5.66     1.000000    114112714   5592405.33
        5.70     1.000000    114112718   5991862.86
        5.70     1.000000    114112718   6452775.39
        5.70     1.000000    114112718   6990506.67
        5.73     1.000000    114112724   7626007.28
        5.73     1.000000    114112724   8388608.00
        5.73     1.000000    114112724   8830113.68
        5.73     1.000000    114112724   9320675.55
        5.73     1.000000    114112724   9868950.59
        5.73     1.000000    114112724  10485760.00
        5.73     1.000000    114112724  11184810.67
        5.76     1.000000    114112732  11983725.71
        5.76     1.000000    114112732  12905550.76
        5.76     1.000000    114112732  13981013.34
        5.76     1.000000    114112732  15252014.55
        5.76     1.000000    114112732  16777216.00
        5.76     1.000000    114112732  17660227.38
        5.76     1.000000    114112732  18641351.10
        5.76     1.000000    114112732  19737901.19
        5.76     1.000000    114112732  20971519.98
        5.76     1.000000    114112732  22369621.33
        5.76     1.000000    114112732  23967451.45
        5.76     1.000000    114112732  25811101.52
        5.76     1.000000    114112732  27962026.68
        5.76     1.000000    114112732  30504029.05
        5.76     1.000000    114112732  33554432.00
        5.76     1.000000    114112732  35320454.76
        5.76     1.000000    114112732  37282702.28
        5.76     1.000000    114112732  39475802.28
        5.76     1.000000    114112732  41943039.96
        5.76     1.000000    114112732  44739242.67
        5.76     1.000000    114112732  47934902.91
        5.76     1.000000    114112732  51622203.20
        5.76     1.000000    114112732  55924053.19
        5.86     1.000000    114112734  61008058.10
        5.86     1.000000    114112734          inf
#[Mean    =        2.522, StdDeviation   =        0.671]
#[Max     =        5.855, Total count    =    114112734]
#[Buckets =           20, SubBuckets     =          256]
