       Value   Percentile   TotalCount 1/(1-Percentile)

        0.02     0.000000        15558         1.00
        0.33     0.050000      1310795         1.05
        0.55     0.100000      2568866         1.11
        0.66     0.150000      4126475         1.18
        0.68     0.200000      5821063         1.25
        0.69     0.250000      7055714         1.33
        0.69     0.300000      8517271         1.43
        0.70     0.350000     10250774         1.54
        0.71     0.400000     12321120         1.67
        0.71     0.450000     12321120         1.82
        0.72     0.500000     14824824         2.00
        0.72     0.525000     14824824         2.11
        0.72     0.550000     14824824         2.22
        0.72     0.575000     14824824         2.35
        0.73     0.600000     17820184         2.50
        0.73     0.625000     17820184         2.67
        0.73     0.650000     17820184         2.86
        0.73     0.675000     17820184         3.08
        0.73     0.700000     20747956         3.33
        0.73     0.725000     20747956         3.64
        0.73     0.750000     20747956         4.00
        0.73     0.762500     20747956         4.21
        0.73     0.775000     20747956         4.44
        0.73     0.787500     20747956         4.71
        0.73     0.800000     20747956         5.00
        0.74     0.812500     22693575         5.33
        0.74     0.825000     22693575         5.71
        0.74     0.837500     22693575         6.15
        0.74     0.850000     22693575         6.67
        0.74     0.862500     22693575         7.27
        0.74     0.875000     22693575         8.00
        0.74     0.881250     22693575         8.42
        0.75     0.887500     23639451         8.89
        0.75     0.893750     23639451         9.41
        0.75     0.900000     23639451        10.00
        0.75     0.906250     23639451        10.67
        0.75     0.912500     23639451        11.43
        0.75     0.918750     23639451        12.31
        0.76     0.925000     24037358        13.33
        0.76     0.931250     24037358        14.55
        0.76     0.937500     24037358        16.00
        0.77     0.940625     24210819        16.84
        0.77     0.943750     24210819        17.78
        0.78     0.946875     24304782        18.82
        0.78     0.950000     24371548        20.00
        0.80     0.953125     24469754        21.33
        0.81     0.956250     24541912        22.86
        0.83     0.959375     24600321        24.62
        0.85     0.962500     24704666        26.67
        0.88     0.965625     24771656        29.09
        0.92     0.968750     24847582        32.00
        0.94     0.970313     24884807        33.68
        0.95     0.971875     24922837        35.56
        0.97     0.973437     24957140        37.65
        0.99     0.975000     25000083        40.00
        1.03     0.976562     25039966        42.67
        1.15     0.978125     25078064        45.71
        1.29     0.979688     25119002        49.23
        1.33     0.981250     25163908        53.33
        1.36     0.982812     25205793        58.18
        1.38     0.984375     25238951        64.00
        1.39     0.985156     25275801        67.37
        1.40     0.985938     25295835        71.11
        1.41     0.986719     25317355        75.29
        1.41     0.987500     25317355        80.00
        1.42     0.988281     25340419        85.33
        1.42     0.989062     25364892        91.43
        1.43     0.989844     25391154        98.46
        1.44     0.990625     25419751       106.67
        1.44     0.991406     25419751       116.36
        1.45     0.992188     25450919       128.00
        1.45     0.992578     25450919       134.74
        1.46     0.992969     25484322       142.22
        1.46     0.993359     25484322       150.59
        1.46     0.993750     25484322       160.00
        1.46     0.994141     25517918       170.67
        1.46     0.994531     25517918       182.86
        1.46     0.994922     25517918       196.92
        1.46     0.995313     25517918       213.33
        1.47     0.995703     25548560       232.73
        1.47     0.996094     25548560       256.00
        1.47     0.996289     25548560       269.47
        1.47     0.996484     25548560       284.44
        1.48     0.996680     25574039       301.18
        1.48     0.996875     25574039       320.00
        1.48     0.997070     25574039       341.33
        1.48     0.997266     25574039       365.71
        1.48     0.997461     25574039       393.85
        1.49     0.997656     25593543       426.67
        1.49     0.997852     25593543       465.45
        1.49     0.998047     25593543       512.00
        1.49     0.998145     25593543       538.95
        1.49     0.998242     25593543       568.89
        1.50     0.998340     25607068       602.35
        1.50     0.998437     25607068       640.00
        1.50     0.998535     25607068       682.67
        1.50     0.998633     25607068       731.43
        1.50     0.998730     25607068       787.69
        1.50     0.998828     25615713       853.33
        1.50     0.998926     25615713       930.91
        1.50     0.999023     25615713      1024.00
        1.50     0.999072     25615713      1077.89
        1.50     0.999121     25615713      1137.78
        1.51     0.999170     25621061      1204.71
        1.51     0.999219     25621061      1280.00
        1.51     0.999268     25621061      1365.33
        1.51     0.999316     25621061      1462.86
        1.52     0.999365     25624557      1575.38
        1.52     0.999414     25624557      1706.67
        1.52     0.999463     25624557      1861.82
        1.53     0.999512     25626794      2048.00
        1.53     0.999536     25626794      2155.79
        1.53     0.999561     25626794      2275.56
        1.53     0.999585     25626794      2409.41
        1.53     0.999609     25628409      2560.00
        1.53     0.999634     25628409      2730.67
        1.54     0.999658     25629739      2925.71
        1.54     0.999683     25629739      3150.77
        1.55     0.999707     25630744      3413.33
        1.55     0.999731     25630744      3723.64
        1.56     0.999756     25631580      4096.00
        1.56     0.999768     25631580      4311.58
        1.57     0.999780     25632386      4551.11
        1.57     0.999792     25632386      4818.82
        1.57     0.999805     25633073      5120.00
        1.57     0.999817     25633073      5461.33
        1.57     0.999829     25633073      5851.43
        1.58     0.999841     25633773      6301.54
        1.58     0.999854     25633773      6826.67
        1.59     0.999866     25634393      7447.27
        1.59     0.999878     25634393      8192.00
        1.60     0.999884     25634881      8623.16
        1.60     0.999890     25634881      9102.22
        1.60     0.999896     25634881      9637.65
        1.61     0.999902     25635243     10240.00
        1.61     0.999908     25635243     10922.67
        1.61     0.999915     25635243     11702.86
        1.61     0.999921     25635540     12603.08
        1.61     0.999927     25635540     13653.33
        1.62     0.999933     25635749     14894.55
        1.63     0.999939     25635899     16384.00
        1.64     0.999942     25636023     17246.32
        1.64     0.999945     25636023     18204.44
        1.65     0.999948     25636090     19275.29
        1.66     0.999951     25636165     20480.00
        1.69     0.999954     25636259     21845.33
        1.71     0.999957     25636323     23405.71
        1.75     0.999960     25636394     25206.15
        1.79     0.999963     25636472     27306.67
        1.81     0.999966     25636558     29789.09
        1.87     0.999969     25636636     32768.00
        1.90     0.999971     25636669     34492.63
        1.94     0.999973     25636709     36408.89
        1.99     0.999974     25636755     38550.59
        2.02     0.999976     25636786     40960.00
        2.06     0.999977     25636833     43690.67
        2.10     0.999979     25636870     46811.43
        2.13     0.999980     25636921     50412.31
        2.14     0.999982     25636953     54613.33
        2.16     0.999983     25636982     59578.18
        2.19     0.999985     25637034     65536.00
        2.21     0.999986     25637060     68985.26
        2.21     0.999986     25637060     72817.78
        2.24     0.999987     25637093     77101.18
        2.25     0.999988     25637111     81920.00
        2.27     0.999989     25637126     87381.33
        2.30     0.999989     25637142     93622.86
        2.38     0.999990     25637156    100824.62
        3.33     0.999991     25637176    109226.67
        3.52     0.999992     25637210    119156.36
        3.54     0.999992     25637255    131072.00
        3.54     0.999993     25637255    137970.53
        3.54     0.999993     25637255    145635.56
        3.54     0.999994     25637255    154202.35
        3.54     0.999994     25637255    163840.00
        4.35     0.999994     25637287    174762.67
        4.35     0.999995     25637287    187245.71
        4.35     0.999995     25637287    201649.23
        4.38     0.999995     25637297    218453.33
        4.42     0.999996     25637319    238312.73
        4.42     0.999996     25637319    262144.00
        4.42     0.999996     25637319    275941.05
        5.18     0.999997     25637323    291271.11
        8.00     0.999997     25637402    308404.71
        8.00     0.999997     25637402    327680.00
        8.00     0.999997     25637402    349525.33
        8.00     0.999997     25637402    374491.43
        8.00     0.999998     25637402    403298.46
        8.00     0.999998     25637402    436906.67
        8.00     0.999998     25637402    476625.45
        8.00     0.999998     25637402    524288.00
        8.00     0.999998     25637402    551882.11
        8.00     0.999998     25637402    582542.22
        8.00     0.999998     25637402    616809.41
        8.00     0.999998     25637402    655360.00
        8.00     0.999999     25637402    699050.67
        8.00     0.999999     25637402    748982.86
        8.00     0.999999     25637402    806596.92
        8.00     0.999999     25637402    873813.33
        8.00     0.999999     25637402    953250.91
        8.00     0.999999     25637402   1048576.00
        8.00     0.999999     25637402   1103764.21
        8.00     0.999999     25637402   1165084.44
        8.00     0.999999     25637402   1233618.82
        8.00     0.999999     25637402   1310720.00
        8.00     0.999999     25637402   1398101.33
        8.00     0.999999     25637402   1497965.71
        8.00     0.999999     25637402   1613193.85
        8.00     0.999999     25637402   1747626.67
        8.00     0.999999     25637402   1906501.82
        8.00     1.000000     25637402   2097152.00
        8.00     1.000000     25637402   2207528.42
        8.00     1.000000     25637402   2330168.89
        8.00     1.000000     25637402   2467237.65
        8.00     1.000000     25637402   2621440.00
        8.00     1.000000     25637402   2796202.67
        8.00     1.000000     25637402   2995931.43
        8.03     1.000000     25637405   3226387.69
        8.03     1.000000     25637405   3495253.33
        8.03     1.000000     25637405   3813003.64
        8.03     1.000000     25637405   4194304.00
        8.03     1.000000     25637405   4415056.84
        8.03     1.000000     25637405   4660337.78
        8.03     1.000000     25637405   4934475.29
        8.77     1.000000     25637410   5242880.00
        8.77     1.000000     25637410          inf
#[Mean    =        0.690, StdDeviation   =        0.175]
#[Max     =        8.767, Total count    =     25637410]
#[Buckets =           20, SubBuckets     =          256]
