       Value   Percentile   TotalCount 1/(1-Percentile)

        0.02     0.000000         5842         1.00
        0.48     0.050000       707605         1.05
        0.73     0.100000      1438187         1.11
        0.78     0.150000      2286831         1.18
        0.80     0.200000      3069506         1.25
        0.81     0.250000      3602260         1.33
        0.81     0.300000      4232134         1.43
        0.82     0.350000      4943776         1.54
        0.83     0.400000      5718450         1.67
        0.84     0.450000      6525142         1.82
        0.85     0.500000      7347978         2.00
        0.85     0.525000      8148160         2.11
        0.85     0.550000      8148160         2.22
        0.85     0.575000      8148160         2.35
        0.86     0.600000      8911025         2.50
        0.86     0.625000      8911025         2.67
        0.87     0.650000      9615522         2.86
        0.87     0.675000      9615522         3.08
        0.88     0.700000     10245270         3.33
        0.88     0.725000     10245270         3.64
        0.89     0.750000     10805161         4.00
        0.89     0.762500     10805161         4.21
        0.90     0.775000     11291744         4.44
        0.90     0.787500     11291744         4.71
        0.90     0.800000     11291744         5.00
        0.90     0.812500     11709050         5.33
        0.90     0.825000     11709050         5.71
        0.91     0.837500     12062910         6.15
        0.91     0.850000     12062910         6.67
        0.92     0.862500     12359815         7.27
        0.92     0.875000     12359815         8.00
        0.93     0.881250     12604968         8.42
        0.93     0.887500     12604968         8.89
        0.93     0.893750     12604968         9.41
        0.94     0.900000     12801422        10.00
        0.94     0.906250     12801422        10.67
        0.94     0.912500     12958310        11.43
        0.94     0.918750     12958310        12.31
        0.95     0.925000     13080612        13.33
        0.96     0.931250     13174883        14.55
        0.97     0.937500     13246861        16.00
        0.97     0.940625     13246861        16.84
        0.97     0.943750     13301976        17.78
        0.98     0.946875     13344111        18.82
        1.00     0.950000     13401994        20.00
        1.01     0.953125     13421809        21.33
        1.04     0.956250     13473195        22.86
        1.08     0.959375     13511115        24.62
        1.14     0.962500     13559655        26.67
        1.19     0.965625     13605704        29.09
        1.23     0.968750     13646598        32.00
        1.25     0.970313     13669098        33.68
        1.28     0.971875     13688325        35.56
        1.31     0.973437     13709151        37.65
        1.36     0.975000     13730697        40.00
        1.47     0.976562     13752844        42.67
        1.56     0.978125     13775617        45.71
        1.60     0.979688     13802000        49.23
        1.62     0.981250     13825766        53.33
        1.64     0.982812     13844770        58.18
        1.66     0.984375     13865495        64.00
        1.66     0.985156     13876449        67.37
        1.67     0.985938     13887492        71.11
        1.68     0.986719     13898638        75.29
        1.69     0.987500     13909775        80.00
        1.70     0.988281     13920651        85.33
        1.70     0.989062     13931348        91.43
        1.71     0.989844     13941905        98.46
        1.72     0.990625     13951964       106.67
        1.73     0.991406     13961596       116.36
        1.74     0.992188     13979295       128.00
        1.74     0.992578     13979295       134.74
        1.75     0.992969     13987264       142.22
        1.76     0.993359     13994760       150.59
        1.76     0.993750     13994760       160.00
        1.77     0.994141     14001782       170.67
        1.77     0.994531     14008328       182.86
        1.78     0.994922     14014232       196.92
        1.79     0.995313     14019741       213.33
        1.80     0.995703     14024914       232.73
        1.81     0.996094     14029606       256.00
        1.81     0.996289     14029606       269.47
        1.81     0.996484     14033891       284.44
        1.82     0.996680     14037726       301.18
        1.83     0.996875     14041164       320.00
        1.83     0.997070     14041164       341.33
        1.84     0.997266     14044241       365.71
        1.85     0.997461     14046893       393.85
        1.85     0.997656     14049241       426.67
        1.87     0.997852     14052876       465.45
        1.88     0.998047     14054324       512.00
        1.90     0.998145     14056371       538.95
        1.90     0.998242     14057166       568.89
        1.92     0.998340     14058402       602.35
        1.95     0.998437     14060048       640.00
        1.98     0.998535     14061588       682.67
        1.99     0.998633     14063012       731.43
        2.00     0.998730     14063996       787.69
        2.02     0.998828     14066121       853.33
        2.02     0.998926     14067225       930.91
        2.03     0.999023     14068616      1024.00
        2.04     0.999072     14069749      1077.89
        2.04     0.999121     14069749      1137.78
        2.05     0.999170     14070764      1204.71
        2.06     0.999219     14072748      1280.00
        2.06     0.999268     14072748      1365.33
        2.06     0.999316     14072748      1462.86
        2.08     0.999365     14074718      1575.38
        2.08     0.999414     14074718      1706.67
        2.08     0.999463     14074718      1861.82
        2.10     0.999512     14076422      2048.00
        2.10     0.999536     14076422      2155.79
        2.10     0.999561     14076422      2275.56
        2.10     0.999585     14076422      2409.41
        2.10     0.999609     14076422      2560.00
        2.11     0.999634     14077613      2730.67
        2.11     0.999658     14077613      2925.71
        2.11     0.999683     14077613      3150.77
        2.13     0.999707     14078359      3413.33
        2.13     0.999731     14078359      3723.64
        2.13     0.999756     14078359      4096.00
        2.14     0.999768     14078905      4311.58
        2.14     0.999780     14078905      4551.11
        2.14     0.999792     14078905      4818.82
        2.16     0.999805     14079144      5120.00
        2.17     0.999817     14079318      5461.33
        2.19     0.999829     14079398      5851.43
        2.25     0.999841     14079566      6301.54
        2.33     0.999854     14079720      6826.67
        2.40     0.999866     14079936      7447.27
        2.43     0.999878     14080072      8192.00
        2.46     0.999884     14080176      8623.16
        2.50     0.999890     14080270      9102.22
        2.53     0.999896     14080340      9637.65
        2.56     0.999902     14080417     10240.00
        2.64     0.999908     14080490     10922.67
        2.75     0.999915     14080575     11702.86
        2.81     0.999921     14080695     12603.08
        2.83     0.999927     14080748     13653.33
        2.86     0.999933     14080848     14894.55
        2.90     0.999939     14080966     16384.00
        2.90     0.999942     14080966     17246.32
        2.91     0.999945     14081041     18204.44
        2.93     0.999948     14081115     19275.29
        2.93     0.999951     14081115     20480.00
        2.94     0.999954     14081203     21845.33
        2.94     0.999957     14081203     23405.71
        2.96     0.999960     14081267     25206.15
        2.96     0.999963     14081267     27306.67
        2.98     0.999966     14081343     29789.09
        2.99     0.999969     14081390     32768.00
        2.99     0.999971     14081390     34492.63
        2.99     0.999973     14081390     36408.89
        3.01     0.999974     14081429     38550.59
        3.02     0.999976     14081457     40960.00
        3.02     0.999977     14081457     43690.67
        3.04     0.999979     14081479     46811.43
        3.06     0.999980     14081508     50412.31
        3.07     0.999982     14081518     54613.33
        3.39     0.999983     14081538     59578.18
        3.52     0.999985     14081560     65536.00
        4.16     0.999986     14081573     68985.26
        8.19     0.999986     14081582     72817.78
        8.26     0.999987     14081617     77101.18
        8.26     0.999988     14081617     81920.00
        8.26     0.999989     14081617     87381.33
        8.32     0.999989     14081625     93622.86
        8.70     0.999990     14081650    100824.62
        8.70     0.999991     14081650    109226.67
        8.77     0.999992     14081671    119156.36
        8.77     0.999992     14081671    131072.00
        9.09     0.999993     14081672    137970.53
       29.05     0.999993     14081706    145635.56
       29.05     0.999994     14081706    154202.35
       29.05     0.999994     14081706    163840.00
       29.05     0.999994     14081706    174762.67
       29.05     0.999995     14081706    187245.71
       29.05     0.999995     14081706    201649.23
       29.18     0.999995     14081729    218453.33
       29.18     0.999996     14081729    238312.73
       29.18     0.999996     14081729    262144.00
       29.18     0.999996     14081729    275941.05
       29.18     0.999997     14081729    291271.11
       29.18     0.999997     14081729    308404.71
       34.05     0.999997     14081772    327680.00
       34.05     0.999997     14081772    349525.33
       34.05     0.999997     14081772    374491.43
       34.05     0.999998     14081772    403298.46
       34.05     0.999998     14081772    436906.67
       34.05     0.999998     14081772    476625.45
       34.05     0.999998     14081772    524288.00
       34.05     0.999998     14081772    551882.11
       34.05     0.999998     14081772    582542.22
       34.05     0.999998     14081772    616809.41
       34.05     0.999998     14081772    655360.00
       34.05     0.999999     14081772    699050.67
       34.05     0.999999     14081772    748982.86
       34.05     0.999999     14081772    806596.92
       34.05     0.999999     14081772    873813.33
       34.05     0.999999     14081772    953250.91
       34.05     0.999999     14081772   1048576.00
       34.05     0.999999     14081772   1103764.21
       34.05     0.999999     14081772   1165084.44
       34.05     0.999999     14081772   1233618.82
       34.05     0.999999     14081772   1310720.00
       34.05     0.999999     14081772   1398101.33
       34.05     0.999999     14081772   1497965.71
       34.05     0.999999     14081772   1613193.85
       34.05     0.999999     14081772   1747626.67
       34.05     0.999999     14081772   1906501.82
       34.05     1.000000     14081772   2097152.00
       34.05     1.000000     14081772   2207528.42
       34.05     1.000000     14081772   2330168.89
       34.05     1.000000     14081772   2467237.65
       34.05     1.000000     14081772   2621440.00
       34.05     1.000000     14081772   2796202.67
       34.05     1.000000     14081772   2995931.43
       34.05     1.000000     14081772   3226387.69
       34.05     1.000000     14081772   3495253.33
       34.05     1.000000     14081772   3813003.64
       34.05     1.000000     14081772   4194304.00
       34.05     1.000000     14081772   4415056.84
       34.05     1.000000     14081772   4660337.78
       34.05     1.000000     14081772   4934475.29
       34.05     1.000000     14081772   5242880.00
       34.05     1.000000     14081772   5592405.33
       34.05     1.000000     14081772   5991862.86
       34.05     1.000000     14081772   6452775.39
       34.05     1.000000     14081772   6990506.67
       35.07     1.000000     14081773   7626007.28
       35.07     1.000000     14081773   8388608.00
       35.07     1.000000     14081773   8830113.68
       35.07     1.000000     14081773   9320675.55
       35.07     1.000000     14081773   9868950.59
       35.07     1.000000     14081773  10485760.00
       35.07     1.000000     14081773  11184810.67
       35.07     1.000000     14081773  11983725.71
       35.07     1.000000     14081773  12905550.76
       35.07     1.000000     14081773  13981013.34
       63.23     1.000000     14081774  15252014.55
       63.23     1.000000     14081774          inf
#[Mean    =        0.837, StdDeviation   =        0.228]
#[Max     =       63.231, Total count    =     14081774]
#[Buckets =           20, SubBuckets     =          256]
