       Value   Percentile   TotalCount 1/(1-Percentile)

        0.35     0.000000            1         1.00
        1.84     0.050000      2930728         1.05
        1.88     0.100000      5957046         1.11
        1.91     0.150000      9365451         1.18
        1.93     0.200000     11331191         1.25
        1.95     0.250000     14449142         1.33
        1.98     0.300000     17594184         1.43
        2.00     0.350000     20556200         1.54
        2.02     0.400000     23189912         1.67
        2.06     0.450000     26626797         1.82
        2.10     0.500000     28497843         2.00
        2.13     0.525000     29722476         2.11
        2.21     0.550000     31083172         2.22
        2.88     0.575000     32548730         2.35
        2.98     0.600000     33897121         2.50
        3.04     0.625000     35359553         2.67
        3.09     0.650000     36789502         2.86
        3.13     0.675000     38504019         3.08
        3.17     0.700000     39782006         3.33
        3.20     0.725000     41144734         3.64
        3.23     0.750000     42545823         4.00
        3.25     0.762500     43244396         4.21
        3.26     0.775000     43929413         4.44
        3.28     0.787500     44596570         4.71
        3.29     0.800000     45237182         5.00
        3.33     0.812500     46425517         5.33
        3.34     0.825000     46966592         5.71
        3.36     0.837500     47473916         6.15
        3.39     0.850000     48406791         6.67
        3.41     0.862500     48845290         7.27
        3.44     0.875000     49710218         8.00
        3.46     0.881250     50146630         8.42
        3.46     0.887500     50146630         8.89
        3.47     0.893750     50590887         9.41
        3.49     0.900000     51044446        10.00
        3.50     0.906250     51503817        10.67
        3.52     0.912500     51963857        11.43
        3.52     0.918750     51963857        12.31
        3.54     0.925000     52418459        13.33
        3.55     0.931250     52858944        14.55
        3.57     0.937500     53280670        16.00
        3.57     0.940625     53280670        16.84
        3.58     0.943750     53671217        17.78
        3.58     0.946875     53671217        18.82
        3.58     0.950000     53671217        20.00
        3.60     0.953125     54030708        21.33
        3.60     0.956250     54030708        22.86
        3.62     0.959375     54350756        24.62
        3.63     0.962500     54634397        26.67
        3.63     0.965625     54634397        29.09
        3.65     0.968750     54881332        32.00
        3.65     0.970313     54881332        33.68
        3.66     0.971875     55090851        35.56
        3.66     0.973437     55090851        37.65
        3.66     0.975000     55090851        40.00
        3.68     0.976562     55270443        42.67
        3.68     0.978125     55270443        45.71
        3.69     0.979688     55424163        49.23
        3.71     0.981250     55554004        53.33
        3.71     0.982812     55554004        58.18
        3.73     0.984375     55663912        64.00
        3.73     0.985156     55663912        67.37
        3.74     0.985938     55757555        71.11
        3.74     0.986719     55757555        75.29
        3.76     0.987500     55839107        80.00
        3.76     0.988281     55839107        85.33
        3.77     0.989062     55912066        91.43
        3.79     0.989844     55977295        98.46
        3.79     0.990625     55977295       106.67
        3.81     0.991406     56036813       116.36
        3.82     0.992188     56091892       128.00
        3.82     0.992578     56091892       134.74
        3.82     0.992969     56091892       142.22
        3.84     0.993359     56141659       150.59
        3.84     0.993750     56141659       160.00
        3.85     0.994141     56186684       170.67
        3.85     0.994531     56186684       182.86
        3.87     0.994922     56227187       196.92
        3.87     0.995313     56227187       213.33
        3.89     0.995703     56263687       232.73
        3.90     0.996094     56295602       256.00
        3.90     0.996289     56295602       269.47
        3.90     0.996484     56295602       284.44
        3.92     0.996680     56324328       301.18
        3.92     0.996875     56324328       320.00
        3.92     0.997070     56324328       341.33
        3.94     0.997266     56349572       365.71
        3.94     0.997461     56349572       393.85
        3.95     0.997656     56370423       426.67
        3.95     0.997852     56370423       465.45
        3.97     0.998047     56388365       512.00
        3.97     0.998145     56388365       538.95
        3.97     0.998242     56388365       568.89
        3.98     0.998340     56402962       602.35
        3.98     0.998437     56402962       640.00
        4.00     0.998535     56415663       682.67
        4.00     0.998633     56415663       731.43
        4.00     0.998730     56415663       787.69
        4.01     0.998828     56425832       853.33
        4.01     0.998926     56425832       930.91
        4.03     0.999023     56434416      1024.00
        4.03     0.999072     56434416      1077.89
        4.05     0.999121     56441479      1137.78
        4.05     0.999170     56441479      1204.71
        4.06     0.999219     56447161      1280.00
        4.06     0.999268     56447161      1365.33
        4.06     0.999316     56447161      1462.86
        4.08     0.999365     56451823      1575.38
        4.09     0.999414     56455670      1706.67
        4.09     0.999463     56455670      1861.82
        4.13     0.999512     56461319      2048.00
        4.13     0.999536     56461319      2155.79
        4.13     0.999561     56461319      2275.56
        4.16     0.999585     56465015      2409.41
        4.16     0.999609     56465015      2560.00
        4.19     0.999634     56467745      2730.67
        4.19     0.999658     56467745      2925.71
        4.22     0.999683     56469978      3150.77
        4.22     0.999707     56469978      3413.33
        4.25     0.999731     56471771      3723.64
        4.29     0.999756     56473320      4096.00
        4.29     0.999768     56473320      4311.58
        4.32     0.999780     56474668      4551.11
        4.32     0.999792     56474668      4818.82
        4.35     0.999805     56475838      5120.00
        4.35     0.999817     56475838      5461.33
        4.38     0.999829     56476901      5851.43
        4.38     0.999841     56476901      6301.54
        4.42     0.999854     56477869      6826.67
        4.45     0.999866     56478811      7447.27
        4.48     0.999878     56479550      8192.00
        4.48     0.999884     56479550      8623.16
        4.48     0.999890     56479550      9102.22
        4.51     0.999896     56480210      9637.65
        4.54     0.999902     56480875     10240.00
        4.54     0.999908     56480875     10922.67
        4.58     0.999915     56481413     11702.86
        4.58     0.999921     56481413     12603.08
        4.61     0.999927     56481881     13653.33
        4.64     0.999933     56482408     14894.55
        4.64     0.999939     56482408     16384.00
        4.67     0.999942     56482827     17246.32
        4.67     0.999945     56482827     18204.44
        4.67     0.999948     56482827     19275.29
        4.70     0.999951     56483173     20480.00
        4.70     0.999954     56483173     21845.33
        4.74     0.999957     56483526     23405.71
        4.74     0.999960     56483526     25206.15
        4.77     0.999963     56483792     27306.67
        4.80     0.999966     56484057     29789.09
        4.80     0.999969     56484057     32768.00
        4.83     0.999971     56484284     34492.63
        4.83     0.999973     56484284     36408.89
        4.86     0.999974     56484501     38550.59
        4.86     0.999976     56484501     40960.00
        4.86     0.999977     56484501     43690.67
        4.89     0.999979     56484645     46811.43
        4.89     0.999980     56484645     50412.31
        4.93     0.999982     56484786     54613.33
        4.96     0.999983     56484922     59578.18
        4.96     0.999985     56484922     65536.00
        4.99     0.999986     56485041     68985.26
        4.99     0.999986     56485041     72817.78
        4.99     0.999987     56485041     77101.18
        5.02     0.999988     56485167     81920.00
        5.02     0.999989     56485167     87381.33
        5.02     0.999989     56485167     93622.86
        5.05     0.999990     56485244    100824.62
        5.05     0.999991     56485244    109226.67
        5.09     0.999992     56485327    119156.36
        5.09     0.999992     56485327    131072.00
        5.12     0.999993     56485401    137970.53
        5.12     0.999993     56485401    145635.56
        5.12     0.999994     56485401    154202.35
        5.15     0.999994     56485446    163840.00
        5.15     0.999994     56485446    174762.67
        5.18     0.999995     56485504    187245.71
        5.18     0.999995     56485504    201649.23
        5.18     0.999995     56485504    218453.33
        5.21     0.999996     56485553    238312.73
        5.21     0.999996     56485553    262144.00
        5.21     0.999996     56485553    275941.05
        5.25     0.999997     56485589    291271.11
        5.25     0.999997     56485589    308404.71
        5.25     0.999997     56485589    327680.00
        5.28     0.999997     56485620    349525.33
        5.28     0.999997     56485620    374491.43
        5.28     0.999998     56485620    403298.46
        5.31     0.999998     56485637    436906.67
        5.31     0.999998     56485637    476625.45
        5.34     0.999998     56485645    524288.00
        5.38     0.999998     56485655    551882.11
        5.41     0.999998     56485667    582542.22
        5.41     0.999998     56485667    616809.41
        5.41     0.999998     56485667    655360.00
        5.44     0.999999     56485672    699050.67
        5.47     0.999999     56485682    748982.86
        5.47     0.999999     56485682    806596.92
        5.50     0.999999     56485694    873813.33
        5.50     0.999999     56485694    953250.91
        5.54     0.999999     56485708   1048576.00
        5.54     0.999999     56485708   1103764.21
        5.54     0.999999     56485708   1165084.44
        5.54     0.999999     56485708   1233618.82
        5.57     0.999999     56485716   1310720.00
        5.57     0.999999     56485716   1398101.33
        5.57     0.999999     56485716   1497965.71
        5.60     0.999999     56485725   1613193.85
        5.60     0.999999     56485725   1747626.67
        5.60     0.999999     56485725   1906501.82
        5.63     1.000000     56485727   2097152.00
        5.63     1.000000     56485727   2207528.42
        5.66     1.000000     56485737   2330168.89
        5.66     1.000000     56485737   2467237.65
        5.66     1.000000     56485737   2621440.00
        5.66     1.000000     56485737   2796202.67
        5.66     1.000000     56485737   2995931.43
        5.66     1.000000     56485737   3226387.69
        5.66     1.000000     56485737   3495253.33
        5.70     1.000000     56485740   3813003.64
        5.70     1.000000     56485740   4194304.00
        5.70     1.000000     56485740   4415056.84
        5.70     1.000000     56485740   4660337.78
        5.73     1.000000     56485742   4934475.29
        5.73     1.000000     56485742   5242880.00
        5.73     1.000000     56485742   5592405.33
        5.79     1.000000     56485745   5991862.86
        5.79     1.000000     56485745   6452775.39
        5.79     1.000000     56485745   6990506.67
        5.79     1.000000     56485745   7626007.28
        5.86     1.000000     56485750   8388608.00
        5.86     1.000000     56485750   8830113.68
        5.86     1.000000     56485750   9320675.55
        5.86     1.000000     56485750   9868950.59
        5.86     1.000000     56485750  10485760.00
        5.86     1.000000     56485750  11184810.67
        5.86     1.000000     56485750  11983725.71
        5.86     1.000000     56485750  12905550.76
        5.86     1.000000     56485750  13981013.34
        5.86     1.000000     56485750  15252014.55
        5.86     1.000000     56485750  16777216.00
        5.86     1.000000     56485750  17660227.38
        5.86     1.000000     56485750  18641351.10
        5.86     1.000000     56485750  19737901.19
        5.86     1.000000     56485750  20971519.98
        5.86     1.000000     56485750  22369621.33
        5.86     1.000000     56485750  23967451.45
        5.86     1.000000     56485750  25811101.52
        5.86     1.000000     56485750  27962026.68
        5.89     1.000000     56485752  30504029.05
        5.89     1.000000     56485752          inf
#[Mean    =        2.548, StdDeviation   =        0.678]
#[Max     =        5.887, Total count    =     56485752]
#[Buckets =           20, SubBuckets     =          256]
