       Value   Percentile   TotalCount 1/(1-Percentile)

        0.02     0.000000        11777         1.00
        0.38     0.050000       859510         1.05
        0.59     0.100000      1713233         1.11
        0.68     0.150000      2663654         1.18
        0.69     0.200000      3708860         1.25
        0.70     0.250000      4515265         1.33
        0.71     0.300000      5543096         1.43
        0.72     0.350000      6804074         1.54
        0.72     0.400000      6804074         1.67
        0.73     0.450000      8315013         1.82
        0.73     0.500000      9951665         2.00
        0.73     0.525000      9951665         2.11
        0.73     0.550000      9951665         2.22
        0.73     0.575000      9951665         2.35
        0.74     0.600000     11532204         2.50
        0.74     0.625000     11532204         2.67
        0.74     0.650000     11532204         2.86
        0.74     0.675000     11532204         3.08
        0.75     0.700000     12837984         3.33
        0.75     0.725000     12837984         3.64
        0.75     0.750000     12837984         4.00
        0.76     0.762500     13729532         4.21
        0.76     0.775000     13729532         4.44
        0.76     0.787500     13729532         4.71
        0.76     0.800000     13729532         5.00
        0.77     0.812500     14250301         5.33
        0.77     0.825000     14250301         5.71
        0.77     0.837500     14250301         6.15
        0.78     0.850000     14531289         6.67
        0.78     0.862500     14693099         7.27
        0.79     0.875000     14814485         8.00
        0.80     0.881250     14925975         8.42
        0.81     0.887500     15039768         8.89
        0.81     0.893750     15163123         9.41
        0.82     0.900000     15293750        10.00
        0.83     0.906250     15434056        10.67
        0.83     0.912500     15434056        11.43
        0.84     0.918750     15582743        12.31
        0.85     0.925000     15725032        13.33
        0.85     0.931250     15855217        14.55
        0.85     0.937500     15855217        16.00
        0.86     0.940625     15964520        16.84
        0.86     0.943750     15964520        17.78
        0.87     0.946875     16052440        18.82
        0.88     0.950000     16121182        20.00
        0.88     0.953125     16121182        21.33
        0.89     0.956250     16170332        22.86
        0.90     0.959375     16238498        24.62
        0.92     0.962500     16284988        26.67
        0.94     0.965625     16336533        29.09
        0.97     0.968750     16384581        32.00
        0.98     0.970313     16414391        33.68
        1.00     0.971875     16439138        35.56
        1.01     0.973437     16460174        37.65
        1.05     0.975000     16487702        40.00
        1.13     0.976562     16514006        42.67
        1.23     0.978125     16540585        45.71
        1.33     0.979688     16565667        49.23
        1.38     0.981250     16597753        53.33
        1.40     0.982812     16624889        58.18
        1.42     0.984375     16648352        64.00
        1.42     0.985156     16661454        67.37
        1.43     0.985938     16675746        71.11
        1.44     0.986719     16691028        75.29
        1.45     0.987500     16707769        80.00
        1.46     0.988281     16725563        85.33
        1.46     0.989062     16725563        91.43
        1.46     0.989844     16744143        98.46
        1.47     0.990625     16763605       106.67
        1.47     0.991406     16763605       116.36
        1.48     0.992188     16783173       128.00
        1.49     0.992578     16801641       134.74
        1.49     0.992969     16801641       142.22
        1.49     0.993359     16801641       150.59
        1.50     0.993750     16818238       160.00
        1.50     0.994141     16818238       170.67
        1.50     0.994531     16818238       182.86
        1.50     0.994922     16831946       196.92
        1.50     0.995313     16831946       213.33
        1.51     0.995703     16842696       232.73
        1.52     0.996094     16851077       256.00
        1.52     0.996289     16851077       269.47
        1.52     0.996484     16851077       284.44
        1.53     0.996680     16857353       301.18
        1.53     0.996875     16857353       320.00
        1.53     0.997070     16862028       341.33
        1.54     0.997266     16865477       365.71
        1.55     0.997461     16868088       393.85
        1.56     0.997656     16870084       426.67
        1.57     0.997852     16873537       465.45
        1.59     0.998047     16876620       512.00
        1.60     0.998145     16878190       538.95
        1.61     0.998242     16879676       568.89
        1.61     0.998340     16881091       602.35
        1.62     0.998437     16882572       640.00
        1.64     0.998535     16885527       682.67
        1.65     0.998633     16887057       731.43
        1.66     0.998730     16888724       787.69
        1.66     0.998828     16890343       853.33
        1.67     0.998926     16891986       930.91
        1.68     0.999023     16893559      1024.00
        1.68     0.999072     16893559      1077.89
        1.69     0.999121     16895123      1137.78
        1.69     0.999170     16895123      1204.71
        1.70     0.999219     16896564      1280.00
        1.70     0.999268     16896564      1365.33
        1.70     0.999316     16898023      1462.86
        1.71     0.999365     16899276      1575.38
        1.71     0.999414     16899276      1706.67
        1.72     0.999463     16900417      1861.82
        1.73     0.999512     16901438      2048.00
        1.73     0.999536     16901438      2155.79
        1.73     0.999561     16901438      2275.56
        1.74     0.999585     16902323      2409.41
        1.74     0.999609     16902323      2560.00
        1.74     0.999634     16903118      2730.67
        1.74     0.999658     16903118      2925.71
        1.75     0.999683     16903755      3150.77
        1.76     0.999707     16904327      3413.33
        1.76     0.999731     16904327      3723.64
        1.77     0.999756     16904820      4096.00
        1.77     0.999768     16905254      4311.58
        1.77     0.999780     16905254      4551.11
        1.78     0.999792     16905547      4818.82
        1.79     0.999805     16905838      5120.00
        1.79     0.999817     16905838      5461.33
        1.80     0.999829     16906100      5851.43
        1.81     0.999841     16906324      6301.54
        1.81     0.999854     16906544      6826.67
        1.82     0.999866     16906739      7447.27
        1.83     0.999878     16906900      8192.00
        1.84     0.999884     16907067      8623.16
        1.84     0.999890     16907067      9102.22
        1.85     0.999896     16907217      9637.65
        1.85     0.999902     16907217     10240.00
        1.85     0.999908     16907346     10922.67
        1.86     0.999915     16907473     11702.86
        1.87     0.999921     16907587     12603.08
        1.88     0.999927     16907707     13653.33
        1.89     0.999933     16907797     14894.55
        1.90     0.999939     16907872     16384.00
        1.90     0.999942     16907956     17246.32
        1.90     0.999945     16907956     18204.44
        1.91     0.999948     16908018     19275.29
        1.92     0.999951     16908066     20480.00
        1.93     0.999954     16908111     21845.33
        1.94     0.999957     16908153     23405.71
        1.95     0.999960     16908225     25206.15
        1.96     0.999963     16908255     27306.67
        1.98     0.999966     16908312     29789.09
        1.99     0.999969     16908366     32768.00
        2.00     0.999971     16908386     34492.63
        2.02     0.999973     16908414     36408.89
        2.03     0.999974     16908440     38550.59
        2.04     0.999976     16908454     40960.00
        2.06     0.999977     16908478     43690.67
        2.10     0.999979     16908504     46811.43
        2.13     0.999980     16908531     50412.31
        2.17     0.999982     16908568     54613.33
        2.19     0.999983     16908585     59578.18
        2.22     0.999985     16908613     65536.00
        2.24     0.999986     16908623     68985.26
        2.27     0.999986     16908639     72817.78
        2.29     0.999987     16908645     77101.18
        2.32     0.999988     16908660     81920.00
        2.35     0.999989     16908670     87381.33
        2.45     0.999989     16908683     93622.86
        2.54     0.999990     16908698    100824.62
        2.65     0.999991     16908709    109226.67
        2.80     0.999992     16908722    119156.36
        2.88     0.999992     16908735    131072.00
        2.90     0.999993     16908761    137970.53
        2.90     0.999993     16908761    145635.56
        2.90     0.999994     16908761    154202.35
        2.90     0.999994     16908761    163840.00
        2.91     0.999994     16908775    174762.67
        2.91     0.999995     16908775    187245.71
        2.96     0.999995     16908782    201649.23
        3.06     0.999995     16908787    218453.33
        3.17     0.999996     16908793    238312.73
        3.66     0.999996     16908800    262144.00
       79.36     0.999996     16908815    275941.05
       79.36     0.999997     16908815    291271.11
       79.36     0.999997     16908815    308404.71
       79.36     0.999997     16908815    327680.00
       79.36     0.999997     16908815    349525.33
       79.87     0.999997     16908819    374491.43
       80.89     0.999998     16908822    403298.46
      166.91     0.999998     16908860    436906.67
      166.91     0.999998     16908860    476625.45
      166.91     0.999998     16908860    524288.00
      166.91     0.999998     16908860    551882.11
      166.91     0.999998     16908860    582542.22
      166.91     0.999998     16908860    616809.41
      166.91     0.999998     16908860    655360.00
      166.91     0.999999     16908860    699050.67
      166.91     0.999999     16908860    748982.86
      166.91     0.999999     16908860    806596.92
      166.91     0.999999     16908860    873813.33
      166.91     0.999999     16908860    953250.91
      166.91     0.999999     16908860   1048576.00
      166.91     0.999999     16908860   1103764.21
      166.91     0.999999     16908860   1165084.44
      166.91     0.999999     16908860   1233618.82
      166.91     0.999999     16908860   1310720.00
      166.91     0.999999     16908860   1398101.33
      166.91     0.999999     16908860   1497965.71
      166.91     0.999999     16908860   1613193.85
      166.91     0.999999     16908860   1747626.67
      166.91     0.999999     16908860   1906501.82
      166.91     1.000000     16908860   2097152.00
      166.91     1.000000     16908860   2207528.42
      166.91     1.000000     16908860   2330168.89
      166.91     1.000000     16908860   2467237.65
      166.91     1.000000     16908860   2621440.00
      166.91     1.000000     16908860   2796202.67
      166.91     1.000000     16908860   2995931.43
      166.91     1.000000     16908860   3226387.69
      166.91     1.000000     16908860   3495253.33
      166.91     1.000000     16908860   3813003.64
      166.91     1.000000     16908860   4194304.00
      166.91     1.000000     16908860   4415056.84
      166.91     1.000000     16908860   4660337.78
      166.91     1.000000     16908860   4934475.29
      166.91     1.000000     16908860   5242880.00
      166.91     1.000000     16908860   5592405.33
      167.94     1.000000     16908862   5991862.86
      167.94     1.000000     16908862   6452775.39
      167.94     1.000000     16908862   6990506.67
      167.94     1.000000     16908862   7626007.28
      167.94     1.000000     16908862   8388608.00
      167.94     1.000000     16908862   8830113.68
      167.94     1.000000     16908862   9320675.55
      167.94     1.000000     16908862   9868950.59
      167.94     1.000000     16908862  10485760.00
      167.94     1.000000     16908862  11184810.67
      167.94     1.000000     16908862  11983725.71
      167.94     1.000000     16908862  12905550.76
      167.94     1.000000     16908862  13981013.34
      167.94     1.000000     16908862  15252014.55
      167.94     1.000000     16908862  16777216.00
      168.96     1.000000     16908863  17660227.38
      168.96     1.000000     16908863          inf
#[Mean    =        0.717, StdDeviation   =        0.328]
#[Max     =      168.959, Total count    =     16908863]
#[Buckets =           20, SubBuckets     =          256]
