bgsave
calls
2
histogram_usec
135266
1
270532
2
info
calls
23
histogram_usec
33
21
264
23
get
calls
16908467
histogram_usec
1
12777034
2
16801580
4
16902848
8
16907366
16
16908048
33
16908448
66
16908460
132
16908463
264
16908464
528
16908467
latency|latest
calls
2
histogram_usec
4
2
latency|histogram
calls
1
histogram_usec
132
1
set
calls
16908521
histogram_usec
1
13161900
2
16711685
4
16896148
8
16906035
16
16908074
33
16908503
66
16908514
132
16908515
264
16908520
528
16908521
dbsize
calls
1
histogram_usec
1
1
ping
calls
1
histogram_usec
16
1
