       Value   Percentile   TotalCount 1/(1-Percentile)

        0.02     0.000000        17360         1.00
        0.34     0.050000      1321088         1.05
        0.56     0.100000      2567487         1.11
        0.66     0.150000      4019160         1.18
        0.68     0.200000      5624921         1.25
        0.69     0.250000      6712900         1.33
        0.69     0.300000      7980501         1.43
        0.70     0.350000      9516288         1.54
        0.71     0.400000     11371696         1.67
        0.72     0.450000     13687338         1.82
        0.72     0.500000     13687338         2.00
        0.72     0.525000     13687338         2.11
        0.73     0.550000     16675297         2.22
        0.73     0.575000     16675297         2.35
        0.73     0.600000     16675297         2.50
        0.73     0.625000     16675297         2.67
        0.73     0.650000     16675297         2.86
        0.73     0.675000     20005860         3.08
        0.73     0.700000     20005860         3.33
        0.73     0.725000     20005860         3.64
        0.73     0.750000     20005860         4.00
        0.73     0.762500     20005860         4.21
        0.73     0.775000     20005860         4.44
        0.74     0.787500     22425213         4.71
        0.74     0.800000     22425213         5.00
        0.74     0.812500     22425213         5.33
        0.74     0.825000     22425213         5.71
        0.74     0.837500     22425213         6.15
        0.74     0.850000     22425213         6.67
        0.74     0.862500     22425213         7.27
        0.75     0.875000     23563576         8.00
        0.75     0.881250     23563576         8.42
        0.75     0.887500     23563576         8.89
        0.75     0.893750     23563576         9.41
        0.75     0.900000     23563576        10.00
        0.75     0.906250     23563576        10.67
        0.75     0.912500     23563576        11.43
        0.75     0.918750     23563576        12.31
        0.76     0.925000     24024669        13.33
        0.76     0.931250     24024669        14.55
        0.77     0.937500     24223911        16.00
        0.77     0.940625     24223911        16.84
        0.77     0.943750     24223911        17.78
        0.78     0.946875     24330794        18.82
        0.78     0.950000     24401926        20.00
        0.79     0.953125     24457336        21.33
        0.81     0.956250     24535932        22.86
        0.83     0.959375     24624300        24.62
        0.85     0.962500     24693029        26.67
        0.86     0.965625     24760902        29.09
        0.90     0.968750     24847412        32.00
        0.92     0.970313     24882770        33.68
        0.94     0.971875     24920846        35.56
        0.96     0.973437     24971516        37.65
        0.97     0.975000     24999818        40.00
        1.01     0.976562     25041284        42.67
        1.09     0.978125     25077845        45.71
        1.25     0.979688     25116393        49.23
        1.33     0.981250     25163763        53.33
        1.35     0.982812     25198997        58.18
        1.38     0.984375     25241214        64.00
        1.39     0.985156     25271906        67.37
        1.40     0.985938     25289056        71.11
        1.41     0.986719     25307776        75.29
        1.42     0.987500     25328044        80.00
        1.42     0.988281     25349770        85.33
        1.43     0.989062     25373539        91.43
        1.44     0.989844     25399710        98.46
        1.44     0.990625     25399710       106.67
        1.45     0.991406     25428972       116.36
        1.46     0.992188     25461227       128.00
        1.46     0.992578     25461227       134.74
        1.46     0.992969     25461227       142.22
        1.46     0.993359     25496097       150.59
        1.46     0.993750     25496097       160.00
        1.46     0.994141     25496097       170.67
        1.47     0.994531     25530649       182.86
        1.47     0.994922     25530649       196.92
        1.47     0.995313     25530649       213.33
        1.47     0.995703     25530649       232.73
        1.48     0.996094     25561302       256.00
        1.48     0.996289     25561302       269.47
        1.48     0.996484     25561302       284.44
        1.48     0.996680     25561302       301.18
        1.48     0.996875     25561302       320.00
        1.49     0.997070     25585238       341.33
        1.49     0.997266     25585238       365.71
        1.49     0.997461     25585238       393.85
        1.49     0.997656     25585238       426.67
        1.49     0.997852     25585238       465.45
        1.50     0.998047     25602057       512.00
        1.50     0.998145     25602057       538.95
        1.50     0.998242     25602057       568.89
        1.50     0.998340     25602057       602.35
        1.50     0.998437     25602057       640.00
        1.50     0.998535     25602057       682.67
        1.50     0.998633     25602057       731.43
        1.50     0.998730     25612919       787.69
        1.50     0.998828     25612919       853.33
        1.50     0.998926     25612919       930.91
        1.50     0.999023     25612919      1024.00
        1.51     0.999072     25619743      1077.89
        1.51     0.999121     25619743      1137.78
        1.51     0.999170     25619743      1204.71
        1.51     0.999219     25619743      1280.00
        1.51     0.999268     25619743      1365.33
        1.51     0.999316     25619743      1462.86
        1.52     0.999365     25623869      1575.38
        1.52     0.999414     25623869      1706.67
        1.52     0.999463     25623869      1861.82
        1.53     0.999512     25626488      2048.00
        1.53     0.999536     25626488      2155.79
        1.53     0.999561     25626488      2275.56
        1.53     0.999585     25626488      2409.41
        1.53     0.999609     25628189      2560.00
        1.53     0.999634     25628189      2730.67
        1.54     0.999658     25629453      2925.71
        1.54     0.999683     25629453      3150.77
        1.55     0.999707     25630415      3413.33
        1.55     0.999731     25630415      3723.64
        1.56     0.999756     25631229      4096.00
        1.56     0.999768     25631229      4311.58
        1.57     0.999780     25631964      4551.11
        1.57     0.999792     25631964      4818.82
        1.57     0.999805     25632610      5120.00
        1.57     0.999817     25632610      5461.33
        1.58     0.999829     25633314      5851.43
        1.58     0.999841     25633314      6301.54
        1.58     0.999854     25633314      6826.67
        1.59     0.999866     25633941      7447.27
        1.59     0.999878     25633941      8192.00
        1.60     0.999884     25634502      8623.16
        1.60     0.999890     25634502      9102.22
        1.60     0.999896     25634502      9637.65
        1.61     0.999902     25634944     10240.00
        1.61     0.999908     25634944     10922.67
        1.61     0.999915     25634944     11702.86
        1.61     0.999921     25635292     12603.08
        1.61     0.999927     25635292     13653.33
        1.62     0.999933     25635533     14894.55
        1.62     0.999939     25635533     16384.00
        1.63     0.999942     25635691     17246.32
        1.63     0.999945     25635691     18204.44
        1.64     0.999948     25635792     19275.29
        1.64     0.999951     25635792     20480.00
        1.65     0.999954     25635874     21845.33
        1.66     0.999957     25635968     23405.71
        1.68     0.999960     25636015     25206.15
        1.72     0.999963     25636100     27306.67
        1.77     0.999966     25636178     29789.09
        1.82     0.999969     25636253     32768.00
        1.85     0.999971     25636287     34492.63
        1.93     0.999973     25636328     36408.89
        2.02     0.999974     25636368     38550.59
        2.08     0.999976     25636405     40960.00
        2.13     0.999977     25636450     43690.67
        2.17     0.999979     25636495     46811.43
        2.21     0.999980     25636522     50412.31
        2.29     0.999982     25636569     54613.33
        3.54     0.999983     25636600     59578.18
        3.87     0.999985     25636668     65536.00
        3.87     0.999986     25636668     68985.26
        3.89     0.999986     25636704     72817.78
        3.89     0.999987     25636704     77101.18
        3.98     0.999988     25636718     81920.00
        4.01     0.999989     25636737     87381.33
        4.13     0.999989     25636764     93622.86
        4.22     0.999990     25636865    100824.62
        4.22     0.999991     25636865    109226.67
        4.22     0.999992     25636865    119156.36
        4.22     0.999992     25636865    131072.00
        4.22     0.999993     25636865    137970.53
        4.22     0.999993     25636865    145635.56
        4.22     0.999994     25636865    154202.35
        4.45     0.999994     25636922    163840.00
        4.45     0.999994     25636922    174762.67
        4.45     0.999995     25636922    187245.71
        4.45     0.999995     25636922    201649.23
        4.45     0.999995     25636922    218453.33
        4.48     0.999996     25636935    238312.73
        4.48     0.999996     25636935    262144.00
        4.51     0.999996     25636945    275941.05
        4.51     0.999997     25636945    291271.11
        4.61     0.999997     25636949    308404.71
        4.93     0.999997     25636952    327680.00
        7.84     0.999997     25636964    349525.33
        7.84     0.999997     25636964    374491.43
        7.87     0.999998     25636991    403298.46
        7.87     0.999998     25636991    436906.67
        7.87     0.999998     25636991    476625.45
        7.87     0.999998     25636991    524288.00
        7.87     0.999998     25636991    551882.11
        7.87     0.999998     25636991    582542.22
        7.87     0.999998     25636991    616809.41
        7.87     0.999998     25636991    655360.00
        7.90     0.999999     25637022    699050.67
        7.90     0.999999     25637022    748982.86
        7.90     0.999999     25637022    806596.92
        7.90     0.999999     25637022    873813.33
        7.90     0.999999     25637022    953250.91
        7.90     0.999999     25637022   1048576.00
        7.90     0.999999     25637022   1103764.21
        7.90     0.999999     25637022   1165084.44
        7.90     0.999999     25637022   1233618.82
        7.90     0.999999     25637022   1310720.00
        7.90     0.999999     25637022   1398101.33
        7.90     0.999999     25637022   1497965.71
        7.90     0.999999     25637022   1613193.85
        7.90     0.999999     25637022   1747626.67
        7.90     0.999999     25637022   1906501.82
        7.90     1.000000     25637022   2097152.00
        7.90     1.000000     25637022   2207528.42
        7.90     1.000000     25637022   2330168.89
        7.90     1.000000     25637022   2467237.65
        7.90     1.000000     25637022   2621440.00
        7.90     1.000000     25637022   2796202.67
        7.90     1.000000     25637022   2995931.43
        8.16     1.000000     25637024   3226387.69
        8.16     1.000000     25637024   3495253.33
        8.16     1.000000     25637024   3813003.64
        8.16     1.000000     25637024   4194304.00
        8.51     1.000000     25637025   4415056.84
        8.51     1.000000     25637025   4660337.78
        8.51     1.000000     25637025   4934475.29
        8.57     1.000000     25637030   5242880.00
        8.57     1.000000     25637030          inf
#[Mean    =        0.693, StdDeviation   =        0.174]
#[Max     =        8.575, Total count    =     25637030]
#[Buckets =           20, SubBuckets     =          256]
