dbsize
calls
1
histogram_usec
1
1
ping
calls
1
histogram_usec
8
1
get
calls
14082404
histogram_usec
1
9757255
2
13764491
4
14071627
8
14080808
16
14081993
33
14082380
66
14082400
132
14082402
264
14082403
528
14082404
setex
calls
14082447
histogram_usec
1
5177905
2
11613120
4
13918709
8
14064743
16
14078178
33
14082092
66
14082427
132
14082444
264
14082445
1056
14082447
info
calls
2
histogram_usec
264
2
latency|latest
calls
2
histogram_usec
4
1
8
2
latency|histogram
calls
1
histogram_usec
132
1
