       Value   Percentile   TotalCount 1/(1-Percentile)

        0.02     0.000000         7262         1.00
        0.44     0.050000       710573         1.05
        0.69     0.100000      1421449         1.11
        0.77     0.150000      2250801         1.18
        0.78     0.200000      2969303         1.25
        0.80     0.250000      4088547         1.33
        0.81     0.300000      4797531         1.43
        0.81     0.350000      5581377         1.54
        0.82     0.400000      6416231         1.67
        0.82     0.450000      6416231         1.82
        0.83     0.500000      7263042         2.00
        0.84     0.525000      8099097         2.11
        0.84     0.550000      8099097         2.22
        0.85     0.575000      8896267         2.35
        0.85     0.600000      8896267         2.50
        0.85     0.625000      8896267         2.67
        0.85     0.650000      9631343         2.86
        0.85     0.675000      9631343         3.08
        0.86     0.700000     10289594         3.33
        0.86     0.725000     10289594         3.64
        0.87     0.750000     10869174         4.00
        0.87     0.762500     10869174         4.21
        0.88     0.775000     11362196         4.44
        0.88     0.787500     11362196         4.71
        0.88     0.800000     11362196         5.00
        0.89     0.812500     11781826         5.33
        0.89     0.825000     11781826         5.71
        0.90     0.837500     12138390         6.15
        0.90     0.850000     12138390         6.67
        0.90     0.862500     12433456         7.27
        0.90     0.875000     12433456         8.00
        0.90     0.881250     12433456         8.42
        0.91     0.887500     12672837         8.89
        0.91     0.893750     12672837         9.41
        0.92     0.900000     12866573        10.00
        0.92     0.906250     12866573        10.67
        0.92     0.912500     12866573        11.43
        0.93     0.918750     13022173        12.31
        0.94     0.925000     13139433        13.33
        0.94     0.931250     13139433        14.55
        0.94     0.937500     13228106        16.00
        0.95     0.940625     13296115        16.84
        0.96     0.943750     13347227        17.78
        0.96     0.946875     13347227        18.82
        0.97     0.950000     13415086        20.00
        0.98     0.953125     13438617        21.33
        1.01     0.956250     13485408        22.86
        1.04     0.959375     13522666        24.62
        1.09     0.962500     13567459        26.67
        1.14     0.965625     13607716        29.09
        1.19     0.968750     13652962        32.00
        1.22     0.970313     13674688        33.68
        1.25     0.971875     13699830        35.56
        1.28     0.973437     13719817        37.65
        1.33     0.975000     13740915        40.00
        1.43     0.976562     13761224        42.67
        1.53     0.978125     13783371        45.71
        1.57     0.979688     13807199        49.23
        1.59     0.981250     13828657        53.33
        1.61     0.982812     13856572        58.18
        1.63     0.984375     13877995        64.00
        1.64     0.985156     13889208        67.37
        1.65     0.985938     13901065        71.11
        1.66     0.986719     13912997        75.29
        1.66     0.987500     13924637        80.00
        1.67     0.988281     13936034        85.33
        1.68     0.989062     13947063        91.43
        1.69     0.989844     13957855        98.46
        1.70     0.990625     13968116       106.67
        1.70     0.991406     13977810       116.36
        1.71     0.992188     13986855       128.00
        1.71     0.992578     13986855       134.74
        1.72     0.992969     13995435       142.22
        1.73     0.993359     14003364       150.59
        1.73     0.993750     14003364       160.00
        1.74     0.994141     14010645       170.67
        1.74     0.994531     14017404       182.86
        1.75     0.994922     14023802       196.92
        1.76     0.995313     14029677       213.33
        1.77     0.995703     14034979       232.73
        1.77     0.996094     14039822       256.00
        1.77     0.996289     14039822       269.47
        1.78     0.996484     14044271       284.44
        1.78     0.996680     14044271       301.18
        1.79     0.996875     14048234       320.00
        1.80     0.997070     14051670       341.33
        1.81     0.997266     14054686       365.71
        1.81     0.997461     14057337       393.85
        1.82     0.997656     14059653       426.67
        1.83     0.997852     14061565       465.45
        1.84     0.998047     14063132       512.00
        1.85     0.998145     14064503       538.95
        1.86     0.998242     14066468       568.89
        1.88     0.998340     14067759       602.35
        1.90     0.998437     14068901       640.00
        1.94     0.998535     14070045       682.67
        1.96     0.998633     14071480       731.43
        1.98     0.998730     14073328       787.69
        1.99     0.998828     14074159       853.33
        2.01     0.998926     14076462       930.91
        2.02     0.999023     14077869      1024.00
        2.02     0.999072     14077869      1077.89
        2.02     0.999121     14079148      1137.78
        2.02     0.999170     14079148      1204.71
        2.03     0.999219     14080359      1280.00
        2.03     0.999268     14080359      1365.33
        2.04     0.999316     14081449      1462.86
        2.05     0.999365     14082432      1575.38
        2.05     0.999414     14082432      1706.67
        2.06     0.999463     14084105      1861.82
        2.06     0.999512     14084105      2048.00
        2.06     0.999536     14084105      2155.79
        2.08     0.999561     14085172      2275.56
        2.08     0.999585     14085172      2409.41
        2.08     0.999609     14085172      2560.00
        2.10     0.999634     14086295      2730.67
        2.10     0.999658     14086295      2925.71
        2.10     0.999683     14086295      3150.77
        2.11     0.999707     14087226      3413.33
        2.11     0.999731     14087226      3723.64
        2.11     0.999756     14087226      4096.00
        2.13     0.999768     14087765      4311.58
        2.13     0.999780     14087765      4551.11
        2.13     0.999792     14087765      4818.82
        2.14     0.999805     14088136      5120.00
        2.14     0.999817     14088136      5461.33
        2.16     0.999829     14088230      5851.43
        2.21     0.999841     14088385      6301.54
        2.29     0.999854     14088561      6826.67
        2.35     0.999866     14088728      7447.27
        2.40     0.999878     14088878      8192.00
        2.43     0.999884     14089006      8623.16
        2.45     0.999890     14089055      9102.22
        2.50     0.999896     14089158      9637.65
        2.56     0.999902     14089230     10240.00
        2.64     0.999908     14089307     10922.67
        2.72     0.999915     14089399     11702.86
        2.78     0.999921     14089497     12603.08
        2.81     0.999927     14089579     13653.33
        2.85     0.999933     14089699     14894.55
        2.86     0.999939     14089788     16384.00
        2.86     0.999942     14089788     17246.32
        2.88     0.999945     14089867     18204.44
        2.88     0.999948     14089867     19275.29
        2.90     0.999951     14089943     20480.00
        2.91     0.999954     14090001     21845.33
        2.91     0.999957     14090001     23405.71
        2.93     0.999960     14090069     25206.15
        2.94     0.999963     14090105     27306.67
        2.96     0.999966     14090150     29789.09
        2.98     0.999969     14090180     32768.00
        2.99     0.999971     14090207     34492.63
        3.01     0.999973     14090232     36408.89
        3.01     0.999974     14090232     38550.59
        3.04     0.999976     14090261     40960.00
        3.07     0.999977     14090278     43690.67
        3.26     0.999979     14090305     46811.43
        3.28     0.999980     14090338     50412.31
        3.29     0.999982     14090339     54613.33
        4.58     0.999983     14090402     59578.18
        4.58     0.999985     14090402     65536.00
        4.58     0.999986     14090402     68985.26
        4.83     0.999986     14090410     72817.78
        4.86     0.999987     14090446     77101.18
        4.86     0.999988     14090446     81920.00
        4.86     0.999989     14090446     87381.33
        4.89     0.999989     14090450     93622.86
        4.96     0.999990     14090493    100824.62
        4.96     0.999991     14090493    109226.67
        4.96     0.999992     14090493    119156.36
        4.96     0.999992     14090493    131072.00
        5.41     0.999993     14090495    137970.53
       14.21     0.999993     14090537    145635.56
       14.21     0.999994     14090537    154202.35
       14.21     0.999994     14090537    163840.00
       14.21     0.999994     14090537    174762.67
       14.21     0.999995     14090537    187245.71
       14.21     0.999995     14090537    201649.23
       14.21     0.999995     14090537    218453.33
       14.27     0.999996     14090543    238312.73
       15.10     0.999996     14090544    262144.00
       48.38     0.999996     14090593    275941.05
       48.38     0.999997     14090593    291271.11
       48.38     0.999997     14090593    308404.71
       48.38     0.999997     14090593    327680.00
       48.38     0.999997     14090593    349525.33
       48.38     0.999997     14090593    374491.43
       48.38     0.999998     14090593    403298.46
       48.38     0.999998     14090593    436906.67
       48.38     0.999998     14090593    476625.45
       48.38     0.999998     14090593    524288.00
       48.38     0.999998     14090593    551882.11
       48.38     0.999998     14090593    582542.22
       48.38     0.999998     14090593    616809.41
       48.38     0.999998     14090593    655360.00
       48.38     0.999999     14090593    699050.67
       48.38     0.999999     14090593    748982.86
       48.38     0.999999     14090593    806596.92
       48.38     0.999999     14090593    873813.33
       48.38     0.999999     14090593    953250.91
       48.38     0.999999     14090593   1048576.00
       48.38     0.999999     14090593   1103764.21
       48.38     0.999999     14090593   1165084.44
       48.38     0.999999     14090593   1233618.82
       48.38     0.999999     14090593   1310720.00
       48.38     0.999999     14090593   1398101.33
       48.38     0.999999     14090593   1497965.71
       48.38     0.999999     14090593   1613193.85
       48.38     0.999999     14090593   1747626.67
       48.38     0.999999     14090593   1906501.82
       48.38     1.000000     14090593   2097152.00
       48.38     1.000000     14090593   2207528.42
       48.38     1.000000     14090593   2330168.89
       48.38     1.000000     14090593   2467237.65
       48.38     1.000000     14090593   2621440.00
       48.38     1.000000     14090593   2796202.67
       48.38     1.000000     14090593   2995931.43
       48.38     1.000000     14090593   3226387.69
       48.38     1.000000     14090593   3495253.33
       49.15     1.000000     14090595   3813003.64
       49.15     1.000000     14090595   4194304.00
       49.15     1.000000     14090595   4415056.84
       49.15     1.000000     14090595   4660337.78
       49.15     1.000000     14090595   4934475.29
       49.15     1.000000     14090595   5242880.00
       49.15     1.000000     14090595   5592405.33
       49.15     1.000000     14090595   5991862.86
       49.15     1.000000     14090595   6452775.39
       49.15     1.000000     14090595   6990506.67
       62.21     1.000000     14090596   7626007.28
       62.21     1.000000     14090596   8388608.00
       62.21     1.000000     14090596   8830113.68
       62.21     1.000000     14090596   9320675.55
       62.21     1.000000     14090596   9868950.59
       62.21     1.000000     14090596  10485760.00
       62.21     1.000000     14090596  11184810.67
       62.21     1.000000     14090596  11983725.71
       62.21     1.000000     14090596  12905550.76
       62.21     1.000000     14090596  13981013.34
       62.46     1.000000     14090597  15252014.55
       62.46     1.000000     14090597          inf
#[Mean    =        0.820, StdDeviation   =        0.233]
#[Max     =       62.463, Total count    =     14090597]
#[Buckets =           20, SubBuckets     =          256]
