       Value   Percentile   TotalCount 1/(1-Percentile)

        0.22     0.000000            3         1.00
        1.85     0.050000      3288165         1.05
        1.88     0.100000      5989080         1.11
        1.90     0.150000      8705094         1.18
        1.93     0.200000     11896503         1.25
        1.95     0.250000     15345121         1.33
        1.97     0.300000     17656523         1.43
        1.99     0.350000     20955228         1.54
        2.01     0.400000     22951070         1.67
        2.04     0.450000     26292165         1.82
        2.08     0.500000     29130572         2.00
        2.10     0.525000     29907104         2.11
        2.14     0.550000     31341168         2.22
        2.78     0.575000     32703141         2.35
        2.96     0.600000     34245085         2.50
        3.02     0.625000     35540235         2.67
        3.09     0.650000     37362050         2.86
        3.12     0.675000     38472611         3.08
        3.17     0.700000     40368461         3.33
        3.20     0.725000     41746787         3.64
        3.23     0.750000     43170442         4.00
        3.25     0.762500     43880444         4.21
        3.26     0.775000     44577134         4.44
        3.28     0.787500     45252524         4.71
        3.29     0.800000     45901639         5.00
        3.31     0.812500     46515827         5.33
        3.33     0.825000     47091490         5.71
        3.34     0.837500     47626937         6.15
        3.38     0.850000     48584750         6.67
        3.41     0.862500     49433721         7.27
        3.42     0.875000     49839449         8.00
        3.44     0.881250     50239825         8.42
        3.46     0.887500     50646692         8.89
        3.47     0.893750     51062236         9.41
        3.49     0.900000     51487031        10.00
        3.50     0.906250     51919889        10.67
        3.50     0.912500     51919889        11.43
        3.52     0.918750     52361759        12.31
        3.54     0.925000     52795488        13.33
        3.55     0.931250     53226162        14.55
        3.57     0.937500     53643702        16.00
        3.57     0.940625     53643702        16.84
        3.58     0.943750     54033232        17.78
        3.58     0.946875     54033232        18.82
        3.58     0.950000     54033232        20.00
        3.60     0.953125     54390889        21.33
        3.60     0.956250     54390889        22.86
        3.62     0.959375     54716150        24.62
        3.63     0.962500     55001689        26.67
        3.63     0.965625     55001689        29.09
        3.65     0.968750     55250729        32.00
        3.65     0.970313     55250729        33.68
        3.66     0.971875     55467579        35.56
        3.66     0.973437     55467579        37.65
        3.66     0.975000     55467579        40.00
        3.68     0.976562     55651314        42.67
        3.68     0.978125     55651314        45.71
        3.69     0.979688     55803649        49.23
        3.69     0.981250     55803649        53.33
        3.71     0.982812     55935851        58.18
        3.73     0.984375     56047777        64.00
        3.73     0.985156     56047777        67.37
        3.74     0.985938     56143210        71.11
        3.74     0.986719     56143210        75.29
        3.76     0.987500     56228095        80.00
        3.76     0.988281     56228095        85.33
        3.77     0.989062     56302181        91.43
        3.77     0.989844     56302181        98.46
        3.79     0.990625     56368691       106.67
        3.81     0.991406     56429398       116.36
        3.81     0.992188     56429398       128.00
        3.82     0.992578     56484452       134.74
        3.82     0.992969     56484452       142.22
        3.82     0.993359     56484452       150.59
        3.84     0.993750     56533793       160.00
        3.84     0.994141     56533793       170.67
        3.85     0.994531     56579348       182.86
        3.85     0.994922     56579348       196.92
        3.87     0.995313     56619894       213.33
        3.87     0.995703     56619894       232.73
        3.89     0.996094     56655528       256.00
        3.89     0.996289     56655528       269.47
        3.90     0.996484     56687091       284.44
        3.90     0.996680     56687091       301.18
        3.90     0.996875     56687091       320.00
        3.92     0.997070     56714517       341.33
        3.92     0.997266     56714517       365.71
        3.92     0.997461     56714517       393.85
        3.94     0.997656     56738130       426.67
        3.94     0.997852     56738130       465.45
        3.95     0.998047     56757652       512.00
        3.95     0.998145     56757652       538.95
        3.95     0.998242     56757652       568.89
        3.97     0.998340     56774412       602.35
        3.97     0.998437     56774412       640.00
        3.97     0.998535     56774412       682.67
        3.98     0.998633     56787496       731.43
        3.98     0.998730     56787496       787.69
        4.00     0.998828     56798462       853.33
        4.00     0.998926     56798462       930.91
        4.01     0.999023     56807347      1024.00
        4.01     0.999072     56807347      1077.89
        4.03     0.999121     56814533      1137.78
        4.03     0.999170     56814533      1204.71
        4.03     0.999219     56814533      1280.00
        4.05     0.999268     56820601      1365.33
        4.05     0.999316     56820601      1462.86
        4.06     0.999365     56825417      1575.38
        4.06     0.999414     56825417      1706.67
        4.08     0.999463     56829219      1861.82
        4.09     0.999512     56832061      2048.00
        4.09     0.999536     56832061      2155.79
        4.13     0.999561     56836651      2275.56
        4.13     0.999585     56836651      2409.41
        4.13     0.999609     56836651      2560.00
        4.13     0.999634     56836651      2730.67
        4.16     0.999658     56839655      2925.71
        4.16     0.999683     56839655      3150.77
        4.19     0.999707     56841853      3413.33
        4.22     0.999731     56843502      3723.64
        4.25     0.999756     56844989      4096.00
        4.25     0.999768     56844989      4311.58
        4.25     0.999780     56844989      4551.11
        4.29     0.999792     56846332      4818.82
        4.29     0.999805     56846332      5120.00
        4.32     0.999817     56847499      5461.33
        4.35     0.999829     56848585      5851.43
        4.35     0.999841     56848585      6301.54
        4.38     0.999854     56849473      6826.67
        4.42     0.999866     56850242      7447.27
        4.45     0.999878     56850948      8192.00
        4.45     0.999884     56850948      8623.16
        4.48     0.999890     56851642      9102.22
        4.48     0.999896     56851642      9637.65
        4.51     0.999902     56852263     10240.00
        4.51     0.999908     56852263     10922.67
        4.54     0.999915     56852815     11702.86
        4.58     0.999921     56853429     12603.08
        4.58     0.999927     56853429     13653.33
        4.61     0.999933     56853971     14894.55
        4.61     0.999939     56853971     16384.00
        4.64     0.999942     56854422     17246.32
        4.64     0.999945     56854422     18204.44
        4.67     0.999948     56854788     19275.29
        4.67     0.999951     56854788     20480.00
        4.70     0.999954     56855110     21845.33
        4.70     0.999957     56855110     23405.71
        4.74     0.999960     56855454     25206.15
        4.74     0.999963     56855454     27306.67
        4.77     0.999966     56855731     29789.09
        4.77     0.999969     56855731     32768.00
        4.80     0.999971     56855941     34492.63
        4.80     0.999973     56855941     36408.89
        4.83     0.999974     56856144     38550.59
        4.83     0.999976     56856144     40960.00
        4.83     0.999977     56856144     43690.67
        4.86     0.999979     56856297     46811.43
        4.89     0.999980     56856448     50412.31
        4.89     0.999982     56856448     54613.33
        4.93     0.999983     56856593     59578.18
        4.93     0.999985     56856593     65536.00
        4.96     0.999986     56856678     68985.26
        4.96     0.999986     56856678     72817.78
        4.99     0.999987     56856757     77101.18
        4.99     0.999988     56856757     81920.00
        5.02     0.999989     56856834     87381.33
        5.02     0.999989     56856834     93622.86
        5.05     0.999990     56856905    100824.62
        5.09     0.999991     56856959    109226.67
        5.09     0.999992     56856959    119156.36
        5.12     0.999992     56857000    131072.00
        5.15     0.999993     56857084    137970.53
        5.15     0.999993     56857084    145635.56
        5.15     0.999994     56857084    154202.35
        5.15     0.999994     56857084    163840.00
        5.18     0.999994     56857123    174762.67
        5.21     0.999995     56857155    187245.71
        5.21     0.999995     56857155    201649.23
        5.25     0.999995     56857186    218453.33
        5.28     0.999996     56857213    238312.73
        5.28     0.999996     56857213    262144.00
        5.31     0.999996     56857229    275941.05
        5.34     0.999997     56857247    291271.11
        5.34     0.999997     56857247    308404.71
        5.38     0.999997     56857259    327680.00
        5.41     0.999997     56857274    349525.33
        5.44     0.999997     56857303    374491.43
        5.44     0.999998     56857303    403298.46
        5.44     0.999998     56857303    436906.67
        5.47     0.999998     56857317    476625.45
        5.50     0.999998     56857339    524288.00
        5.50     0.999998     56857339    551882.11
        5.50     0.999998     56857339    582542.22
        5.50     0.999998     56857339    616809.41
        5.54     0.999998     56857365    655360.00
        5.54     0.999999     56857365    699050.67
        5.54     0.999999     56857365    748982.86
        5.54     0.999999     56857365    806596.92
        5.54     0.999999     56857365    873813.33
        5.57     0.999999     56857385    953250.91
        5.57     0.999999     56857385   1048576.00
        5.57     0.999999     56857385   1103764.21
        5.57     0.999999     56857385   1165084.44
        5.57     0.999999     56857385   1233618.82
        5.57     0.999999     56857385   1310720.00
        5.60     0.999999     56857395   1398101.33
        5.60     0.999999     56857395   1497965.71
        5.60     0.999999     56857395   1613193.85
        5.63     0.999999     56857404   1747626.67
        5.63     0.999999     56857404   1906501.82
        5.63     1.000000     56857404   2097152.00
        5.63     1.000000     56857404   2207528.42
        5.63     1.000000     56857404   2330168.89
        5.66     1.000000     56857411   2467237.65
        5.66     1.000000     56857411   2621440.00
        5.66     1.000000     56857411   2796202.67
        5.66     1.000000     56857411   2995931.43
        5.66     1.000000     56857411   3226387.69
        5.70     1.000000     56857420   3495253.33
        5.70     1.000000     56857420   3813003.64
        5.70     1.000000     56857420   4194304.00
        5.70     1.000000     56857420   4415056.84
        5.70     1.000000     56857420   4660337.78
        5.70     1.000000     56857420   4934475.29
        5.70     1.000000     56857420   5242880.00
        5.70     1.000000     56857420   5592405.33
        5.70     1.000000     56857420   5991862.86
        5.70     1.000000     56857420   6452775.39
        5.70     1.000000     56857420   6990506.67
        5.73     1.000000     56857421   7626007.28
        5.76     1.000000     56857422   8388608.00
        5.76     1.000000     56857422   8830113.68
        5.76     1.000000     56857422   9320675.55
        5.79     1.000000     56857424   9868950.59
        5.79     1.000000     56857424  10485760.00
        5.79     1.000000     56857424  11184810.67
        5.79     1.000000     56857424  11983725.71
        5.79     1.000000     56857424  12905550.76
        5.79     1.000000     56857424  13981013.34
        5.82     1.000000     56857425  15252014.55
        5.82     1.000000     56857425  16777216.00
        5.82     1.000000     56857425  17660227.38
        5.82     1.000000     56857425  18641351.10
        5.86     1.000000     56857426  19737901.19
        5.86     1.000000     56857426  20971519.98
        5.86     1.000000     56857426  22369621.33
        5.86     1.000000     56857426  23967451.45
        5.86     1.000000     56857426  25811101.52
        5.86     1.000000     56857426  27962026.68
        5.89     1.000000     56857428  30504029.05
        5.89     1.000000     56857428          inf
#[Mean    =        2.531, StdDeviation   =        0.678]
#[Max     =        5.887, Total count    =     56857428]
#[Buckets =           20, SubBuckets     =          256]
