       Value   Percentile   TotalCount 1/(1-Percentile)

        0.29     0.000000            1         1.00
        1.85     0.050000      3091717         1.05
        1.90     0.100000      6442211         1.11
        1.92     0.150000      9185509         1.18
        1.94     0.200000     12339620         1.25
        1.96     0.250000     14551975         1.33
        1.98     0.300000     17907176         1.43
        2.00     0.350000     20045494         1.54
        2.02     0.400000     22955614         1.67
        2.05     0.450000     25415300         1.82
        2.10     0.500000     28836226         2.00
        2.13     0.525000     30165881         2.11
        2.17     0.550000     31239860         2.22
        2.83     0.575000     32524235         2.35
        2.98     0.600000     33962417         2.50
        3.06     0.625000     35641625         2.67
        3.10     0.650000     37038176         2.86
        3.13     0.675000     38130330         3.08
        3.18     0.700000     39989523         3.33
        3.21     0.725000     41347732         3.64
        3.25     0.750000     42748900         4.00
        3.26     0.762500     43447389         4.21
        3.28     0.775000     44135988         4.44
        3.29     0.787500     44803906         4.71
        3.31     0.800000     45443865         5.00
        3.33     0.812500     46051075         5.33
        3.34     0.825000     46621110         5.71
        3.38     0.837500     47641918         6.15
        3.39     0.850000     48098451         6.67
        3.42     0.862500     48936288         7.27
        3.46     0.875000     49731711         8.00
        3.47     0.881250     50128013         8.42
        3.47     0.887500     50128013         8.89
        3.49     0.893750     50538228         9.41
        3.50     0.900000     50962547        10.00
        3.52     0.906250     51398426        10.67
        3.54     0.912500     51839601        11.43
        3.55     0.918750     52282170        12.31
        3.55     0.925000     52282170        13.33
        3.57     0.931250     52713740        14.55
        3.58     0.937500     53131975        16.00
        3.58     0.940625     53131975        16.84
        3.60     0.943750     53525602        17.78
        3.60     0.946875     53525602        18.82
        3.62     0.950000     53889178        20.00
        3.62     0.953125     53889178        21.33
        3.63     0.956250     54219178        22.86
        3.63     0.959375     54219178        24.62
        3.65     0.962500     54516174        26.67
        3.66     0.965625     54773523        29.09
        3.66     0.968750     54773523        32.00
        3.68     0.970313     54994038        33.68
        3.68     0.971875     54994038        35.56
        3.68     0.973437     54994038        37.65
        3.69     0.975000     55181748        40.00
        3.69     0.976562     55181748        42.67
        3.71     0.978125     55342313        45.71
        3.71     0.979688     55342313        49.23
        3.73     0.981250     55478370        53.33
        3.74     0.982812     55594264        58.18
        3.74     0.984375     55594264        64.00
        3.76     0.985156     55693661        67.37
        3.76     0.985938     55693661        71.11
        3.77     0.986719     55781823        75.29
        3.77     0.987500     55781823        80.00
        3.79     0.988281     55859318        85.33
        3.79     0.989062     55859318        91.43
        3.81     0.989844     55928238        98.46
        3.82     0.990625     55991041       106.67
        3.82     0.991406     55991041       116.36
        3.84     0.992188     56048321       128.00
        3.84     0.992578     56048321       134.74
        3.85     0.992969     56100503       142.22
        3.85     0.993359     56100503       150.59
        3.87     0.993750     56147767       160.00
        3.87     0.994141     56147767       170.67
        3.89     0.994531     56191057       182.86
        3.89     0.994922     56191057       196.92
        3.90     0.995313     56229826       213.33
        3.90     0.995703     56229826       232.73
        3.92     0.996094     56263794       256.00
        3.92     0.996289     56263794       269.47
        3.92     0.996484     56263794       284.44
        3.94     0.996680     56293930       301.18
        3.94     0.996875     56293930       320.00
        3.95     0.997070     56319835       341.33
        3.95     0.997266     56319835       365.71
        3.95     0.997461     56319835       393.85
        3.97     0.997656     56341655       426.67
        3.97     0.997852     56341655       465.45
        3.98     0.998047     56360001       512.00
        3.98     0.998145     56360001       538.95
        4.00     0.998242     56375550       568.89
        4.00     0.998340     56375550       602.35
        4.00     0.998437     56375550       640.00
        4.01     0.998535     56388609       682.67
        4.01     0.998633     56388609       731.43
        4.01     0.998730     56388609       787.69
        4.03     0.998828     56398999       853.33
        4.05     0.998926     56407623       930.91
        4.05     0.999023     56407623      1024.00
        4.06     0.999072     56414696      1077.89
        4.06     0.999121     56414696      1137.78
        4.06     0.999170     56414696      1204.71
        4.08     0.999219     56420152      1280.00
        4.08     0.999268     56420152      1365.33
        4.09     0.999316     56424677      1462.86
        4.09     0.999365     56424677      1575.38
        4.13     0.999414     56431370      1706.67
        4.13     0.999463     56431370      1861.82
        4.16     0.999512     56436062      2048.00
        4.16     0.999536     56436062      2155.79
        4.16     0.999561     56436062      2275.56
        4.19     0.999585     56439224      2409.41
        4.19     0.999609     56439224      2560.00
        4.22     0.999634     56441924      2730.67
        4.22     0.999658     56441924      2925.71
        4.25     0.999683     56444103      3150.77
        4.25     0.999707     56444103      3413.33
        4.29     0.999731     56445762      3723.64
        4.32     0.999756     56447289      4096.00
        4.32     0.999768     56447289      4311.58
        4.35     0.999780     56448571      4551.11
        4.35     0.999792     56448571      4818.82
        4.38     0.999805     56449682      5120.00
        4.42     0.999817     56450915      5461.33
        4.42     0.999829     56450915      5851.43
        4.45     0.999841     56451848      6301.54
        4.48     0.999854     56452743      6826.67
        4.48     0.999866     56452743      7447.27
        4.51     0.999878     56453525      8192.00
        4.54     0.999884     56454194      8623.16
        4.54     0.999890     56454194      9102.22
        4.58     0.999896     56454803      9637.65
        4.58     0.999902     56454803     10240.00
        4.61     0.999908     56455402     10922.67
        4.64     0.999915     56455951     11702.86
        4.64     0.999921     56455951     12603.08
        4.67     0.999927     56456441     13653.33
        4.70     0.999933     56456917     14894.55
        4.70     0.999939     56456917     16384.00
        4.74     0.999942     56457367     17246.32
        4.74     0.999945     56457367     18204.44
        4.74     0.999948     56457367     19275.29
        4.77     0.999951     56457796     20480.00
        4.77     0.999954     56457796     21845.33
        4.80     0.999957     56458054     23405.71
        4.80     0.999960     56458054     25206.15
        4.83     0.999963     56458299     27306.67
        4.86     0.999966     56458530     29789.09
        4.86     0.999969     56458530     32768.00
        4.89     0.999971     56458716     34492.63
        4.89     0.999973     56458716     36408.89
        4.93     0.999974     56458895     38550.59
        4.93     0.999976     56458895     40960.00
        4.96     0.999977     56459016     43690.67
        4.99     0.999979     56459161     46811.43
        4.99     0.999980     56459161     50412.31
        5.02     0.999982     56459302     54613.33
        5.02     0.999983     56459302     59578.18
        5.05     0.999985     56459419     65536.00
        5.05     0.999986     56459419     68985.26
        5.09     0.999986     56459481     72817.78
        5.12     0.999987     56459619     77101.18
        5.12     0.999988     56459619     81920.00
        5.12     0.999989     56459619     87381.33
        5.15     0.999989     56459706     93622.86
        5.15     0.999990     56459706    100824.62
        5.18     0.999991     56459754    109226.67
        5.21     0.999992     56459793    119156.36
        5.25     0.999992     56459833    131072.00
        5.25     0.999993     56459833    137970.53
        5.28     0.999993     56459889    145635.56
        5.28     0.999994     56459889    154202.35
        5.31     0.999994     56459931    163840.00
        5.31     0.999994     56459931    174762.67
        5.34     0.999995     56459959    187245.71
        5.34     0.999995     56459959    201649.23
        5.38     0.999995     56459985    218453.33
        5.41     0.999996     56460006    238312.73
        5.44     0.999996     56460029    262144.00
        5.47     0.999996     56460046    275941.05
        5.47     0.999997     56460046    291271.11
        5.50     0.999997     56460063    308404.71
        5.54     0.999997     56460078    327680.00
        5.54     0.999997     56460078    349525.33
        5.57     0.999997     56460099    374491.43
        5.57     0.999998     56460099    403298.46
        5.63     0.999998     56460115    436906.67
        5.66     0.999998     56460118    476625.45
        5.73     0.999998     56460130    524288.00
        5.79     0.999998     56460137    551882.11
        5.86     0.999998     56460142    582542.22
        5.89     0.999998     56460145    616809.41
        6.01     0.999998     56460155    655360.00
        6.05     0.999999     56460166    699050.67
        6.05     0.999999     56460166    748982.86
        6.08     0.999999     56460176    806596.92
        6.08     0.999999     56460176    873813.33
        6.11     0.999999     56460187    953250.91
        6.11     0.999999     56460187   1048576.00
        6.11     0.999999     56460187   1103764.21
        6.14     0.999999     56460195   1165084.44
        6.14     0.999999     56460195   1233618.82
        6.14     0.999999     56460195   1310720.00
        6.17     0.999999     56460200   1398101.33
        6.17     0.999999     56460200   1497965.71
        6.21     0.999999     56460206   1613193.85
        6.21     0.999999     56460206   1747626.67
        6.24     0.999999     56460210   1906501.82
        6.24     1.000000     56460210   2097152.00
        6.27     1.000000     56460212   2207528.42
        6.27     1.000000     56460212   2330168.89
        6.30     1.000000     56460220   2467237.65
        6.30     1.000000     56460220   2621440.00
        6.30     1.000000     56460220   2796202.67
        6.30     1.000000     56460220   2995931.43
        6.30     1.000000     56460220   3226387.69
        6.30     1.000000     56460220   3495253.33
        6.33     1.000000     56460229   3813003.64
        6.33     1.000000     56460229   4194304.00
        6.33     1.000000     56460229   4415056.84
        6.33     1.000000     56460229   4660337.78
        6.33     1.000000     56460229   4934475.29
        6.33     1.000000     56460229   5242880.00
        6.33     1.000000     56460229   5592405.33
        6.33     1.000000     56460229   5991862.86
        6.33     1.000000     56460229   6452775.39
        6.33     1.000000     56460229   6990506.67
        6.33     1.000000     56460229   7626007.28
        6.37     1.000000     56460232   8388608.00
        6.37     1.000000     56460232   8830113.68
        6.37     1.000000     56460232   9320675.55
        6.37     1.000000     56460232   9868950.59
        6.37     1.000000     56460232  10485760.00
        6.37     1.000000     56460232  11184810.67
        6.37     1.000000     56460232  11983725.71
        6.37     1.000000     56460232  12905550.76
        6.37     1.000000     56460232  13981013.34
        6.40     1.000000     56460233  15252014.55
        6.40     1.000000     56460233  16777216.00
        6.40     1.000000     56460233  17660227.38
        6.40     1.000000     56460233  18641351.10
        6.43     1.000000     56460234  19737901.19
        6.43     1.000000     56460234  20971519.98
        6.43     1.000000     56460234  22369621.33
        6.43     1.000000     56460234  23967451.45
        6.43     1.000000     56460234  25811101.52
        6.43     1.000000     56460234  27962026.68
        6.46     1.000000     56460236  30504029.05
        6.46     1.000000     56460236          inf
#[Mean    =        2.549, StdDeviation   =        0.682]
#[Max     =        6.463, Total count    =     56460236]
#[Buckets =           20, SubBuckets     =          256]
