       Value   Percentile   TotalCount 1/(1-Percentile)

        0.29     0.000000            2         1.00
        1.85     0.050000      6183370         1.05
        1.90     0.100000     12884262         1.11
        1.92     0.150000     18370745         1.18
        1.94     0.200000     24678824         1.25
        1.96     0.250000     29103395         1.33
        1.98     0.300000     35813521         1.43
        2.00     0.350000     40090008         1.54
        2.02     0.400000     45909978         1.67
        2.05     0.450000     50829150         1.82
        2.10     0.500000     57670944         2.00
        2.13     0.525000     60330323         2.11
        2.17     0.550000     62478525         2.22
        2.83     0.575000     65048275         2.35
        2.98     0.600000     67924676         2.50
        3.06     0.625000     71283185         2.67
        3.10     0.650000     74076392         2.86
        3.13     0.675000     76260780         3.08
        3.18     0.700000     79979318         3.33
        3.21     0.725000     82695843         3.64
        3.25     0.750000     85498287         4.00
        3.26     0.762500     86895317         4.21
        3.28     0.775000     88272556         4.44
        3.29     0.787500     89608436         4.71
        3.31     0.800000     90888379         5.00
        3.33     0.812500     92102821         5.33
        3.34     0.825000     93242910         5.71
        3.38     0.837500     95284530         6.15
        3.39     0.850000     96197568         6.67
        3.42     0.862500     97873164         7.27
        3.46     0.875000     99463928         8.00
        3.47     0.881250    100256460         8.42
        3.47     0.887500    100256460         8.89
        3.49     0.893750    101076818         9.41
        3.50     0.900000    101925414        10.00
        3.52     0.906250    102797114        10.67
        3.54     0.912500    103679399        11.43
        3.55     0.918750    104564462        12.31
        3.55     0.925000    104564462        13.33
        3.57     0.931250    105427514        14.55
        3.58     0.937500    106263934        16.00
        3.58     0.940625    106263934        16.84
        3.60     0.943750    107051162        17.78
        3.60     0.946875    107051162        18.82
        3.62     0.950000    107778304        20.00
        3.62     0.953125    107778304        21.33
        3.63     0.956250    108438281        22.86
        3.63     0.959375    108438281        24.62
        3.65     0.962500    109032259        26.67
        3.66     0.965625    109546916        29.09
        3.66     0.968750    109546916        32.00
        3.68     0.970313    109987923        33.68
        3.68     0.971875    109987923        35.56
        3.68     0.973437    109987923        37.65
        3.69     0.975000    110363342        40.00
        3.69     0.976562    110363342        42.67
        3.71     0.978125    110684483        45.71
        3.71     0.979688    110684483        49.23
        3.73     0.981250    110956594        53.33
        3.74     0.982812    111188426        58.18
        3.74     0.984375    111188426        64.00
        3.76     0.985156    111387221        67.37
        3.76     0.985938    111387221        71.11
        3.77     0.986719    111563562        75.29
        3.77     0.987500    111563562        80.00
        3.79     0.988281    111718547        85.33
        3.79     0.989062    111718547        91.43
        3.81     0.989844    111856382        98.46
        3.82     0.990625    111981991       106.67
        3.82     0.991406    111981991       116.36
        3.84     0.992188    112096552       128.00
        3.84     0.992578    112096552       134.74
        3.85     0.992969    112200919       142.22
        3.85     0.993359    112200919       150.59
        3.87     0.993750    112295451       160.00
        3.87     0.994141    112295451       170.67
        3.89     0.994531    112382041       182.86
        3.89     0.994922    112382041       196.92
        3.90     0.995313    112459581       213.33
        3.90     0.995703    112459581       232.73
        3.92     0.996094    112527535       256.00
        3.92     0.996289    112527535       269.47
        3.92     0.996484    112527535       284.44
        3.94     0.996680    112587799       301.18
        3.94     0.996875    112587799       320.00
        3.95     0.997070    112639608       341.33
        3.95     0.997266    112639608       365.71
        3.95     0.997461    112639608       393.85
        3.97     0.997656    112683247       426.67
        3.97     0.997852    112683247       465.45
        3.98     0.998047    112719932       512.00
        3.98     0.998145    112719932       538.95
        4.00     0.998242    112751026       568.89
        4.00     0.998340    112751026       602.35
        4.00     0.998437    112751026       640.00
        4.01     0.998535    112777143       682.67
        4.01     0.998633    112777143       731.43
        4.01     0.998730    112777143       787.69
        4.03     0.998828    112797918       853.33
        4.05     0.998926    112815165       930.91
        4.05     0.999023    112815165      1024.00
        4.06     0.999072    112829311      1077.89
        4.06     0.999121    112829311      1137.78
        4.06     0.999170    112829311      1204.71
        4.08     0.999219    112840220      1280.00
        4.08     0.999268    112840220      1365.33
        4.09     0.999316    112849266      1462.86
        4.09     0.999365    112849266      1575.38
        4.13     0.999414    112862648      1706.67
        4.13     0.999463    112862648      1861.82
        4.16     0.999512    112872028      2048.00
        4.16     0.999536    112872028      2155.79
        4.16     0.999561    112872028      2275.56
        4.19     0.999585    112878352      2409.41
        4.19     0.999609    112878352      2560.00
        4.22     0.999634    112883750      2730.67
        4.22     0.999658    112883750      2925.71
        4.25     0.999683    112888106      3150.77
        4.25     0.999707    112888106      3413.33
        4.29     0.999731    112891419      3723.64
        4.32     0.999756    112894470      4096.00
        4.32     0.999768    112894470      4311.58
        4.35     0.999780    112897032      4551.11
        4.35     0.999792    112897032      4818.82
        4.38     0.999805    112899255      5120.00
        4.42     0.999817    112901721      5461.33
        4.42     0.999829    112901721      5851.43
        4.45     0.999841    112903588      6301.54
        4.48     0.999854    112905380      6826.67
        4.48     0.999866    112905380      7447.27
        4.51     0.999878    112906941      8192.00
        4.54     0.999884    112908279      8623.16
        4.54     0.999890    112908279      9102.22
        4.58     0.999896    112909497      9637.65
        4.58     0.999902    112909497     10240.00
        4.61     0.999908    112910695     10922.67
        4.64     0.999915    112911796     11702.86
        4.64     0.999921    112911796     12603.08
        4.67     0.999927    112912778     13653.33
        4.70     0.999933    112913730     14894.55
        4.70     0.999939    112913730     16384.00
        4.74     0.999942    112914630     17246.32
        4.74     0.999945    112914630     18204.44
        4.74     0.999948    112914630     19275.29
        4.77     0.999951    112915488     20480.00
        4.77     0.999954    112915488     21845.33
        4.80     0.999957    112916004     23405.71
        4.80     0.999960    112916004     25206.15
        4.83     0.999963    112916494     27306.67
        4.86     0.999966    112916956     29789.09
        4.86     0.999969    112916956     32768.00
        4.89     0.999971    112917328     34492.63
        4.89     0.999973    112917328     36408.89
        4.93     0.999974    112917686     38550.59
        4.93     0.999976    112917686     40960.00
        4.96     0.999977    112917929     43690.67
        4.99     0.999979    112918219     46811.43
        4.99     0.999980    112918219     50412.31
        5.02     0.999982    112918502     54613.33
        5.02     0.999983    112918502     59578.18
        5.05     0.999985    112918737     65536.00
        5.05     0.999986    112918737     68985.26
        5.09     0.999986    112918862     72817.78
        5.12     0.999987    112919138     77101.18
        5.12     0.999988    112919138     81920.00
        5.12     0.999989    112919138     87381.33
        5.15     0.999989    112919312     93622.86
        5.15     0.999990    112919312    100824.62
        5.18     0.999991    112919408    109226.67
        5.21     0.999992    112919486    119156.36
        5.25     0.999992    112919566    131072.00
        5.25     0.999993    112919566    137970.53
        5.28     0.999993    112919678    145635.56
        5.28     0.999994    112919678    154202.35
        5.31     0.999994    112919762    163840.00
        5.31     0.999994    112919762    174762.67
        5.34     0.999995    112919818    187245.71
        5.34     0.999995    112919818    201649.23
        5.38     0.999995    112919870    218453.33
        5.41     0.999996    112919912    238312.73
        5.44     0.999996    112919958    262144.00
        5.47     0.999996    112919992    275941.05
        5.47     0.999997    112919992    291271.11
        5.50     0.999997    112920026    308404.71
        5.54     0.999997    112920056    327680.00
        5.54     0.999997    112920056    349525.33
        5.57     0.999997    112920098    374491.43
        5.57     0.999998    112920098    403298.46
        5.63     0.999998    112920130    436906.67
        5.66     0.999998    112920136    476625.45
        5.73     0.999998    112920160    524288.00
        5.79     0.999998    112920174    551882.11
        5.86     0.999998    112920184    582542.22
        5.89     0.999998    112920190    616809.41
        6.01     0.999998    112920210    655360.00
        6.05     0.999999    112920232    699050.67
        6.05     0.999999    112920232    748982.86
        6.08     0.999999    112920252    806596.92
        6.08     0.999999    112920252    873813.33
        6.11     0.999999    112920274    953250.91
        6.11     0.999999    112920274   1048576.00
        6.11     0.999999    112920274   1103764.21
        6.14     0.999999    112920290   1165084.44
        6.14     0.999999    112920290   1233618.82
        6.14     0.999999    112920290   1310720.00
        6.17     0.999999    112920300   1398101.33
        6.17     0.999999    112920300   1497965.71
        6.21     0.999999    112920312   1613193.85
        6.21     0.999999    112920312   1747626.67
        6.24     0.999999    112920320   1906501.82
        6.24     1.000000    112920320   2097152.00
        6.27     1.000000    112920324   2207528.42
        6.27     1.000000    112920324   2330168.89
        6.30     1.000000    112920340   2467237.65
        6.30     1.000000    112920340   2621440.00
        6.30     1.000000    112920340   2796202.67
        6.30     1.000000    112920340   2995931.43
        6.30     1.000000    112920340   3226387.69
        6.30     1.000000    112920340   3495253.33
        6.33     1.000000    112920358   3813003.64
        6.33     1.000000    112920358   4194304.00
        6.33     1.000000    112920358   4415056.84
        6.33     1.000000    112920358   4660337.78
        6.33     1.000000    112920358   4934475.29
        6.33     1.000000    112920358   5242880.00
        6.33     1.000000    112920358   5592405.33
        6.33     1.000000    112920358   5991862.86
        6.33     1.000000    112920358   6452775.39
        6.33     1.000000    112920358   6990506.67
        6.33     1.000000    112920358   7626007.28
        6.37     1.000000    112920364   8388608.00
        6.37     1.000000    112920364   8830113.68
        6.37     1.000000    112920364   9320675.55
        6.37     1.000000    112920364   9868950.59
        6.37     1.000000    112920364  10485760.00
        6.37     1.000000    112920364  11184810.67
        6.37     1.000000    112920364  11983725.71
        6.37     1.000000    112920364  12905550.76
        6.37     1.000000    112920364  13981013.34
        6.40     1.000000    112920366  15252014.55
        6.40     1.000000    112920366  16777216.00
        6.40     1.000000    112920366  17660227.38
        6.40     1.000000    112920366  18641351.10
        6.43     1.000000    112920368  19737901.19
        6.43     1.000000    112920368  20971519.98
        6.43     1.000000    112920368  22369621.33
        6.43     1.000000    112920368  23967451.45
        6.43     1.000000    112920368  25811101.52
        6.43     1.000000    112920368  27962026.68
        6.46     1.000000    112920372  30504029.05
        6.46     1.000000    112920372          inf
#[Mean    =        2.549, StdDeviation   =        0.682]
#[Max     =        6.463, Total count    =    112920372]
#[Buckets =           20, SubBuckets     =          256]
