       Value   Percentile   TotalCount 1/(1-Percentile)

        0.02     0.000000        13344         1.00
        0.35     0.050000      1698704         1.05
        0.60     0.100000      3449830         1.11
        0.69     0.150000      5127797         1.18
        0.70     0.200000      6884997         1.25
        0.72     0.250000     10132364         1.33
        0.73     0.300000     12425237         1.43
        0.73     0.350000     12425237         1.54
        0.73     0.400000     15149092         1.67
        0.74     0.450000     18197177         1.82
        0.74     0.500000     18197177         2.00
        0.74     0.525000     18197177         2.11
        0.75     0.550000     21356494         2.22
        0.75     0.575000     21356494         2.35
        0.75     0.600000     21356494         2.50
        0.75     0.625000     21356494         2.67
        0.76     0.650000     24223270         2.86
        0.76     0.675000     24223270         3.08
        0.76     0.700000     24223270         3.33
        0.77     0.725000     26405763         3.64
        0.77     0.750000     26405763         4.00
        0.77     0.762500     26405763         4.21
        0.77     0.775000     26405763         4.44
        0.78     0.787500     27790050         4.71
        0.78     0.800000     27790050         5.00
        0.78     0.812500     27790050         5.33
        0.78     0.825000     28570923         5.71
        0.78     0.837500     28570923         6.15
        0.79     0.850000     28991158         6.67
        0.80     0.862500     29262675         7.27
        0.81     0.875000     29709409         8.00
        0.82     0.881250     29947559         8.42
        0.83     0.887500     30209996         8.89
        0.84     0.893750     30495296         9.41
        0.84     0.900000     30495296        10.00
        0.85     0.906250     30794187        10.67
        0.85     0.912500     31091927        11.43
        0.85     0.918750     31091927        12.31
        0.86     0.925000     31368308        13.33
        0.87     0.931250     31608885        14.55
        0.88     0.937500     31812187        16.00
        0.88     0.940625     31812187        16.84
        0.89     0.943750     31971902        17.78
        0.90     0.946875     32101386        18.82
        0.90     0.950000     32199445        20.00
        0.91     0.953125     32282439        21.33
        0.92     0.956250     32351456        22.86
        0.94     0.959375     32461154        24.62
        0.96     0.962500     32581186        26.67
        0.98     0.965625     32686013        29.09
        1.01     0.968750     32784799        32.00
        1.01     0.970313     32813834        33.68
        1.03     0.971875     32865217        35.56
        1.05     0.973437     32923094        37.65
        1.09     0.975000     32972588        40.00
        1.18     0.976562     33023295        42.67
        1.29     0.978125     33076775        45.71
        1.37     0.979688     33132208        49.23
        1.40     0.981250     33183394        53.33
        1.42     0.982812     33240428        58.18
        1.44     0.984375     33289605        64.00
        1.45     0.985156     33317517        67.37
        1.46     0.985938     33347490        71.11
        1.46     0.986719     33379470        75.29
        1.47     0.987500     33413549        80.00
        1.48     0.988281     33449384        85.33
        1.48     0.989062     33449384        91.43
        1.49     0.989844     33486506        98.46
        1.50     0.990625     33524865       106.67
        1.50     0.991406     33562646       116.36
        1.50     0.992188     33562646       128.00
        1.51     0.992578     33597780       134.74
        1.51     0.992969     33597780       142.22
        1.51     0.993359     33597780       150.59
        1.52     0.993750     33629179       160.00
        1.52     0.994141     33629179       170.67
        1.53     0.994531     33656073       182.86
        1.53     0.994922     33656073       196.92
        1.53     0.995313     33677475       213.33
        1.53     0.995703     33677475       232.73
        1.54     0.996094     33694459       256.00
        1.54     0.996289     33694459       269.47
        1.55     0.996484     33707135       284.44
        1.55     0.996680     33707135       301.18
        1.56     0.996875     33716448       320.00
        1.56     0.997070     33716448       341.33
        1.57     0.997266     33723463       365.71
        1.58     0.997461     33733292       393.85
        1.59     0.997656     33736930       426.67
        1.61     0.997852     33743175       465.45
        1.63     0.998047     33751856       512.00
        1.64     0.998145     33754926       538.95
        1.65     0.998242     33758028       568.89
        1.66     0.998340     33761167       602.35
        1.66     0.998437     33764389       640.00
        1.67     0.998535     33767678       682.67
        1.68     0.998633     33771056       731.43
        1.69     0.998730     33774529       787.69
        1.70     0.998828     33777893       853.33
        1.70     0.998926     33781190       930.91
        1.71     0.999023     33784434      1024.00
        1.71     0.999072     33784434      1077.89
        1.72     0.999121     33787466      1137.78
        1.72     0.999170     33787466      1204.71
        1.73     0.999219     33790252      1280.00
        1.74     0.999268     33792957      1365.33
        1.74     0.999316     33792957      1462.86
        1.74     0.999365     33795307      1575.38
        1.75     0.999414     33797468      1706.67
        1.75     0.999463     33797468      1861.82
        1.76     0.999512     33799419      2048.00
        1.77     0.999536     33801056      2155.79
        1.77     0.999561     33801056      2275.56
        1.77     0.999585     33802503      2409.41
        1.77     0.999609     33802503      2560.00
        1.78     0.999634     33803786      2730.67
        1.79     0.999658     33804878      2925.71
        1.79     0.999683     33804878      3150.77
        1.80     0.999707     33805880      3413.33
        1.81     0.999731     33806778      3723.64
        1.81     0.999756     33807656      4096.00
        1.82     0.999768     33808375      4311.58
        1.82     0.999780     33808375      4551.11
        1.83     0.999792     33808997      4818.82
        1.83     0.999805     33808997      5120.00
        1.84     0.999817     33809585      5461.33
        1.85     0.999829     33810097      5851.43
        1.85     0.999841     33810531      6301.54
        1.86     0.999854     33810858      6826.67
        1.87     0.999866     33811143      7447.27
        1.89     0.999878     33811600      8192.00
        1.89     0.999884     33811600      8623.16
        1.90     0.999890     33811835      9102.22
        1.90     0.999896     33812087      9637.65
        1.91     0.999902     33812299     10240.00
        1.92     0.999908     33812503     10922.67
        1.93     0.999915     33812710     11702.86
        1.94     0.999921     33812874     12603.08
        1.95     0.999927     33813134     13653.33
        1.96     0.999933     33813245     14894.55
        1.98     0.999939     33813465     16384.00
        1.98     0.999942     33813567     17246.32
        1.99     0.999945     33813664     18204.44
        2.00     0.999948     33813753     19275.29
        2.02     0.999951     33813886     20480.00
        2.03     0.999954     33813974     21845.33
        2.05     0.999957     33814063     23405.71
        2.08     0.999960     33814186     25206.15
        2.11     0.999963     33814276     27306.67
        2.17     0.999966     33814379     29789.09
        2.24     0.999969     33814487     32768.00
        2.27     0.999971     33814539     34492.63
        2.29     0.999973     33814574     36408.89
        2.32     0.999974     33814631     38550.59
        2.35     0.999976     33814680     40960.00
        2.40     0.999977     33814758     43690.67
        2.42     0.999979     33814821     46811.43
        2.43     0.999980     33814852     50412.31
        2.46     0.999982     33814900     54613.33
        2.51     0.999983     33814938     59578.18
        2.58     0.999985     33814996     65536.00
        2.61     0.999986     33815016     68985.26
        2.64     0.999986     33815041     72817.78
        2.70     0.999987     33815068     77101.18
        2.77     0.999988     33815091     81920.00
        2.83     0.999989     33815117     87381.33
        2.94     0.999989     33815144     93622.86
        3.07     0.999990     33815171    100824.62
        3.28     0.999991     33815193    109226.67
        4.83     0.999992     33815297    119156.36
        4.83     0.999992     33815297    131072.00
        4.83     0.999993     33815297    137970.53
        4.83     0.999993     33815297    145635.56
        4.83     0.999994     33815297    154202.35
        4.83     0.999994     33815297    163840.00
       80.89     0.999994     33815347    174762.67
       80.89     0.999995     33815347    187245.71
       80.89     0.999995     33815347    201649.23
       81.41     0.999995     33815392    218453.33
       81.41     0.999996     33815392    238312.73
       81.41     0.999996     33815392    262144.00
       81.41     0.999996     33815392    275941.05
       81.41     0.999997     33815392    291271.11
       81.92     0.999997     33815399    308404.71
       81.92     0.999997     33815399    327680.00
      172.03     0.999997     33815497    349525.33
      172.03     0.999997     33815497    374491.43
      172.03     0.999998     33815497    403298.46
      172.03     0.999998     33815497    436906.67
      172.03     0.999998     33815497    476625.45
      172.03     0.999998     33815497    524288.00
      172.03     0.999998     33815497    551882.11
      172.03     0.999998     33815497    582542.22
      172.03     0.999998     33815497    616809.41
      172.03     0.999998     33815497    655360.00
      172.03     0.999999     33815497    699050.67
      172.03     0.999999     33815497    748982.86
      172.03     0.999999     33815497    806596.92
      172.03     0.999999     33815497    873813.33
      172.03     0.999999     33815497    953250.91
      172.03     0.999999     33815497   1048576.00
      172.03     0.999999     33815497   1103764.21
      172.03     0.999999     33815497   1165084.44
      172.03     0.999999     33815497   1233618.82
      172.03     0.999999     33815497   1310720.00
      172.03     0.999999     33815497   1398101.33
      172.03     0.999999     33815497   1497965.71
      172.03     0.999999     33815497   1613193.85
      172.03     0.999999     33815497   1747626.67
      172.03     0.999999     33815497   1906501.82
      172.03     1.000000     33815497   2097152.00
      172.03     1.000000     33815497   2207528.42
      172.03     1.000000     33815497   2330168.89
      172.03     1.000000     33815497   2467237.65
      172.03     1.000000     33815497   2621440.00
      172.03     1.000000     33815497   2796202.67
      172.03     1.000000     33815497   2995931.43
      172.03     1.000000     33815497   3226387.69
      172.03     1.000000     33815497   3495253.33
      172.03     1.000000     33815497   3813003.64
      172.03     1.000000     33815497   4194304.00
      172.03     1.000000     33815497   4415056.84
      172.03     1.000000     33815497   4660337.78
      172.03     1.000000     33815497   4934475.29
      172.03     1.000000     33815497   5242880.00
      172.03     1.000000     33815497   5592405.33
      172.03     1.000000     33815497   5991862.86
      172.03     1.000000     33815497   6452775.39
      173.06     1.000000     33815502   6990506.67
      173.06     1.000000     33815502          inf
#[Mean    =        0.729, StdDeviation   =        0.375]
#[Max     =      173.055, Total count    =     33815502]
#[Buckets =           20, SubBuckets     =          256]
