dbsize
calls
1
histogram_usec
2
1
get
calls
16907752
histogram_usec
1
13339079
2
16828085
4
16902412
8
16906776
16
16907398
33
16907728
66
16907749
132
16907750
264
16907751
1056
16907752
bgsave
calls
2
histogram_usec
135266
1
270532
2
latency|histogram
calls
1
histogram_usec
132
1
latency|latest
calls
2
histogram_usec
4
2
ping
calls
1
histogram_usec
8
1
set
calls
16907801
histogram_usec
1
13632167
2
16738800
4
16896572
8
16905941
16
16907400
33
16907780
66
16907797
264
16907800
2113
16907801
info
calls
23
histogram_usec
33
20
66
21
264
23
