       Value   Percentile   TotalCount 1/(1-Percentile)

        0.02     0.000000        17248         1.00
        0.34     0.050000      1312368         1.05
        0.57     0.100000      2612080         1.11
        0.66     0.150000      4229647         1.18
        0.68     0.200000      6076805         1.25
        0.69     0.250000      7229765         1.33
        0.69     0.300000      8573073         1.43
        0.70     0.350000     10223219         1.54
        0.71     0.400000     12297373         1.67
        0.71     0.450000     12297373         1.82
        0.72     0.500000     15075282         2.00
        0.72     0.525000     15075282         2.11
        0.72     0.550000     15075282         2.22
        0.72     0.575000     15075282         2.35
        0.73     0.600000     18643764         2.50
        0.73     0.625000     18643764         2.67
        0.73     0.650000     18643764         2.86
        0.73     0.675000     18643764         3.08
        0.73     0.700000     18643764         3.33
        0.73     0.725000     18643764         3.64
        0.73     0.750000     21625210         4.00
        0.73     0.762500     21625210         4.21
        0.73     0.775000     21625210         4.44
        0.73     0.787500     21625210         4.71
        0.73     0.800000     21625210         5.00
        0.73     0.812500     21625210         5.33
        0.73     0.825000     21625210         5.71
        0.73     0.837500     21625210         6.15
        0.74     0.850000     23169463         6.67
        0.74     0.862500     23169463         7.27
        0.74     0.875000     23169463         8.00
        0.74     0.881250     23169463         8.42
        0.74     0.887500     23169463         8.89
        0.74     0.893750     23169463         9.41
        0.74     0.900000     23169463        10.00
        0.75     0.906250     23827442        10.67
        0.75     0.912500     23827442        11.43
        0.75     0.918750     23827442        12.31
        0.75     0.925000     23827442        13.33
        0.76     0.931250     24115111        14.55
        0.76     0.937500     24115111        16.00
        0.77     0.940625     24260752        16.84
        0.77     0.943750     24260752        17.78
        0.78     0.946875     24349245        18.82
        0.78     0.950000     24414821        20.00
        0.79     0.953125     24466621        21.33
        0.81     0.956250     24536226        22.86
        0.83     0.959375     24627522        24.62
        0.85     0.962500     24702180        26.67
        0.86     0.965625     24757629        29.09
        0.90     0.968750     24840012        32.00
        0.92     0.970313     24877202        33.68
        0.94     0.971875     24917157        35.56
        0.96     0.973437     24968537        37.65
        0.98     0.975000     25008580        40.00
        1.01     0.976562     25040762        42.67
        1.12     0.978125     25077202        45.71
        1.26     0.979688     25117473        49.23
        1.33     0.981250     25167977        53.33
        1.35     0.982812     25207402        58.18
        1.38     0.984375     25251276        64.00
        1.38     0.985156     25266683        67.37
        1.39     0.985938     25283361        71.11
        1.40     0.986719     25301627        75.29
        1.41     0.987500     25321507        80.00
        1.42     0.988281     25343229        85.33
        1.42     0.989062     25367328        91.43
        1.43     0.989844     25394308        98.46
        1.44     0.990625     25425216       106.67
        1.44     0.991406     25425216       116.36
        1.45     0.992188     25460371       128.00
        1.45     0.992578     25460371       134.74
        1.45     0.992969     25460371       142.22
        1.46     0.993359     25498091       150.59
        1.46     0.993750     25498091       160.00
        1.46     0.994141     25498091       170.67
        1.46     0.994531     25498091       182.86
        1.46     0.994922     25534334       196.92
        1.46     0.995313     25534334       213.33
        1.46     0.995703     25534334       232.73
        1.47     0.996094     25564874       256.00
        1.47     0.996289     25564874       269.47
        1.47     0.996484     25564874       284.44
        1.47     0.996680     25564874       301.18
        1.47     0.996875     25564874       320.00
        1.47     0.997070     25564874       341.33
        1.48     0.997266     25587733       365.71
        1.48     0.997461     25587733       393.85
        1.48     0.997656     25587733       426.67
        1.48     0.997852     25587733       465.45
        1.48     0.998047     25587733       512.00
        1.49     0.998145     25603411       538.95
        1.49     0.998242     25603411       568.89
        1.49     0.998340     25603411       602.35
        1.49     0.998437     25603411       640.00
        1.49     0.998535     25603411       682.67
        1.49     0.998633     25603411       731.43
        1.50     0.998730     25613682       787.69
        1.50     0.998828     25613682       853.33
        1.50     0.998926     25613682       930.91
        1.50     0.999023     25613682      1024.00
        1.50     0.999072     25620228      1077.89
        1.50     0.999121     25620228      1137.78
        1.50     0.999170     25620228      1204.71
        1.50     0.999219     25620228      1280.00
        1.50     0.999268     25620228      1365.33
        1.50     0.999316     25620228      1462.86
        1.51     0.999365     25624267      1575.38
        1.51     0.999414     25624267      1706.67
        1.51     0.999463     25624267      1861.82
        1.52     0.999512     25626862      2048.00
        1.52     0.999536     25626862      2155.79
        1.52     0.999561     25626862      2275.56
        1.53     0.999585     25628736      2409.41
        1.53     0.999609     25628736      2560.00
        1.53     0.999634     25628736      2730.67
        1.53     0.999658     25630002      2925.71
        1.53     0.999683     25630002      3150.77
        1.54     0.999707     25630997      3413.33
        1.54     0.999731     25630997      3723.64
        1.55     0.999756     25631864      4096.00
        1.55     0.999768     25631864      4311.58
        1.56     0.999780     25632667      4551.11
        1.56     0.999792     25632667      4818.82
        1.57     0.999805     25633422      5120.00
        1.57     0.999817     25633422      5461.33
        1.57     0.999829     25633422      5851.43
        1.57     0.999841     25634114      6301.54
        1.57     0.999854     25634114      6826.67
        1.58     0.999866     25634726      7447.27
        1.58     0.999878     25634726      8192.00
        1.59     0.999884     25635241      8623.16
        1.59     0.999890     25635241      9102.22
        1.59     0.999896     25635241      9637.65
        1.59     0.999902     25635241     10240.00
        1.60     0.999908     25635685     10922.67
        1.60     0.999915     25635685     11702.86
        1.60     0.999921     25635685     12603.08
        1.61     0.999927     25635991     13653.33
        1.61     0.999933     25635991     14894.55
        1.61     0.999939     25636206     16384.00
        1.62     0.999942     25636360     17246.32
        1.62     0.999945     25636360     18204.44
        1.63     0.999948     25636461     19275.29
        1.63     0.999951     25636461     20480.00
        1.64     0.999954     25636543     21845.33
        1.66     0.999957     25636635     23405.71
        1.67     0.999960     25636697     25206.15
        1.70     0.999963     25636767     27306.67
        1.74     0.999966     25636857     29789.09
        1.77     0.999969     25636933     32768.00
        1.78     0.999971     25636964     34492.63
        1.81     0.999973     25637009     36408.89
        1.82     0.999974     25637042     38550.59
        1.85     0.999976     25637084     40960.00
        1.88     0.999977     25637121     43690.67
        1.90     0.999979     25637158     46811.43
        1.94     0.999980     25637206     50412.31
        1.95     0.999982     25637235     54613.33
        1.98     0.999983     25637275     59578.18
        2.01     0.999985     25637318     65536.00
        2.02     0.999986     25637334     68985.26
        2.04     0.999986     25637353     72817.78
        2.06     0.999987     25637378     77101.18
        2.08     0.999988     25637399     81920.00
        2.10     0.999989     25637417     87381.33
        2.11     0.999989     25637431     93622.86
        2.13     0.999990     25637453    100824.62
        2.16     0.999991     25637485    109226.67
        2.17     0.999992     25637501    119156.36
        2.19     0.999992     25637522    131072.00
        2.19     0.999993     25637522    137970.53
        2.21     0.999993     25637540    145635.56
        2.21     0.999994     25637540    154202.35
        2.22     0.999994     25637555    163840.00
        2.24     0.999994     25637561    174762.67
        2.27     0.999995     25637571    187245.71
        2.30     0.999995     25637578    201649.23
        2.35     0.999995     25637592    218453.33
        2.38     0.999996     25637598    238312.73
        2.45     0.999996     25637609    262144.00
        2.48     0.999996     25637614    275941.05
        2.51     0.999997     25637618    291271.11
        2.54     0.999997     25637622    308404.71
        2.58     0.999997     25637628    327680.00
        2.62     0.999997     25637633    349525.33
        2.65     0.999997     25637637    374491.43
        2.70     0.999998     25637641    403298.46
        2.81     0.999998     25637646    436906.67
        2.88     0.999998     25637651    476625.45
        2.93     0.999998     25637667    524288.00
        2.93     0.999998     25637667    551882.11
        2.93     0.999998     25637667    582542.22
        2.93     0.999998     25637667    616809.41
        2.93     0.999998     25637667    655360.00
        2.94     0.999999     25637675    699050.67
        2.94     0.999999     25637675    748982.86
        2.94     0.999999     25637675    806596.92
        2.94     0.999999     25637675    873813.33
        3.09     0.999999     25637678    953250.91
        4.70     0.999999     25637687   1048576.00
        4.70     0.999999     25637687   1103764.21
        4.70     0.999999     25637687   1165084.44
        4.70     0.999999     25637687   1233618.82
        4.70     0.999999     25637687   1310720.00
        4.70     0.999999     25637687   1398101.33
        4.70     0.999999     25637687   1497965.71
        4.83     0.999999     25637692   1613193.85
        4.83     0.999999     25637692   1747626.67
        4.83     0.999999     25637692   1906501.82
        4.83     1.000000     25637692   2097152.00
        4.86     1.000000     25637698   2207528.42
        4.86     1.000000     25637698   2330168.89
        4.86     1.000000     25637698   2467237.65
        4.86     1.000000     25637698   2621440.00
        4.86     1.000000     25637698   2796202.67
        4.86     1.000000     25637698   2995931.43
        4.86     1.000000     25637698   3226387.69
        4.86     1.000000     25637698   3495253.33
        4.86     1.000000     25637698   3813003.64
        4.86     1.000000     25637698   4194304.00
        4.89     1.000000     25637699   4415056.84
        4.89     1.000000     25637699   4660337.78
        4.89     1.000000     25637699   4934475.29
        5.31     1.000000     25637704   5242880.00
        5.31     1.000000     25637704          inf
#[Mean    =        0.689, StdDeviation   =        0.173]
#[Max     =        5.311, Total count    =     25637704]
#[Buckets =           20, SubBuckets     =          256]
