       Value   Percentile   TotalCount 1/(1-Percentile)

        0.34     0.000000            2         1.00
        1.86     0.050000      6105722         1.05
        1.90     0.100000     12475437         1.11
        1.93     0.150000     17664927         1.18
        1.95     0.200000     23636226         1.25
        1.98     0.250000     30007429         1.33
        1.99     0.300000     34247590         1.43
        2.02     0.350000     40316971         1.54
        2.04     0.400000     45718479         1.67
        2.08     0.450000     52747112         1.82
        2.11     0.500000     56565902         2.00
        2.14     0.525000     59070664         2.11
        2.21     0.550000     61543437         2.22
        2.91     0.575000     64413072         2.35
        3.02     0.600000     67398166         2.50
        3.09     0.625000     70336974         2.67
        3.13     0.650000     73226188         2.86
        3.18     0.675000     76671386         3.08
        3.21     0.700000     79244385         3.33
        3.25     0.725000     81971056         3.64
        3.28     0.750000     84761468         4.00
        3.29     0.762500     86148125         4.21
        3.31     0.775000     87505981         4.44
        3.33     0.787500     88825613         4.71
        3.34     0.800000     90090090         5.00
        3.36     0.812500     91297406         5.33
        3.38     0.825000     92431775         5.71
        3.41     0.837500     94501368         6.15
        3.42     0.850000     95450303         6.67
        3.46     0.862500     97224862         7.27
        3.47     0.875000     98082131         8.00
        3.49     0.881250     98942464         8.42
        3.50     0.887500     99809276         8.89
        3.52     0.893750    100683665         9.41
        3.52     0.900000    100683665        10.00
        3.54     0.906250    101570158        10.67
        3.55     0.912500    102462003        11.43
        3.57     0.918750    103342624        12.31
        3.58     0.925000    104203396        13.33
        3.58     0.931250    104203396        14.55
        3.60     0.937500    105028092        16.00
        3.62     0.940625    105812899        16.84
        3.62     0.943750    105812899        17.78
        3.63     0.946875    106533178        18.82
        3.63     0.950000    106533178        20.00
        3.65     0.953125    107191085        21.33
        3.65     0.956250    107191085        22.86
        3.66     0.959375    107779175        24.62
        3.66     0.962500    107779175        26.67
        3.68     0.965625    108293323        29.09
        3.69     0.968750    108743570        32.00
        3.69     0.970313    108743570        33.68
        3.69     0.971875    108743570        35.56
        3.71     0.973437    109130895        37.65
        3.71     0.975000    109130895        40.00
        3.73     0.976562    109464883        42.67
        3.73     0.978125    109464883        45.71
        3.74     0.979688    109755358        49.23
        3.74     0.981250    109755358        53.33
        3.76     0.982812    109999608        58.18
        3.77     0.984375    110211817        64.00
        3.77     0.985156    110211817        67.37
        3.79     0.985938    110395260        71.11
        3.79     0.986719    110395260        75.29
        3.81     0.987500    110561427        80.00
        3.81     0.988281    110561427        85.33
        3.82     0.989062    110709868        91.43
        3.82     0.989844    110709868        98.46
        3.84     0.990625    110844514       106.67
        3.85     0.991406    110965790       116.36
        3.85     0.992188    110965790       128.00
        3.87     0.992578    111076986       134.74
        3.87     0.992969    111076986       142.22
        3.87     0.993359    111076986       150.59
        3.89     0.993750    111175852       160.00
        3.89     0.994141    111175852       170.67
        3.90     0.994531    111265733       182.86
        3.90     0.994922    111265733       196.92
        3.92     0.995313    111344734       213.33
        3.92     0.995703    111344734       232.73
        3.94     0.996094    111414487       256.00
        3.94     0.996289    111414487       269.47
        3.95     0.996484    111476463       284.44
        3.95     0.996680    111476463       301.18
        3.95     0.996875    111476463       320.00
        3.97     0.997070    111529823       341.33
        3.97     0.997266    111529823       365.71
        3.98     0.997461    111575563       393.85
        3.98     0.997656    111575563       426.67
        4.00     0.997852    111614180       465.45
        4.00     0.998047    111614180       512.00
        4.00     0.998145    111614180       538.95
        4.01     0.998242    111646216       568.89
        4.01     0.998340    111646216       602.35
        4.01     0.998437    111646216       640.00
        4.03     0.998535    111673137       682.67
        4.03     0.998633    111673137       731.43
        4.05     0.998730    111695079       787.69
        4.05     0.998828    111695079       853.33
        4.06     0.998926    111712615       930.91
        4.06     0.999023    111712615      1024.00
        4.08     0.999072    111727522      1077.89
        4.08     0.999121    111727522      1137.78
        4.08     0.999170    111727522      1204.71
        4.09     0.999219    111739817      1280.00
        4.09     0.999268    111739817      1365.33
        4.13     0.999316    111758194      1462.86
        4.13     0.999365    111758194      1575.38
        4.13     0.999414    111758194      1706.67
        4.16     0.999463    111770617      1861.82
        4.16     0.999512    111770617      2048.00
        4.16     0.999536    111770617      2155.79
        4.16     0.999561    111770617      2275.56
        4.19     0.999585    111778792      2409.41
        4.19     0.999609    111778792      2560.00
        4.19     0.999634    111778792      2730.67
        4.22     0.999658    111784552      2925.71
        4.22     0.999683    111784552      3150.77
        4.25     0.999707    111788933      3413.33
        4.25     0.999731    111788933      3723.64
        4.29     0.999756    111792597      4096.00
        4.32     0.999768    111795461      4311.58
        4.32     0.999780    111795461      4551.11
        4.35     0.999792    111797839      4818.82
        4.35     0.999805    111797839      5120.00
        4.38     0.999817    111799955      5461.33
        4.38     0.999829    111799955      5851.43
        4.42     0.999841    111802001      6301.54
        4.45     0.999854    111803822      6826.67
        4.48     0.999866    111805466      7447.27
        4.48     0.999878    111805466      8192.00
        4.51     0.999884    111806969      8623.16
        4.51     0.999890    111806969      9102.22
        4.54     0.999896    111808309      9637.65
        4.54     0.999902    111808309     10240.00
        4.58     0.999908    111809506     10922.67
        4.58     0.999915    111809506     11702.86
        4.61     0.999921    111810553     12603.08
        4.64     0.999927    111811498     13653.33
        4.64     0.999933    111811498     14894.55
        4.67     0.999939    111812492     16384.00
        4.67     0.999942    111812492     17246.32
        4.70     0.999945    111813333     18204.44
        4.70     0.999948    111813333     19275.29
        4.74     0.999951    111813978     20480.00
        4.74     0.999954    111813978     21845.33
        4.77     0.999957    111814532     23405.71
        4.77     0.999960    111814532     25206.15
        4.80     0.999963    111815174     27306.67
        4.80     0.999966    111815174     29789.09
        4.83     0.999969    111815708     32768.00
        4.83     0.999971    111815708     34492.63
        4.86     0.999973    111816140     36408.89
        4.86     0.999974    111816140     38550.59
        4.89     0.999976    111816510     40960.00
        4.89     0.999977    111816510     43690.67
        4.89     0.999979    111816510     46811.43
        4.93     0.999980    111816714     50412.31
        4.96     0.999982    111816920     54613.33
        4.99     0.999983    111817122     59578.18
        5.02     0.999985    111817394     65536.00
        5.02     0.999986    111817394     68985.26
        5.02     0.999986    111817394     72817.78
        5.05     0.999987    111817549     77101.18
        5.05     0.999988    111817549     81920.00
        5.09     0.999989    111817686     87381.33
        5.12     0.999989    111817814     93622.86
        5.12     0.999990    111817814    100824.62
        5.15     0.999991    111817956    109226.67
        5.15     0.999992    111817956    119156.36
        5.18     0.999992    111818046    131072.00
        5.21     0.999993    111818182    137970.53
        5.21     0.999993    111818182    145635.56
        5.21     0.999994    111818182    154202.35
        5.25     0.999994    111818246    163840.00
        5.25     0.999994    111818246    174762.67
        5.28     0.999995    111818300    187245.71
        5.31     0.999995    111818342    201649.23
        5.34     0.999995    111818402    218453.33
        5.38     0.999996    111818442    238312.73
        5.41     0.999996    111818478    262144.00
        5.44     0.999996    111818514    275941.05
        5.44     0.999997    111818514    291271.11
        5.47     0.999997    111818528    308404.71
        5.50     0.999997    111818544    327680.00
        5.54     0.999997    111818580    349525.33
        5.57     0.999997    111818614    374491.43
        5.57     0.999998    111818614    403298.46
        5.60     0.999998    111818638    436906.67
        5.63     0.999998    111818676    476625.45
        5.63     0.999998    111818676    524288.00
        5.66     0.999998    111818716    551882.11
        5.66     0.999998    111818716    582542.22
        5.66     0.999998    111818716    616809.41
        5.66     0.999998    111818716    655360.00
        5.70     0.999999    111818742    699050.67
        5.70     0.999999    111818742    748982.86
        5.73     0.999999    111818758    806596.92
        5.73     0.999999    111818758    873813.33
        5.76     0.999999    111818770    953250.91
        5.79     0.999999    111818782   1048576.00
        5.82     0.999999    111818792   1103764.21
        5.82     0.999999    111818792   1165084.44
        5.86     0.999999    111818820   1233618.82
        5.86     0.999999    111818820   1310720.00
        5.86     0.999999    111818820   1398101.33
        5.86     0.999999    111818820   1497965.71
        5.86     0.999999    111818820   1613193.85
        5.89     0.999999    111818852   1747626.67
        5.89     0.999999    111818852   1906501.82
        5.89     1.000000    111818852   2097152.00
        5.89     1.000000    111818852   2207528.42
        5.89     1.000000    111818852   2330168.89
        5.89     1.000000    111818852   2467237.65
        5.89     1.000000    111818852   2621440.00
        5.89     1.000000    111818852   2796202.67
        5.89     1.000000    111818852   2995931.43
        5.89     1.000000    111818852   3226387.69
        5.92     1.000000    111818866   3495253.33
        5.92     1.000000    111818866   3813003.64
        5.92     1.000000    111818866   4194304.00
        5.92     1.000000    111818866   4415056.84
        5.92     1.000000    111818866   4660337.78
        5.92     1.000000    111818866   4934475.29
        5.92     1.000000    111818866   5242880.00
        5.92     1.000000    111818866   5592405.33
        5.92     1.000000    111818866   5991862.86
        5.95     1.000000    111818868   6452775.39
        5.98     1.000000    111818876   6990506.67
        5.98     1.000000    111818876   7626007.28
        5.98     1.000000    111818876   8388608.00
        5.98     1.000000    111818876   8830113.68
        5.98     1.000000    111818876   9320675.55
        5.98     1.000000    111818876   9868950.59
        5.98     1.000000    111818876  10485760.00
        5.98     1.000000    111818876  11184810.67
        5.98     1.000000    111818876  11983725.71
        5.98     1.000000    111818876  12905550.76
        6.01     1.000000    111818878  13981013.34
        6.01     1.000000    111818878  15252014.55
        6.01     1.000000    111818878  16777216.00
        6.01     1.000000    111818878  17660227.38
        6.05     1.000000    111818880  18641351.10
        6.05     1.000000    111818880  19737901.19
        6.05     1.000000    111818880  20971519.98
        6.05     1.000000    111818880  22369621.33
        6.05     1.000000    111818880  23967451.45
        6.05     1.000000    111818880  25811101.52
        6.08     1.000000    111818882  27962026.68
        6.08     1.000000    111818882  30504029.05
        6.08     1.000000    111818882  33554432.00
        6.08     1.000000    111818882  35320454.76
        6.08     1.000000    111818882  37282702.28
        6.08     1.000000    111818882  39475802.28
        6.08     1.000000    111818882  41943039.96
        6.08     1.000000    111818882  44739242.67
        6.08     1.000000    111818882  47934902.91
        6.08     1.000000    111818882  51622203.20
        6.21     1.000000    111818884  55924053.19
        6.21     1.000000    111818884          inf
#[Mean    =        2.574, StdDeviation   =        0.689]
#[Max     =        6.207, Total count    =    111818884]
#[Buckets =           20, SubBuckets     =          256]
