latency|latest
calls
2
histogram_usec
4
1
8
2
latency|histogram
calls
1
histogram_usec
132
1
info
calls
2
histogram_usec
264
2
setex
calls
14083135
histogram_usec
1
5390338
2
11748039
4
13931071
8
14066439
16
14078985
33
14082769
66
14083104
132
14083115
264
14083126
528
14083134
1056
14083135
ping
calls
1
histogram_usec
16
1
dbsize
calls
1
histogram_usec
2
1
get
calls
14083088
histogram_usec
1
9994176
2
13803480
4
14073543
8
14081718
16
14082722
33
14083070
66
14083081
132
14083082
264
14083083
528
14083087
1056
14083088
