       Value   Percentile   TotalCount 1/(1-Percentile)

        0.31     0.000000            1         1.00
        1.88     0.050000      3003706         1.05
        1.92     0.100000      6166518         1.11
        1.94     0.150000      8750340         1.18
        1.97     0.200000     11742614         1.25
        1.99     0.250000     14940276         1.33
        2.01     0.300000     17082832         1.43
        2.03     0.350000     20139952         1.54
        2.06     0.400000     23653446         1.67
        2.08     0.450000     25115320         1.82
        2.13     0.500000     28247595         2.00
        2.16     0.525000     29470632         2.11
        2.22     0.550000     30663083         2.22
        2.91     0.575000     31995679         2.35
        3.04     0.600000     33613104         2.50
        3.10     0.625000     35058695         2.67
        3.15     0.650000     36467831         2.86
        3.18     0.675000     37560004         3.08
        3.23     0.700000     39407317         3.33
        3.26     0.725000     40739432         3.64
        3.29     0.750000     42105473         4.00
        3.31     0.762500     42786082         4.21
        3.33     0.775000     43455080         4.44
        3.34     0.787500     44104152         4.71
        3.36     0.800000     44726414         5.00
        3.38     0.812500     45317743         5.33
        3.39     0.825000     45874206         5.71
        3.42     0.837500     46878275         6.15
        3.44     0.850000     47331015         6.67
        3.47     0.862500     48167931         7.27
        3.50     0.875000     48969961         8.00
        3.52     0.881250     49378445         8.42
        3.52     0.887500     49378445         8.89
        3.54     0.893750     49791600         9.41
        3.55     0.900000     50217637        10.00
        3.57     0.906250     50649284        10.67
        3.58     0.912500     51090833        11.43
        3.58     0.918750     51090833        12.31
        3.60     0.925000     51529082        13.33
        3.62     0.931250     51959711        14.55
        3.63     0.937500     52368162        16.00
        3.63     0.940625     52368162        16.84
        3.65     0.943750     52752954        17.78
        3.65     0.946875     52752954        18.82
        3.66     0.950000     53110273        20.00
        3.66     0.953125     53110273        21.33
        3.68     0.956250     53433110        22.86
        3.68     0.959375     53433110        24.62
        3.69     0.962500     53717030        26.67
        3.69     0.965625     53717030        29.09
        3.71     0.968750     53966532        32.00
        3.71     0.970313     53966532        33.68
        3.73     0.971875     54178912        35.56
        3.73     0.973437     54178912        37.65
        3.74     0.975000     54359196        40.00
        3.74     0.976562     54359196        42.67
        3.74     0.978125     54359196        45.71
        3.76     0.979688     54512888        49.23
        3.77     0.981250     54643750        53.33
        3.77     0.982812     54643750        58.18
        3.79     0.984375     54752002        64.00
        3.79     0.985156     54752002        67.37
        3.81     0.985938     54844821        71.11
        3.81     0.986719     54844821        75.29
        3.82     0.987500     54926324        80.00
        3.82     0.988281     54926324        85.33
        3.84     0.989062     54998694        91.43
        3.85     0.989844     55063059        98.46
        3.85     0.990625     55063059       106.67
        3.87     0.991406     55122190       116.36
        3.89     0.992188     55175736       128.00
        3.89     0.992578     55175736       134.74
        3.90     0.992969     55224797       142.22
        3.90     0.993359     55224797       150.59
        3.92     0.993750     55269053       160.00
        3.92     0.994141     55269053       170.67
        3.92     0.994531     55269053       182.86
        3.94     0.994922     55311025       196.92
        3.95     0.995313     55348030       213.33
        3.95     0.995703     55348030       232.73
        3.97     0.996094     55381185       256.00
        3.97     0.996289     55381185       269.47
        3.97     0.996484     55381185       284.44
        3.98     0.996680     55410009       301.18
        3.98     0.996875     55410009       320.00
        3.98     0.997070     55410009       341.33
        4.00     0.997266     55435103       365.71
        4.00     0.997461     55435103       393.85
        4.01     0.997656     55456860       426.67
        4.01     0.997852     55456860       465.45
        4.03     0.998047     55474981       512.00
        4.03     0.998145     55474981       538.95
        4.03     0.998242     55474981       568.89
        4.05     0.998340     55490182       602.35
        4.05     0.998437     55490182       640.00
        4.06     0.998535     55503042       682.67
        4.06     0.998633     55503042       731.43
        4.06     0.998730     55503042       787.69
        4.08     0.998828     55513636       853.33
        4.08     0.998926     55513636       930.91
        4.09     0.999023     55522215      1024.00
        4.09     0.999072     55522215      1077.89
        4.13     0.999121     55534687      1137.78
        4.13     0.999170     55534687      1204.71
        4.13     0.999219     55534687      1280.00
        4.13     0.999268     55534687      1365.33
        4.13     0.999316     55534687      1462.86
        4.16     0.999365     55542870      1575.38
        4.16     0.999414     55542870      1706.67
        4.16     0.999463     55542870      1861.82
        4.19     0.999512     55548337      2048.00
        4.19     0.999536     55548337      2155.79
        4.19     0.999561     55548337      2275.56
        4.22     0.999585     55551951      2409.41
        4.22     0.999609     55551951      2560.00
        4.25     0.999634     55554804      2730.67
        4.25     0.999658     55554804      2925.71
        4.25     0.999683     55554804      3150.77
        4.29     0.999707     55557044      3413.33
        4.32     0.999731     55558698      3723.64
        4.35     0.999756     55560279      4096.00
        4.35     0.999768     55560279      4311.58
        4.35     0.999780     55560279      4551.11
        4.38     0.999792     55561482      4818.82
        4.42     0.999805     55562726      5120.00
        4.42     0.999817     55562726      5461.33
        4.45     0.999829     55563718      5851.43
        4.45     0.999841     55563718      6301.54
        4.48     0.999854     55564699      6826.67
        4.51     0.999866     55565571      7447.27
        4.51     0.999878     55565571      8192.00
        4.54     0.999884     55566410      8623.16
        4.54     0.999890     55566410      9102.22
        4.58     0.999896     55567057      9637.65
        4.58     0.999902     55567057     10240.00
        4.61     0.999908     55567679     10922.67
        4.61     0.999915     55567679     11702.86
        4.64     0.999921     55568284     12603.08
        4.64     0.999927     55568284     13653.33
        4.67     0.999933     55568758     14894.55
        4.70     0.999939     55569134     16384.00
        4.70     0.999942     55569134     17246.32
        4.74     0.999945     55569450     18204.44
        4.77     0.999948     55569818     19275.29
        4.77     0.999951     55569818     20480.00
        4.77     0.999954     55569818     21845.33
        4.80     0.999957     55570184     23405.71
        4.80     0.999960     55570184     25206.15
        4.83     0.999963     55570464     27306.67
        4.86     0.999966     55570686     29789.09
        4.86     0.999969     55570686     32768.00
        4.89     0.999971     55570966     34492.63
        4.89     0.999973     55570966     36408.89
        4.89     0.999974     55570966     38550.59
        4.93     0.999976     55571146     40960.00
        4.93     0.999977     55571146     43690.67
        4.96     0.999979     55571295     46811.43
        4.96     0.999980     55571295     50412.31
        4.99     0.999982     55571391     54613.33
        5.02     0.999983     55571496     59578.18
        5.05     0.999985     55571571     65536.00
        5.05     0.999986     55571571     68985.26
        5.09     0.999986     55571642     72817.78
        5.09     0.999987     55571642     77101.18
        5.12     0.999988     55571683     81920.00
        5.15     0.999989     55571740     87381.33
        5.18     0.999989     55571820     93622.86
        5.18     0.999990     55571820    100824.62
        5.21     0.999991     55571864    109226.67
        5.25     0.999992     55571908    119156.36
        5.28     0.999992     55571959    131072.00
        5.28     0.999993     55571959    137970.53
        5.31     0.999993     55571982    145635.56
        5.34     0.999994     55572022    154202.35
        5.34     0.999994     55572022    163840.00
        5.38     0.999994     55572040    174762.67
        5.41     0.999995     55572056    187245.71
        5.44     0.999995     55572074    201649.23
        5.50     0.999995     55572103    218453.33
        5.54     0.999996     55572117    238312.73
        5.60     0.999996     55572157    262144.00
        5.60     0.999996     55572157    275941.05
        5.60     0.999997     55572157    291271.11
        5.66     0.999997     55572177    308404.71
        5.66     0.999997     55572177    327680.00
        5.70     0.999997     55572190    349525.33
        5.73     0.999997     55572197    374491.43
        5.76     0.999998     55572217    403298.46
        5.79     0.999998     55572223    436906.67
        5.86     0.999998     55572237    476625.45
        5.92     0.999998     55572243    524288.00
        5.95     0.999998     55572265    551882.11
        5.95     0.999998     55572265    582542.22
        5.95     0.999998     55572265    616809.41
        5.95     0.999998     55572265    655360.00
        5.98     0.999999     55572269    699050.67
        6.01     0.999999     55572286    748982.86
        6.01     0.999999     55572286    806596.92
        6.01     0.999999     55572286    873813.33
        6.05     0.999999     55572298    953250.91
        6.05     0.999999     55572298   1048576.00
        6.05     0.999999     55572298   1103764.21
        6.05     0.999999     55572298   1165084.44
        6.08     0.999999     55572302   1233618.82
        6.17     0.999999     55572303   1310720.00
        6.24     0.999999     55572307   1398101.33
        6.27     0.999999     55572311   1497965.71
        6.27     0.999999     55572311   1613193.85
        6.37     0.999999     55572315   1747626.67
        6.40     0.999999     55572318   1906501.82
        6.46     1.000000     55572319   2097152.00
        6.53     1.000000     55572320   2207528.42
        7.17     1.000000     55572324   2330168.89
        7.17     1.000000     55572324   2467237.65
        7.17     1.000000     55572324   2621440.00
        7.20     1.000000     55572328   2796202.67
        7.20     1.000000     55572328   2995931.43
        7.20     1.000000     55572328   3226387.69
        7.23     1.000000     55572332   3495253.33
        7.23     1.000000     55572332   3813003.64
        7.23     1.000000     55572332   4194304.00
        7.26     1.000000     55572336   4415056.84
        7.26     1.000000     55572336   4660337.78
        7.26     1.000000     55572336   4934475.29
        7.26     1.000000     55572336   5242880.00
        7.26     1.000000     55572336   5592405.33
        7.26     1.000000     55572336   5991862.86
        7.33     1.000000     55572340   6452775.39
        7.33     1.000000     55572340   6990506.67
        7.33     1.000000     55572340   7626007.28
        7.33     1.000000     55572340   8388608.00
        7.33     1.000000     55572340   8830113.68
        7.33     1.000000     55572340   9320675.55
        7.33     1.000000     55572340   9868950.59
        7.33     1.000000     55572340  10485760.00
        7.58     1.000000     55572341  11184810.67
        7.58     1.000000     55572341  11983725.71
        7.58     1.000000     55572341  12905550.76
        7.62     1.000000     55572342  13981013.34
        7.62     1.000000     55572342  15252014.55
        7.62     1.000000     55572342  16777216.00
        7.62     1.000000     55572342  17660227.38
        7.65     1.000000     55572344  18641351.10
        7.65     1.000000     55572344  19737901.19
        7.65     1.000000     55572344  20971519.98
        7.65     1.000000     55572344  22369621.33
        7.65     1.000000     55572344  23967451.45
        7.65     1.000000     55572344  25811101.52
        7.65     1.000000     55572344  27962026.68
        7.65     1.000000     55572344  30504029.05
        7.65     1.000000     55572344  33554432.00
        7.65     1.000000     55572344  35320454.76
        7.65     1.000000     55572344  37282702.28
        7.65     1.000000     55572344  39475802.28
        7.65     1.000000     55572344  41943039.96
        7.65     1.000000     55572344  44739242.67
        7.65     1.000000     55572344  47934902.91
        7.65     1.000000     55572344  51622203.20
        7.68     1.000000     55572345  55924053.19
        7.68     1.000000     55572345          inf
#[Mean    =        2.590, StdDeviation   =        0.691]
#[Max     =        7.679, Total count    =     55572345]
#[Buckets =           20, SubBuckets     =          256]
