       Value   Percentile   TotalCount 1/(1-Percentile)

        0.31     0.000000            1         1.00
        1.88     0.050000      3003796         1.05
        1.92     0.100000      6166782         1.11
        1.94     0.150000      8750709         1.18
        1.97     0.200000     11743107         1.25
        1.99     0.250000     14940947         1.33
        2.01     0.300000     17083568         1.43
        2.03     0.350000     20140772         1.54
        2.06     0.400000     23654406         1.67
        2.08     0.450000     25116281         1.82
        2.13     0.500000     28248535         2.00
        2.16     0.525000     29471545         2.11
        2.22     0.550000     30663852         2.22
        2.91     0.575000     31995877         2.35
        3.04     0.600000     33613249         2.50
        3.10     0.625000     35058776         2.67
        3.15     0.650000     36467833         2.86
        3.18     0.675000     37559938         3.08
        3.23     0.700000     39407138         3.33
        3.26     0.725000     40739188         3.64
        3.29     0.750000     42105160         4.00
        3.31     0.762500     42785737         4.21
        3.33     0.775000     43454700         4.44
        3.34     0.787500     44103749         4.71
        3.36     0.800000     44725999         5.00
        3.38     0.812500     45317321         5.33
        3.39     0.825000     45873803         5.71
        3.42     0.837500     46877924         6.15
        3.44     0.850000     47330674         6.67
        3.47     0.862500     48167656         7.27
        3.50     0.875000     48969772         8.00
        3.52     0.881250     49378297         8.42
        3.52     0.887500     49378297         8.89
        3.54     0.893750     49791492         9.41
        3.55     0.900000     50217582        10.00
        3.57     0.906250     50649272        10.67
        3.58     0.912500     51090891        11.43
        3.58     0.918750     51090891        12.31
        3.60     0.925000     51529187        13.33
        3.62     0.931250     51959845        14.55
        3.63     0.937500     52368327        16.00
        3.63     0.940625     52368327        16.84
        3.65     0.943750     52753144        17.78
        3.65     0.946875     52753144        18.82
        3.66     0.950000     53110456        20.00
        3.66     0.953125     53110456        21.33
        3.68     0.956250     53433290        22.86
        3.68     0.959375     53433290        24.62
        3.69     0.962500     53717187        26.67
        3.69     0.965625     53717187        29.09
        3.71     0.968750     53966676        32.00
        3.71     0.970313     53966676        33.68
        3.73     0.971875     54179055        35.56
        3.73     0.973437     54179055        37.65
        3.74     0.975000     54359328        40.00
        3.74     0.976562     54359328        42.67
        3.74     0.978125     54359328        45.71
        3.76     0.979688     54513029        49.23
        3.77     0.981250     54643859        53.33
        3.77     0.982812     54643859        58.18
        3.79     0.984375     54752092        64.00
        3.79     0.985156     54752092        67.37
        3.81     0.985938     54844911        71.11
        3.81     0.986719     54844911        75.29
        3.82     0.987500     54926410        80.00
        3.82     0.988281     54926410        85.33
        3.84     0.989062     54998769        91.43
        3.85     0.989844     55063135        98.46
        3.85     0.990625     55063135       106.67
        3.87     0.991406     55122259       116.36
        3.89     0.992188     55175796       128.00
        3.89     0.992578     55175796       134.74
        3.90     0.992969     55224869       142.22
        3.90     0.993359     55224869       150.59
        3.92     0.993750     55269139       160.00
        3.92     0.994141     55269139       170.67
        3.92     0.994531     55269139       182.86
        3.94     0.994922     55311102       196.92
        3.95     0.995313     55348106       213.33
        3.95     0.995703     55348106       232.73
        3.97     0.996094     55381267       256.00
        3.97     0.996289     55381267       269.47
        3.97     0.996484     55381267       284.44
        3.98     0.996680     55410097       301.18
        3.98     0.996875     55410097       320.00
        3.98     0.997070     55410097       341.33
        4.00     0.997266     55435188       365.71
        4.00     0.997461     55435188       393.85
        4.01     0.997656     55456942       426.67
        4.01     0.997852     55456942       465.45
        4.03     0.998047     55475061       512.00
        4.03     0.998145     55475061       538.95
        4.03     0.998242     55475061       568.89
        4.05     0.998340     55490257       602.35
        4.05     0.998437     55490257       640.00
        4.06     0.998535     55503125       682.67
        4.06     0.998633     55503125       731.43
        4.06     0.998730     55503125       787.69
        4.08     0.998828     55513720       853.33
        4.08     0.998926     55513720       930.91
        4.09     0.999023     55522300      1024.00
        4.09     0.999072     55522300      1077.89
        4.13     0.999121     55534772      1137.78
        4.13     0.999170     55534772      1204.71
        4.13     0.999219     55534772      1280.00
        4.13     0.999268     55534772      1365.33
        4.13     0.999316     55534772      1462.86
        4.16     0.999365     55542958      1575.38
        4.16     0.999414     55542958      1706.67
        4.16     0.999463     55542958      1861.82
        4.19     0.999512     55548428      2048.00
        4.19     0.999536     55548428      2155.79
        4.19     0.999561     55548428      2275.56
        4.22     0.999585     55552043      2409.41
        4.22     0.999609     55552043      2560.00
        4.25     0.999634     55554897      2730.67
        4.25     0.999658     55554897      2925.71
        4.25     0.999683     55554897      3150.77
        4.29     0.999707     55557138      3413.33
        4.32     0.999731     55558792      3723.64
        4.35     0.999756     55560373      4096.00
        4.35     0.999768     55560373      4311.58
        4.35     0.999780     55560373      4551.11
        4.38     0.999792     55561575      4818.82
        4.42     0.999805     55562819      5120.00
        4.42     0.999817     55562819      5461.33
        4.45     0.999829     55563811      5851.43
        4.45     0.999841     55563811      6301.54
        4.48     0.999854     55564793      6826.67
        4.51     0.999866     55565664      7447.27
        4.51     0.999878     55565664      8192.00
        4.54     0.999884     55566502      8623.16
        4.54     0.999890     55566502      9102.22
        4.58     0.999896     55567151      9637.65
        4.58     0.999902     55567151     10240.00
        4.61     0.999908     55567775     10922.67
        4.61     0.999915     55567775     11702.86
        4.64     0.999921     55568380     12603.08
        4.64     0.999927     55568380     13653.33
        4.67     0.999933     55568856     14894.55
        4.70     0.999939     55569232     16384.00
        4.70     0.999942     55569232     17246.32
        4.74     0.999945     55569548     18204.44
        4.77     0.999948     55569916     19275.29
        4.77     0.999951     55569916     20480.00
        4.77     0.999954     55569916     21845.33
        4.80     0.999957     55570282     23405.71
        4.80     0.999960     55570282     25206.15
        4.83     0.999963     55570562     27306.67
        4.86     0.999966     55570784     29789.09
        4.86     0.999969     55570784     32768.00
        4.89     0.999971     55571064     34492.63
        4.89     0.999973     55571064     36408.89
        4.89     0.999974     55571064     38550.59
        4.93     0.999976     55571244     40960.00
        4.93     0.999977     55571244     43690.67
        4.96     0.999979     55571393     46811.43
        4.96     0.999980     55571393     50412.31
        4.99     0.999982     55571490     54613.33
        5.02     0.999983     55571596     59578.18
        5.05     0.999985     55571671     65536.00
        5.05     0.999986     55571671     68985.26
        5.09     0.999986     55571742     72817.78
        5.09     0.999987     55571742     77101.18
        5.12     0.999988     55571784     81920.00
        5.15     0.999989     55571841     87381.33
        5.18     0.999989     55571920     93622.86
        5.18     0.999990     55571920    100824.62
        5.21     0.999991     55571964    109226.67
        5.25     0.999992     55572008    119156.36
        5.28     0.999992     55572059    131072.00
        5.28     0.999993     55572059    137970.53
        5.31     0.999993     55572082    145635.56
        5.34     0.999994     55572122    154202.35
        5.34     0.999994     55572122    163840.00
        5.38     0.999994     55572140    174762.67
        5.41     0.999995     55572156    187245.71
        5.44     0.999995     55572174    201649.23
        5.50     0.999995     55572203    218453.33
        5.54     0.999996     55572217    238312.73
        5.60     0.999996     55572257    262144.00
        5.60     0.999996     55572257    275941.05
        5.60     0.999997     55572257    291271.11
        5.66     0.999997     55572277    308404.71
        5.66     0.999997     55572277    327680.00
        5.70     0.999997     55572290    349525.33
        5.73     0.999997     55572297    374491.43
        5.76     0.999998     55572317    403298.46
        5.79     0.999998     55572323    436906.67
        5.86     0.999998     55572337    476625.45
        5.92     0.999998     55572343    524288.00
        5.95     0.999998     55572365    551882.11
        5.95     0.999998     55572365    582542.22
        5.95     0.999998     55572365    616809.41
        5.95     0.999998     55572365    655360.00
        5.98     0.999999     55572369    699050.67
        6.01     0.999999     55572386    748982.86
        6.01     0.999999     55572386    806596.92
        6.01     0.999999     55572386    873813.33
        6.05     0.999999     55572398    953250.91
        6.05     0.999999     55572398   1048576.00
        6.05     0.999999     55572398   1103764.21
        6.05     0.999999     55572398   1165084.44
        6.08     0.999999     55572402   1233618.82
        6.17     0.999999     55572403   1310720.00
        6.24     0.999999     55572407   1398101.33
        6.27     0.999999     55572411   1497965.71
        6.27     0.999999     55572411   1613193.85
        6.37     0.999999     55572415   1747626.67
        6.40     0.999999     55572418   1906501.82
        6.46     1.000000     55572419   2097152.00
        6.53     1.000000     55572420   2207528.42
        7.17     1.000000     55572424   2330168.89
        7.17     1.000000     55572424   2467237.65
        7.17     1.000000     55572424   2621440.00
        7.20     1.000000     55572428   2796202.67
        7.20     1.000000     55572428   2995931.43
        7.20     1.000000     55572428   3226387.69
        7.23     1.000000     55572432   3495253.33
        7.23     1.000000     55572432   3813003.64
        7.23     1.000000     55572432   4194304.00
        7.26     1.000000     55572436   4415056.84
        7.26     1.000000     55572436   4660337.78
        7.26     1.000000     55572436   4934475.29
        7.26     1.000000     55572436   5242880.00
        7.26     1.000000     55572436   5592405.33
        7.26     1.000000     55572436   5991862.86
        7.33     1.000000     55572440   6452775.39
        7.33     1.000000     55572440   6990506.67
        7.33     1.000000     55572440   7626007.28
        7.33     1.000000     55572440   8388608.00
        7.33     1.000000     55572440   8830113.68
        7.33     1.000000     55572440   9320675.55
        7.33     1.000000     55572440   9868950.59
        7.33     1.000000     55572440  10485760.00
        7.58     1.000000     55572441  11184810.67
        7.58     1.000000     55572441  11983725.71
        7.58     1.000000     55572441  12905550.76
        7.62     1.000000     55572442  13981013.34
        7.62     1.000000     55572442  15252014.55
        7.62     1.000000     55572442  16777216.00
        7.62     1.000000     55572442  17660227.38
        7.65     1.000000     55572444  18641351.10
        7.65     1.000000     55572444  19737901.19
        7.65     1.000000     55572444  20971519.98
        7.65     1.000000     55572444  22369621.33
        7.65     1.000000     55572444  23967451.45
        7.65     1.000000     55572444  25811101.52
        7.65     1.000000     55572444  27962026.68
        7.65     1.000000     55572444  30504029.05
        7.65     1.000000     55572444  33554432.00
        7.65     1.000000     55572444  35320454.76
        7.65     1.000000     55572444  37282702.28
        7.65     1.000000     55572444  39475802.28
        7.65     1.000000     55572444  41943039.96
        7.65     1.000000     55572444  44739242.67
        7.65     1.000000     55572444  47934902.91
        7.65     1.000000     55572444  51622203.20
        7.68     1.000000     55572445  55924053.19
        7.68     1.000000     55572445          inf
#[Mean    =        2.590, StdDeviation   =        0.691]
#[Max     =        7.679, Total count    =     55572445]
#[Buckets =           20, SubBuckets     =          256]
