       Value   Percentile   TotalCount 1/(1-Percentile)

        0.02     0.000000        14691         1.00
        0.33     0.050000      1294644         1.05
        0.56     0.100000      2592090         1.11
        0.66     0.150000      4381003         1.18
        0.67     0.200000      5244192         1.25
        0.69     0.250000      7759796         1.33
        0.69     0.300000      7759796         1.43
        0.69     0.350000      9479238         1.54
        0.70     0.400000     11601877         1.67
        0.70     0.450000     11601877         1.82
        0.71     0.500000     14252813         2.00
        0.71     0.525000     14252813         2.11
        0.71     0.550000     14252813         2.22
        0.72     0.575000     17520422         2.35
        0.72     0.600000     17520422         2.50
        0.72     0.625000     17520422         2.67
        0.72     0.650000     17520422         2.86
        0.72     0.675000     17520422         3.08
        0.73     0.700000     20703823         3.33
        0.73     0.725000     20703823         3.64
        0.73     0.750000     20703823         4.00
        0.73     0.762500     20703823         4.21
        0.73     0.775000     20703823         4.44
        0.73     0.787500     20703823         4.71
        0.73     0.800000     20703823         5.00
        0.73     0.812500     22769931         5.33
        0.73     0.825000     22769931         5.71
        0.73     0.837500     22769931         6.15
        0.73     0.850000     22769931         6.67
        0.73     0.862500     22769931         7.27
        0.73     0.875000     22769931         8.00
        0.73     0.881250     22769931         8.42
        0.73     0.887500     22769931         8.89
        0.74     0.893750     23712453         9.41
        0.74     0.900000     23712453        10.00
        0.74     0.906250     23712453        10.67
        0.74     0.912500     23712453        11.43
        0.74     0.918750     23712453        12.31
        0.75     0.925000     24097512        13.33
        0.75     0.931250     24097512        14.55
        0.75     0.937500     24097512        16.00
        0.76     0.940625     24265112        16.84
        0.76     0.943750     24265112        17.78
        0.77     0.946875     24356085        18.82
        0.77     0.950000     24356085        20.00
        0.78     0.953125     24471067        21.33
        0.80     0.956250     24543914        22.86
        0.81     0.959375     24602936        24.62
        0.84     0.962500     24703578        26.67
        0.85     0.965625     24760574        29.09
        0.90     0.968750     24837613        32.00
        0.92     0.970313     24888221        33.68
        0.94     0.971875     24924073        35.56
        0.95     0.973437     24956628        37.65
        0.97     0.975000     24999089        40.00
        1.01     0.976562     25038358        42.67
        1.14     0.978125     25077055        45.71
        1.28     0.979688     25117552        49.23
        1.33     0.981250     25162587        53.33
        1.35     0.982812     25202957        58.18
        1.38     0.984375     25254276        64.00
        1.38     0.985156     25274069        67.37
        1.39     0.985938     25295759        71.11
        1.40     0.986719     25319855        75.29
        1.40     0.987500     25319855        80.00
        1.41     0.988281     25345613        85.33
        1.42     0.989062     25373417        91.43
        1.42     0.989844     25404277        98.46
        1.42     0.990625     25404277       106.67
        1.43     0.991406     25438236       116.36
        1.43     0.992188     25438236       128.00
        1.44     0.992578     25474710       134.74
        1.44     0.992969     25474710       142.22
        1.44     0.993359     25474710       150.59
        1.45     0.993750     25511484       160.00
        1.45     0.994141     25511484       170.67
        1.45     0.994531     25511484       182.86
        1.45     0.994922     25511484       196.92
        1.46     0.995313     25545448       213.33
        1.46     0.995703     25545448       232.73
        1.46     0.996094     25545448       256.00
        1.46     0.996289     25545448       269.47
        1.46     0.996484     25573238       284.44
        1.46     0.996680     25573238       301.18
        1.46     0.996875     25573238       320.00
        1.46     0.997070     25573238       341.33
        1.46     0.997266     25573238       365.71
        1.46     0.997461     25573238       393.85
        1.47     0.997656     25593802       426.67
        1.47     0.997852     25593802       465.45
        1.47     0.998047     25593802       512.00
        1.47     0.998145     25593802       538.95
        1.47     0.998242     25593802       568.89
        1.48     0.998340     25607739       602.35
        1.48     0.998437     25607739       640.00
        1.48     0.998535     25607739       682.67
        1.48     0.998633     25607739       731.43
        1.48     0.998730     25607739       787.69
        1.48     0.998828     25607739       853.33
        1.49     0.998926     25616607       930.91
        1.49     0.999023     25616607      1024.00
        1.49     0.999072     25616607      1077.89
        1.49     0.999121     25616607      1137.78
        1.49     0.999170     25616607      1204.71
        1.50     0.999219     25622065      1280.00
        1.50     0.999268     25622065      1365.33
        1.50     0.999316     25622065      1462.86
        1.50     0.999365     25622065      1575.38
        1.50     0.999414     25625471      1706.67
        1.50     0.999463     25625471      1861.82
        1.50     0.999512     25625471      2048.00
        1.50     0.999536     25625471      2155.79
        1.51     0.999561     25627679      2275.56
        1.51     0.999585     25627679      2409.41
        1.51     0.999609     25627679      2560.00
        1.52     0.999634     25629200      2730.67
        1.52     0.999658     25629200      2925.71
        1.52     0.999683     25629200      3150.77
        1.53     0.999707     25630380      3413.33
        1.53     0.999731     25630380      3723.64
        1.53     0.999756     25631332      4096.00
        1.53     0.999768     25631332      4311.58
        1.54     0.999780     25632125      4551.11
        1.54     0.999792     25632125      4818.82
        1.55     0.999805     25632870      5120.00
        1.55     0.999817     25632870      5461.33
        1.56     0.999829     25633494      5851.43
        1.56     0.999841     25633494      6301.54
        1.57     0.999854     25634075      6826.67
        1.57     0.999866     25634075      7447.27
        1.57     0.999878     25634615      8192.00
        1.57     0.999884     25634615      8623.16
        1.57     0.999890     25634615      9102.22
        1.57     0.999896     25634615      9637.65
        1.58     0.999902     25635103     10240.00
        1.58     0.999908     25635103     10922.67
        1.58     0.999915     25635103     11702.86
        1.59     0.999921     25635474     12603.08
        1.59     0.999927     25635474     13653.33
        1.60     0.999933     25635743     14894.55
        1.60     0.999939     25635743     16384.00
        1.61     0.999942     25635932     17246.32
        1.61     0.999945     25635932     18204.44
        1.61     0.999948     25636047     19275.29
        1.61     0.999951     25636047     20480.00
        1.62     0.999954     25636131     21845.33
        1.63     0.999957     25636190     23405.71
        1.65     0.999960     25636275     25206.15
        1.66     0.999963     25636336     27306.67
        1.69     0.999966     25636412     29789.09
        1.72     0.999969     25636484     32768.00
        1.74     0.999971     25636520     34492.63
        1.77     0.999973     25636570     36408.89
        1.78     0.999974     25636602     38550.59
        1.81     0.999976     25636646     40960.00
        1.84     0.999977     25636688     43690.67
        1.86     0.999979     25636723     46811.43
        1.91     0.999980     25636755     50412.31
        1.95     0.999982     25636802     54613.33
        1.99     0.999983     25636837     59578.18
        2.03     0.999985     25636877     65536.00
        2.06     0.999986     25636908     68985.26
        2.08     0.999986     25636923     72817.78
        2.10     0.999987     25636942     77101.18
        2.11     0.999988     25636970     81920.00
        2.11     0.999989     25636970     87381.33
        2.13     0.999989     25636992     93622.86
        2.14     0.999990     25637016    100824.62
        2.16     0.999991     25637040    109226.67
        2.17     0.999992     25637060    119156.36
        2.19     0.999992     25637081    131072.00
        2.19     0.999993     25637081    137970.53
        2.21     0.999993     25637100    145635.56
        2.21     0.999994     25637100    154202.35
        2.22     0.999994     25637118    163840.00
        2.22     0.999994     25637118    174762.67
        2.24     0.999995     25637144    187245.71
        2.24     0.999995     25637144    201649.23
        2.25     0.999995     25637163    218453.33
        2.25     0.999996     25637163    238312.73
        2.27     0.999996     25637181    262144.00
        2.27     0.999996     25637181    275941.05
        2.27     0.999997     25637181    291271.11
        2.27     0.999997     25637181    308404.71
        2.29     0.999997     25637192    327680.00
        2.29     0.999997     25637192    349525.33
        2.30     0.999997     25637204    374491.43
        2.30     0.999998     25637204    403298.46
        2.32     0.999998     25637215    436906.67
        2.32     0.999998     25637215    476625.45
        2.32     0.999998     25637215    524288.00
        2.33     0.999998     25637218    551882.11
        2.35     0.999998     25637223    582542.22
        2.35     0.999998     25637223    616809.41
        2.38     0.999998     25637227    655360.00
        2.38     0.999999     25637227    699050.67
        2.42     0.999999     25637230    748982.86
        2.45     0.999999     25637232    806596.92
        2.48     0.999999     25637237    873813.33
        2.48     0.999999     25637237    953250.91
        2.51     0.999999     25637241   1048576.00
        2.51     0.999999     25637241   1103764.21
        2.51     0.999999     25637241   1165084.44
        2.56     0.999999     25637244   1233618.82
        2.56     0.999999     25637244   1310720.00
        2.58     0.999999     25637246   1398101.33
        2.58     0.999999     25637246   1497965.71
        2.61     0.999999     25637249   1613193.85
        2.61     0.999999     25637249   1747626.67
        2.64     0.999999     25637250   1906501.82
        2.65     1.000000     25637251   2097152.00
        2.70     1.000000     25637252   2207528.42
        2.70     1.000000     25637252   2330168.89
        2.72     1.000000     25637254   2467237.65
        2.72     1.000000     25637254   2621440.00
        2.72     1.000000     25637254   2796202.67
        2.75     1.000000     25637255   2995931.43
        2.77     1.000000     25637257   3226387.69
        2.77     1.000000     25637257   3495253.33
        2.77     1.000000     25637257   3813003.64
        2.77     1.000000     25637257   4194304.00
        2.86     1.000000     25637258   4415056.84
        2.86     1.000000     25637258   4660337.78
        2.86     1.000000     25637258   4934475.29
        2.91     1.000000     25637259   5242880.00
        2.91     1.000000     25637259   5592405.33
        2.91     1.000000     25637259   5991862.86
        2.94     1.000000     25637260   6452775.39
        2.94     1.000000     25637260   6990506.67
        2.94     1.000000     25637260   7626007.28
        2.94     1.000000     25637260   8388608.00
        3.36     1.000000     25637262   8830113.68
        3.36     1.000000     25637262   9320675.55
        3.36     1.000000     25637262   9868950.59
        3.36     1.000000     25637262  10485760.00
        3.36     1.000000     25637262  11184810.67
        3.36     1.000000     25637262  11983725.71
        3.36     1.000000     25637262  12905550.76
        3.36     1.000000     25637262  13981013.34
        3.36     1.000000     25637262  15252014.55
        3.36     1.000000     25637262  16777216.00
        3.36     1.000000     25637262  17660227.38
        3.36     1.000000     25637262  18641351.10
        3.36     1.000000     25637262  19737901.19
        3.36     1.000000     25637262  20971519.98
        3.36     1.000000     25637262  22369621.33
        3.36     1.000000     25637262  23967451.45
        3.49     1.000000     25637263  25811101.52
        3.49     1.000000     25637263          inf
#[Mean    =        0.685, StdDeviation   =        0.172]
#[Max     =        3.487, Total count    =     25637263]
#[Buckets =           20, SubBuckets     =          256]
