       Value   Percentile   TotalCount 1/(1-Percentile)

        0.02     0.000000          485         1.00
        0.34     0.050000       130387         1.05
        0.57     0.100000       260881         1.11
        0.66     0.150000       396272         1.18
        0.68     0.200000       544202         1.25
        0.69     0.250000       653892         1.33
        0.69     0.300000       787373         1.43
        0.70     0.350000       950943         1.54
        0.71     0.400000      1144249         1.67
        0.72     0.450000      1375301         1.82
        0.72     0.500000      1375301         2.00
        0.72     0.525000      1375301         2.11
        0.73     0.550000      1645667         2.22
        0.73     0.575000      1645667         2.35
        0.73     0.600000      1645667         2.50
        0.73     0.625000      1645667         2.67
        0.73     0.650000      1919478         2.86
        0.73     0.675000      1919478         3.08
        0.73     0.700000      1919478         3.33
        0.73     0.725000      1919478         3.64
        0.74     0.750000      2139975         4.00
        0.74     0.762500      2139975         4.21
        0.74     0.775000      2139975         4.44
        0.74     0.787500      2139975         4.71
        0.74     0.800000      2139975         5.00
        0.74     0.812500      2139975         5.33
        0.74     0.825000      2139975         5.71
        0.75     0.837500      2288020         6.15
        0.75     0.850000      2288020         6.67
        0.75     0.862500      2288020         7.27
        0.75     0.875000      2288020         8.00
        0.75     0.881250      2288020         8.42
        0.75     0.887500      2288020         8.89
        0.76     0.893750      2363760         9.41
        0.76     0.900000      2363760        10.00
        0.76     0.906250      2363760        10.67
        0.76     0.912500      2363760        11.43
        0.76     0.918750      2363760        12.31
        0.77     0.925000      2397030        13.33
        0.77     0.931250      2397030        14.55
        0.78     0.937500      2411851        16.00
        0.78     0.940625      2411851        16.84
        0.78     0.943750      2420212        17.78
        0.80     0.946875      2431551        18.82
        0.81     0.950000      2435887        20.00
        0.82     0.953125      2444094        21.33
        0.85     0.956250      2454276        22.86
        0.86     0.959375      2460442        24.62
        0.90     0.962500      2467728        26.67
        0.94     0.965625      2477674        29.09
        0.96     0.968750      2485108        32.00
        0.97     0.970313      2489945        33.68
        0.98     0.971875      2492221        35.56
        1.00     0.973437      2495968        37.65
        1.04     0.975000      2499927        40.00
        1.16     0.976562      2503877        42.67
        1.29     0.978125      2507900        45.71
        1.33     0.979688      2512904        49.23
        1.35     0.981250      2515788        53.33
        1.38     0.982812      2521155        58.18
        1.39     0.984375      2525593        64.00
        1.40     0.985156      2528047        67.37
        1.40     0.985938      2528047        71.11
        1.41     0.986719      2530756        75.29
        1.42     0.987500      2533704        80.00
        1.42     0.988281      2537000        85.33
        1.42     0.989062      2537000        91.43
        1.43     0.989844      2540672        98.46
        1.43     0.990625      2540672       106.67
        1.44     0.991406      2544760       116.36
        1.44     0.992188      2544760       128.00
        1.45     0.992578      2548872       134.74
        1.45     0.992969      2548872       142.22
        1.45     0.993359      2548872       150.59
        1.45     0.993750      2548872       160.00
        1.45     0.994141      2548872       170.67
        1.46     0.994531      2552657       182.86
        1.46     0.994922      2552657       196.92
        1.46     0.995313      2552657       213.33
        1.46     0.995703      2555908       232.73
        1.46     0.996094      2555908       256.00
        1.46     0.996289      2555908       269.47
        1.46     0.996484      2555908       284.44
        1.46     0.996680      2555908       301.18
        1.46     0.996875      2555908       320.00
        1.47     0.997070      2558396       341.33
        1.47     0.997266      2558396       365.71
        1.47     0.997461      2558396       393.85
        1.47     0.997656      2558396       426.67
        1.47     0.997852      2558396       465.45
        1.48     0.998047      2560018       512.00
        1.48     0.998145      2560018       538.95
        1.48     0.998242      2560018       568.89
        1.48     0.998340      2560018       602.35
        1.48     0.998437      2560018       640.00
        1.49     0.998535      2561165       682.67
        1.49     0.998633      2561165       731.43
        1.49     0.998730      2561165       787.69
        1.49     0.998828      2561165       853.33
        1.49     0.998926      2561165       930.91
        1.50     0.999023      2561834      1024.00
        1.50     0.999072      2561834      1077.89
        1.50     0.999121      2561834      1137.78
        1.50     0.999170      2561834      1204.71
        1.50     0.999219      2561834      1280.00
        1.50     0.999268      2562260      1365.33
        1.50     0.999316      2562260      1462.86
        1.50     0.999365      2562260      1575.38
        1.51     0.999414      2562543      1706.67
        1.51     0.999463      2562543      1861.82
        1.52     0.999512      2562751      2048.00
        1.52     0.999536      2562751      2155.79
        1.52     0.999561      2562751      2275.56
        1.52     0.999585      2562751      2409.41
        1.53     0.999609      2562921      2560.00
        1.53     0.999634      2562921      2730.67
        1.53     0.999658      2562921      2925.71
        1.53     0.999683      2563060      3150.77
        1.53     0.999707      2563060      3413.33
        1.54     0.999731      2563182      3723.64
        1.54     0.999756      2563182      4096.00
        1.55     0.999768      2563267      4311.58
        1.55     0.999780      2563267      4551.11
        1.55     0.999792      2563267      4818.82
        1.56     0.999805      2563334      5120.00
        1.56     0.999817      2563334      5461.33
        1.57     0.999829      2563408      5851.43
        1.57     0.999841      2563408      6301.54
        1.57     0.999854      2563475      6826.67
        1.57     0.999866      2563475      7447.27
        1.58     0.999878      2563533      8192.00
        1.58     0.999884      2563533      8623.16
        1.58     0.999890      2563533      9102.22
        1.58     0.999896      2563533      9637.65
        1.59     0.999902      2563580     10240.00
        1.59     0.999908      2563580     10922.67
        1.59     0.999915      2563580     11702.86
        1.60     0.999921      2563623     12603.08
        1.60     0.999927      2563623     13653.33
        1.61     0.999933      2563656     14894.55
        1.61     0.999939      2563656     16384.00
        1.61     0.999942      2563656     17246.32
        1.61     0.999945      2563671     18204.44
        1.61     0.999948      2563671     19275.29
        1.62     0.999951      2563684     20480.00
        1.62     0.999954      2563684     21845.33
        1.63     0.999957      2563691     23405.71
        1.64     0.999960      2563704     25206.15
        1.64     0.999963      2563704     27306.67
        1.66     0.999966      2563714     29789.09
        1.67     0.999969      2563722     32768.00
        1.68     0.999971      2563725     34492.63
        1.69     0.999973      2563728     36408.89
        1.70     0.999974      2563731     38550.59
        1.71     0.999976      2563735     40960.00
        1.73     0.999977      2563741     43690.67
        1.74     0.999979      2563743     46811.43
        1.77     0.999980      2563747     50412.31
        1.78     0.999982      2563753     54613.33
        1.79     0.999983      2563754     59578.18
        1.84     0.999985      2563758     65536.00
        1.86     0.999986      2563760     68985.26
        1.87     0.999986      2563762     72817.78
        1.88     0.999987      2563765     77101.18
        1.90     0.999988      2563766     81920.00
        1.92     0.999989      2563769     87381.33
        1.93     0.999989      2563770     93622.86
        1.98     0.999990      2563772    100824.62
        2.01     0.999991      2563774    109226.67
        2.03     0.999992      2563777    119156.36
        2.05     0.999992      2563778    131072.00
        2.06     0.999993      2563779    137970.53
        2.08     0.999993      2563780    145635.56
        2.10     0.999994      2563783    154202.35
        2.10     0.999994      2563783    163840.00
        2.10     0.999994      2563783    174762.67
        2.13     0.999995      2563785    187245.71
        2.13     0.999995      2563785    201649.23
        2.19     0.999995      2563786    218453.33
        2.21     0.999996      2563789    238312.73
        2.21     0.999996      2563789    262144.00
        2.21     0.999996      2563789    275941.05
        2.21     0.999997      2563789    291271.11
        2.21     0.999997      2563789    308404.71
        2.22     0.999997      2563791    327680.00
        2.22     0.999997      2563791    349525.33
        2.22     0.999997      2563791    374491.43
        2.22     0.999998      2563791    403298.46
        2.24     0.999998      2563792    436906.67
        2.24     0.999998      2563792    476625.45
        2.27     0.999998      2563793    524288.00
        2.27     0.999998      2563793    551882.11
        2.27     0.999998      2563793    582542.22
        2.27     0.999998      2563793    616809.41
        2.29     0.999998      2563795    655360.00
        2.29     0.999999      2563795    699050.67
        2.29     0.999999      2563795    748982.86
        2.29     0.999999      2563795    806596.92
        2.29     0.999999      2563795    873813.33
        2.29     0.999999      2563795    953250.91
        2.29     0.999999      2563795   1048576.00
        2.29     0.999999      2563795   1103764.21
        2.29     0.999999      2563795   1165084.44
        2.29     0.999999      2563795   1233618.82
        2.30     0.999999      2563796   1310720.00
        2.30     0.999999      2563796   1398101.33
        2.30     0.999999      2563796   1497965.71
        2.30     0.999999      2563796   1613193.85
        2.30     0.999999      2563796   1747626.67
        2.30     0.999999      2563796   1906501.82
        2.30     1.000000      2563796   2097152.00
        2.30     1.000000      2563796   2207528.42
        2.30     1.000000      2563796   2330168.89
        2.30     1.000000      2563796   2467237.65
        2.37     1.000000      2563797   2621440.00
        2.37     1.000000      2563797          inf
#[Mean    =        0.697, StdDeviation   =        0.175]
#[Max     =        2.367, Total count    =      2563797]
#[Buckets =           20, SubBuckets     =          256]
