       Value   Percentile   TotalCount 1/(1-Percentile)

        0.34     0.000000            1         1.00
        1.87     0.050000      3151917         1.05
        1.90     0.100000      5637850         1.11
        1.94     0.150000      9069684         1.18
        1.96     0.200000     12117782         1.25
        1.98     0.250000     14272811         1.33
        2.00     0.300000     17520273         1.43
        2.02     0.350000     19593540         1.54
        2.04     0.400000     22428965         1.67
        2.08     0.450000     26150472         1.82
        2.11     0.500000     28182423         2.00
        2.14     0.525000     29505897         2.11
        2.21     0.550000     30796516         2.22
        2.91     0.575000     32170279         2.35
        3.02     0.600000     33581484         2.50
        3.09     0.625000     34990141         2.67
        3.13     0.650000     36389905         2.86
        3.18     0.675000     38077881         3.08
        3.21     0.700000     39342971         3.33
        3.25     0.725000     40697365         3.64
        3.28     0.750000     42092715         4.00
        3.29     0.762500     42792094         4.21
        3.31     0.775000     43481771         4.44
        3.33     0.787500     44155051         4.71
        3.34     0.800000     44803841         5.00
        3.36     0.812500     45425349         5.33
        3.39     0.825000     46557991         5.71
        3.41     0.837500     47070606         6.15
        3.42     0.850000     47546558         6.67
        3.46     0.862500     48423620         7.27
        3.49     0.875000     49249558         8.00
        3.49     0.881250     49249558         8.42
        3.50     0.887500     49661009         8.89
        3.52     0.893750     50074786         9.41
        3.54     0.900000     50503173        10.00
        3.55     0.906250     50935423        10.67
        3.57     0.912500     51370201        11.43
        3.57     0.918750     51370201        12.31
        3.58     0.925000     51804346        13.33
        3.60     0.931250     52231770        14.55
        3.62     0.937500     52641857        16.00
        3.62     0.940625     52641857        16.84
        3.63     0.943750     53030768        17.78
        3.63     0.946875     53030768        18.82
        3.65     0.950000     53387924        20.00
        3.65     0.953125     53387924        21.33
        3.65     0.956250     53387924        22.86
        3.66     0.959375     53707578        24.62
        3.68     0.962500     53991631        26.67
        3.68     0.965625     53991631        29.09
        3.69     0.968750     54239343        32.00
        3.69     0.970313     54239343        33.68
        3.71     0.971875     54451002        35.56
        3.71     0.973437     54451002        37.65
        3.71     0.975000     54451002        40.00
        3.73     0.976562     54630464        42.67
        3.73     0.978125     54630464        45.71
        3.74     0.979688     54781662        49.23
        3.76     0.981250     54911416        53.33
        3.76     0.982812     54911416        58.18
        3.77     0.984375     55020149        64.00
        3.77     0.985156     55020149        67.37
        3.79     0.985938     55113791        71.11
        3.79     0.986719     55113791        75.29
        3.81     0.987500     55195694        80.00
        3.81     0.988281     55195694        85.33
        3.82     0.989062     55267516        91.43
        3.82     0.989844     55267516        98.46
        3.84     0.990625     55333007       106.67
        3.85     0.991406     55393182       116.36
        3.85     0.992188     55393182       128.00
        3.87     0.992578     55447199       134.74
        3.87     0.992969     55447199       142.22
        3.89     0.993359     55496032       150.59
        3.89     0.993750     55496032       160.00
        3.90     0.994141     55541246       170.67
        3.90     0.994531     55541246       182.86
        3.92     0.994922     55581981       196.92
        3.92     0.995313     55581981       213.33
        3.94     0.995703     55618264       232.73
        3.94     0.996094     55618264       256.00
        3.95     0.996289     55650279       269.47
        3.95     0.996484     55650279       284.44
        3.95     0.996680     55650279       301.18
        3.97     0.996875     55678724       320.00
        3.97     0.997070     55678724       341.33
        3.97     0.997266     55678724       365.71
        3.98     0.997461     55702747       393.85
        3.98     0.997656     55702747       426.67
        4.00     0.997852     55722493       465.45
        4.00     0.998047     55722493       512.00
        4.01     0.998145     55739298       538.95
        4.01     0.998242     55739298       568.89
        4.01     0.998340     55739298       602.35
        4.03     0.998437     55753453       640.00
        4.03     0.998535     55753453       682.67
        4.03     0.998633     55753453       731.43
        4.05     0.998730     55765022       787.69
        4.05     0.998828     55765022       853.33
        4.06     0.998926     55774466       930.91
        4.06     0.999023     55774466      1024.00
        4.08     0.999072     55782330      1077.89
        4.08     0.999121     55782330      1137.78
        4.09     0.999170     55788532      1204.71
        4.09     0.999219     55788532      1280.00
        4.09     0.999268     55788532      1365.33
        4.13     0.999316     55797847      1462.86
        4.13     0.999365     55797847      1575.38
        4.13     0.999414     55797847      1706.67
        4.16     0.999463     55803967      1861.82
        4.16     0.999512     55803967      2048.00
        4.16     0.999536     55803967      2155.79
        4.19     0.999561     55808082      2275.56
        4.19     0.999585     55808082      2409.41
        4.19     0.999609     55808082      2560.00
        4.22     0.999634     55811221      2730.67
        4.22     0.999658     55811221      2925.71
        4.22     0.999683     55811221      3150.77
        4.25     0.999707     55813455      3413.33
        4.29     0.999731     55815254      3723.64
        4.29     0.999756     55815254      4096.00
        4.32     0.999768     55816722      4311.58
        4.32     0.999780     55816722      4551.11
        4.35     0.999792     55818212      4818.82
        4.35     0.999805     55818212      5120.00
        4.38     0.999817     55819419      5461.33
        4.38     0.999829     55819419      5851.43
        4.42     0.999841     55820386      6301.54
        4.45     0.999854     55821258      6826.67
        4.45     0.999866     55821258      7447.27
        4.48     0.999878     55822144      8192.00
        4.51     0.999884     55822945      8623.16
        4.51     0.999890     55822945      9102.22
        4.54     0.999896     55823547      9637.65
        4.54     0.999902     55823547     10240.00
        4.58     0.999908     55824186     10922.67
        4.58     0.999915     55824186     11702.86
        4.61     0.999921     55824685     12603.08
        4.61     0.999927     55824685     13653.33
        4.64     0.999933     55825231     14894.55
        4.67     0.999939     55825627     16384.00
        4.67     0.999942     55825627     17246.32
        4.70     0.999945     55826042     18204.44
        4.70     0.999948     55826042     19275.29
        4.70     0.999951     55826042     20480.00
        4.74     0.999954     55826408     21845.33
        4.74     0.999957     55826408     23405.71
        4.77     0.999960     55826638     25206.15
        4.80     0.999963     55826890     27306.67
        4.80     0.999966     55826890     29789.09
        4.83     0.999969     55827151     32768.00
        4.83     0.999971     55827151     34492.63
        4.86     0.999973     55827347     36408.89
        4.86     0.999974     55827347     38550.59
        4.89     0.999976     55827479     40960.00
        4.89     0.999977     55827479     43690.67
        4.93     0.999979     55827651     46811.43
        4.93     0.999980     55827651     50412.31
        4.96     0.999982     55827760     54613.33
        4.99     0.999983     55827863     59578.18
        5.02     0.999985     55827929     65536.00
        5.05     0.999986     55827982     68985.26
        5.05     0.999986     55827982     72817.78
        5.09     0.999987     55828067     77101.18
        5.09     0.999988     55828067     81920.00
        5.12     0.999989     55828156     87381.33
        5.12     0.999989     55828156     93622.86
        5.15     0.999990     55828209    100824.62
        5.18     0.999991     55828247    109226.67
        5.21     0.999992     55828289    119156.36
        5.25     0.999992     55828324    131072.00
        5.28     0.999993     55828345    137970.53
        5.31     0.999993     55828380    145635.56
        5.34     0.999994     55828398    154202.35
        5.38     0.999994     55828426    163840.00
        5.41     0.999994     55828452    174762.67
        5.41     0.999995     55828452    187245.71
        5.44     0.999995     55828477    201649.23
        5.47     0.999995     55828508    218453.33
        5.50     0.999996     55828526    238312.73
        5.54     0.999996     55828537    262144.00
        5.57     0.999996     55828544    275941.05
        5.63     0.999997     55828557    291271.11
        5.70     0.999997     55828565    308404.71
        5.76     0.999997     55828579    327680.00
        5.86     0.999997     55828589    349525.33
        6.11     0.999997     55828599    374491.43
        6.24     0.999998     55828609    403298.46
        6.33     0.999998     55828619    436906.67
        6.50     0.999998     55828630    476625.45
        6.53     0.999998     55828642    524288.00
        6.56     0.999998     55828647    551882.11
        6.59     0.999998     55828658    582542.22
        6.59     0.999998     55828658    616809.41
        6.62     0.999998     55828674    655360.00
        6.62     0.999999     55828674    699050.67
        6.62     0.999999     55828674    748982.86
        6.66     0.999999     55828678    806596.92
        6.69     0.999999     55828687    873813.33
        6.72     0.999999     55828697    953250.91
        6.72     0.999999     55828697   1048576.00
        6.72     0.999999     55828697   1103764.21
        6.75     0.999999     55828706   1165084.44
        6.75     0.999999     55828706   1233618.82
        6.75     0.999999     55828706   1310720.00
        6.78     0.999999     55828707   1398101.33
        6.82     0.999999     55828709   1497965.71
        6.97     0.999999     55828712   1613193.85
        7.01     0.999999     55828716   1747626.67
        7.13     0.999999     55828718   1906501.82
        7.20     1.000000     55828720   2097152.00
        7.29     1.000000     55828721   2207528.42
        7.36     1.000000     55828724   2330168.89
        7.36     1.000000     55828724   2467237.65
        7.42     1.000000     55828727   2621440.00
        7.42     1.000000     55828727   2796202.67
        7.49     1.000000     55828730   2995931.43
        7.49     1.000000     55828730   3226387.69
        7.78     1.000000     55828733   3495253.33
        7.78     1.000000     55828733   3813003.64
        7.78     1.000000     55828733   4194304.00
        8.26     1.000000     55828737   4415056.84
        8.26     1.000000     55828737   4660337.78
        8.26     1.000000     55828737   4934475.29
        8.26     1.000000     55828737   5242880.00
        8.26     1.000000     55828737   5592405.33
        8.26     1.000000     55828737   5991862.86
        8.45     1.000000     55828740   6452775.39
        8.45     1.000000     55828740   6990506.67
        8.45     1.000000     55828740   7626007.28
        8.45     1.000000     55828740   8388608.00
        8.45     1.000000     55828740   8830113.68
        8.70     1.000000     55828745   9320675.55
        8.70     1.000000     55828745   9868950.59
        8.70     1.000000     55828745  10485760.00
        8.70     1.000000     55828745  11184810.67
        8.70     1.000000     55828745  11983725.71
        8.70     1.000000     55828745  12905550.76
        8.70     1.000000     55828745  13981013.34
        8.70     1.000000     55828745  15252014.55
        8.70     1.000000     55828745  16777216.00
        8.70     1.000000     55828745  17660227.38
        8.70     1.000000     55828745  18641351.10
        8.70     1.000000     55828745  19737901.19
        8.70     1.000000     55828745  20971519.98
        8.70     1.000000     55828745  22369621.33
        8.70     1.000000     55828745  23967451.45
        8.70     1.000000     55828745  25811101.52
        8.70     1.000000     55828745  27962026.68
        8.70     1.000000     55828745  30504029.05
        8.70     1.000000     55828745  33554432.00
        8.70     1.000000     55828745  35320454.76
        8.70     1.000000     55828745  37282702.28
        8.70     1.000000     55828745  39475802.28
        8.70     1.000000     55828745  41943039.96
        8.70     1.000000     55828745  44739242.67
        8.70     1.000000     55828745  47934902.91
        8.70     1.000000     55828745  51622203.20
        8.96     1.000000     55828746  55924053.19
        8.96     1.000000     55828746          inf
#[Mean    =        2.578, StdDeviation   =        0.689]
#[Max     =        8.959, Total count    =     55828746]
#[Buckets =           20, SubBuckets     =          256]
