       Value   Percentile   TotalCount 1/(1-Percentile)

        0.02     0.000000        16555         1.00
        0.34     0.050000      1414002         1.05
        0.57     0.100000      2840610         1.11
        0.66     0.150000      4257344         1.18
        0.67     0.200000      6044896         1.25
        0.68     0.250000      7407462         1.33
        0.69     0.300000      9111363         1.43
        0.69     0.350000     11200623         1.54
        0.70     0.400000     13756348         1.67
        0.70     0.450000     13756348         1.82
        0.71     0.500000     16822254         2.00
        0.71     0.525000     16822254         2.11
        0.71     0.550000     16822254         2.22
        0.71     0.575000     16822254         2.35
        0.72     0.600000     20271052         2.50
        0.72     0.625000     20271052         2.67
        0.72     0.650000     20271052         2.86
        0.72     0.675000     20271052         3.08
        0.72     0.700000     20271052         3.33
        0.73     0.725000     23279911         3.64
        0.73     0.750000     23279911         4.00
        0.73     0.762500     23279911         4.21
        0.73     0.775000     23279911         4.44
        0.73     0.787500     23279911         4.71
        0.73     0.800000     23279911         5.00
        0.73     0.812500     23279911         5.33
        0.73     0.825000     23279911         5.71
        0.73     0.837500     25121535         6.15
        0.73     0.850000     25121535         6.67
        0.73     0.862500     25121535         7.27
        0.73     0.875000     25121535         8.00
        0.73     0.881250     25121535         8.42
        0.73     0.887500     25121535         8.89
        0.74     0.893750     26011307         9.41
        0.74     0.900000     26011307        10.00
        0.74     0.906250     26011307        10.67
        0.74     0.912500     26011307        11.43
        0.74     0.918750     26011307        12.31
        0.75     0.925000     26422689        13.33
        0.75     0.931250     26422689        14.55
        0.76     0.937500     26619816        16.00
        0.76     0.940625     26619816        16.84
        0.76     0.943750     26619816        17.78
        0.77     0.946875     26728791        18.82
        0.78     0.950000     26801890        20.00
        0.79     0.953125     26905597        21.33
        0.81     0.956250     26978908        22.86
        0.83     0.959375     27090085        24.62
        0.85     0.962500     27164002        26.67
        0.87     0.965625     27232078        29.09
        0.91     0.968750     27322311        32.00
        0.93     0.970313     27364878        33.68
        0.95     0.971875     27425645        35.56
        0.97     0.973437     27462179        37.65
        0.99     0.975000     27504065        40.00
        1.05     0.976562     27542356        42.67
        1.19     0.978125     27585537        45.71
        1.29     0.979688     27632932        49.23
        1.33     0.981250     27676978        53.33
        1.35     0.982812     27726660        58.18
        1.37     0.984375     27767233        64.00
        1.38     0.985156     27790240        67.37
        1.38     0.985938     27815200        71.11
        1.39     0.986719     27842173        75.29
        1.40     0.987500     27871123        80.00
        1.40     0.988281     27871123        85.33
        1.41     0.989062     27902702        91.43
        1.42     0.989844     27936230        98.46
        1.42     0.990625     27972295       106.67
        1.42     0.991406     27972295       116.36
        1.43     0.992188     28010533       128.00
        1.43     0.992578     28010533       134.74
        1.43     0.992969     28010533       142.22
        1.44     0.993359     28049298       150.59
        1.44     0.993750     28049298       160.00
        1.44     0.994141     28049298       170.67
        1.44     0.994531     28049298       182.86
        1.45     0.994922     28086380       196.92
        1.45     0.995313     28086380       213.33
        1.45     0.995703     28086380       232.73
        1.46     0.996094     28118458       256.00
        1.46     0.996289     28118458       269.47
        1.46     0.996484     28118458       284.44
        1.46     0.996680     28118458       301.18
        1.46     0.996875     28118458       320.00
        1.46     0.997070     28143366       341.33
        1.46     0.997266     28143366       365.71
        1.46     0.997461     28143366       393.85
        1.46     0.997656     28143366       426.67
        1.46     0.997852     28143366       465.45
        1.47     0.998047     28161145       512.00
        1.47     0.998145     28161145       538.95
        1.47     0.998242     28161145       568.89
        1.47     0.998340     28161145       602.35
        1.47     0.998437     28161145       640.00
        1.47     0.998535     28161145       682.67
        1.48     0.998633     28172768       731.43
        1.48     0.998730     28172768       787.69
        1.48     0.998828     28172768       853.33
        1.48     0.998926     28172768       930.91
        1.49     0.999023     28180148      1024.00
        1.49     0.999072     28180148      1077.89
        1.49     0.999121     28180148      1137.78
        1.49     0.999170     28180148      1204.71
        1.49     0.999219     28180148      1280.00
        1.50     0.999268     28184845      1365.33
        1.50     0.999316     28184845      1462.86
        1.50     0.999365     28184845      1575.38
        1.50     0.999414     28184845      1706.67
        1.50     0.999463     28187919      1861.82
        1.50     0.999512     28187919      2048.00
        1.51     0.999536     28190065      2155.79
        1.51     0.999561     28190065      2275.56
        1.51     0.999585     28190065      2409.41
        1.52     0.999609     28191707      2560.00
        1.52     0.999634     28191707      2730.67
        1.52     0.999658     28191707      2925.71
        1.53     0.999683     28193042      3150.77
        1.53     0.999707     28193042      3413.33
        1.53     0.999731     28194163      3723.64
        1.54     0.999756     28195081      4096.00
        1.54     0.999768     28195081      4311.58
        1.55     0.999780     28195884      4551.11
        1.55     0.999792     28195884      4818.82
        1.55     0.999805     28195884      5120.00
        1.56     0.999817     28196641      5461.33
        1.56     0.999829     28196641      5851.43
        1.57     0.999841     28197311      6301.54
        1.57     0.999854     28197311      6826.67
        1.57     0.999866     28197930      7447.27
        1.57     0.999878     28197930      8192.00
        1.58     0.999884     28198443      8623.16
        1.58     0.999890     28198443      9102.22
        1.58     0.999896     28198443      9637.65
        1.59     0.999902     28198826     10240.00
        1.59     0.999908     28198826     10922.67
        1.60     0.999915     28199086     11702.86
        1.60     0.999921     28199086     12603.08
        1.61     0.999927     28199279     13653.33
        1.61     0.999933     28199431     14894.55
        1.63     0.999939     28199644     16384.00
        1.64     0.999942     28199724     17246.32
        1.65     0.999945     28199797     18204.44
        1.66     0.999948     28199850     19275.29
        1.67     0.999951     28199944     20480.00
        1.68     0.999954     28199996     21845.33
        1.70     0.999957     28200079     23405.71
        1.72     0.999960     28200193     25206.15
        1.74     0.999963     28200263     27306.67
        1.77     0.999966     28200338     29789.09
        1.81     0.999969     28200423     32768.00
        1.83     0.999971     28200472     34492.63
        1.85     0.999973     28200513     36408.89
        1.89     0.999974     28200559     38550.59
        1.92     0.999976     28200603     40960.00
        1.95     0.999977     28200649     43690.67
        1.99     0.999979     28200680     46811.43
        2.04     0.999980     28200732     50412.31
        2.08     0.999982     28200770     54613.33
        2.11     0.999983     28200811     59578.18
        2.14     0.999985     28200853     65536.00
        2.17     0.999986     28200889     68985.26
        2.19     0.999986     28200926     72817.78
        2.19     0.999987     28200926     77101.18
        2.21     0.999988     28200959     81920.00
        2.22     0.999989     28200986     87381.33
        2.22     0.999989     28200986     93622.86
        2.24     0.999990     28201003    100824.62
        2.25     0.999991     28201033    109226.67
        2.29     0.999992     28201059    119156.36
        2.30     0.999992     28201075    131072.00
        2.32     0.999993     28201089    137970.53
        2.32     0.999993     28201089    145635.56
        2.33     0.999994     28201106    154202.35
        2.35     0.999994     28201119    163840.00
        2.37     0.999994     28201129    174762.67
        2.38     0.999995     28201137    187245.71
        2.42     0.999995     28201145    201649.23
        2.46     0.999995     28201154    218453.33
        2.58     0.999996     28201165    238312.73
        2.86     0.999996     28201175    262144.00
        3.09     0.999996     28201180    275941.05
        3.36     0.999997     28201187    291271.11
        3.38     0.999997     28201196    308404.71
        3.38     0.999997     28201196    327680.00
        3.39     0.999997     28201207    349525.33
        3.39     0.999997     28201207    374491.43
        3.41     0.999998     28201257    403298.46
        3.41     0.999998     28201257    436906.67
        3.41     0.999998     28201257    476625.45
        3.41     0.999998     28201257    524288.00
        3.41     0.999998     28201257    551882.11
        3.41     0.999998     28201257    582542.22
        3.41     0.999998     28201257    616809.41
        3.41     0.999998     28201257    655360.00
        3.41     0.999999     28201257    699050.67
        3.41     0.999999     28201257    748982.86
        3.41     0.999999     28201257    806596.92
        3.41     0.999999     28201257    873813.33
        3.41     0.999999     28201257    953250.91
        3.41     0.999999     28201257   1048576.00
        3.41     0.999999     28201257   1103764.21
        3.42     0.999999     28201276   1165084.44
        3.42     0.999999     28201276   1233618.82
        3.42     0.999999     28201276   1310720.00
        3.42     0.999999     28201276   1398101.33
        3.42     0.999999     28201276   1497965.71
        3.42     0.999999     28201276   1613193.85
        3.42     0.999999     28201276   1747626.67
        3.42     0.999999     28201276   1906501.82
        3.42     1.000000     28201276   2097152.00
        3.42     1.000000     28201276   2207528.42
        3.42     1.000000     28201276   2330168.89
        3.42     1.000000     28201276   2467237.65
        3.42     1.000000     28201276   2621440.00
        3.42     1.000000     28201276   2796202.67
        3.42     1.000000     28201276   2995931.43
        3.42     1.000000     28201276   3226387.69
        3.42     1.000000     28201276   3495253.33
        3.42     1.000000     28201276   3813003.64
        3.42     1.000000     28201276   4194304.00
        3.42     1.000000     28201276   4415056.84
        3.42     1.000000     28201276   4660337.78
        3.44     1.000000     28201277   4934475.29
        3.44     1.000000     28201277   5242880.00
        3.44     1.000000     28201277   5592405.33
        3.79     1.000000     28201278   5991862.86
        3.79     1.000000     28201278   6452775.39
        3.79     1.000000     28201278   6990506.67
        3.81     1.000000     28201280   7626007.28
        3.81     1.000000     28201280   8388608.00
        3.81     1.000000     28201280   8830113.68
        3.81     1.000000     28201280   9320675.55
        3.81     1.000000     28201280   9868950.59
        3.81     1.000000     28201280  10485760.00
        3.81     1.000000     28201280  11184810.67
        3.81     1.000000     28201280  11983725.71
        3.81     1.000000     28201280  12905550.76
        3.81     1.000000     28201280  13981013.34
        4.13     1.000000     28201281  15252014.55
        4.13     1.000000     28201281  16777216.00
        4.13     1.000000     28201281  17660227.38
        4.13     1.000000     28201281  18641351.10
        4.13     1.000000     28201281  19737901.19
        4.13     1.000000     28201281  20971519.98
        4.13     1.000000     28201281  22369621.33
        4.13     1.000000     28201281  23967451.45
        4.13     1.000000     28201281  25811101.52
        4.13     1.000000     28201281  27962026.68
        4.16     1.000000     28201282  30504029.05
        4.16     1.000000     28201282          inf
#[Mean    =        0.685, StdDeviation   =        0.171]
#[Max     =        4.159, Total count    =     28201282]
#[Buckets =           20, SubBuckets     =          256]
