       Value   Percentile   TotalCount 1/(1-Percentile)

        0.17     0.000000            2         1.00
        0.70     0.050000      3002540         1.05
        0.70     0.100000      3002540         1.11
        0.71     0.150000      6769596         1.18
        0.71     0.200000      6769596         1.25
        0.71     0.250000      6769596         1.33
        0.71     0.300000      6769596         1.43
        0.72     0.350000     11357539         1.54
        0.72     0.400000     11357539         1.67
        0.72     0.450000     11357539         1.82
        0.72     0.500000     11357539         2.00
        0.73     0.525000     15094686         2.11
        0.73     0.550000     15094686         2.22
        0.73     0.575000     15094686         2.35
        0.73     0.600000     15094686         2.50
        0.73     0.625000     15094686         2.67
        0.73     0.650000     15094686         2.86
        0.73     0.675000     15094686         3.08
        0.73     0.700000     17895927         3.33
        0.73     0.725000     17895927         3.64
        0.73     0.750000     17895927         4.00
        0.73     0.762500     17895927         4.21
        0.73     0.775000     17895927         4.44
        0.73     0.787500     17895927         4.71
        0.73     0.800000     17895927         5.00
        0.74     0.812500     19767345         5.33
        0.74     0.825000     19767345         5.71
        0.74     0.837500     19767345         6.15
        0.74     0.850000     19767345         6.67
        0.74     0.862500     19767345         7.27
        0.74     0.875000     19767345         8.00
        0.74     0.881250     19767345         8.42
        0.74     0.887500     19767345         8.89
        0.75     0.893750     20709324         9.41
        0.75     0.900000     20709324        10.00
        0.75     0.906250     20709324        10.67
        0.75     0.912500     20709324        11.43
        0.75     0.918750     20709324        12.31
        0.75     0.925000     20709324        13.33
        0.75     0.931250     20709324        14.55
        0.76     0.937500     21098280        16.00
        0.76     0.940625     21098280        16.84
        0.76     0.943750     21098280        17.78
        0.76     0.946875     21098280        18.82
        0.76     0.950000     21098280        20.00
        0.77     0.953125     21262728        21.33
        0.77     0.956250     21262728        22.86
        0.78     0.959375     21347842        24.62
        0.78     0.962500     21347842        26.67
        0.79     0.965625     21433422        29.09
        0.81     0.968750     21481648        32.00
        0.83     0.970313     21527291        33.68
        0.84     0.971875     21563026        35.56
        0.85     0.973437     21592249        37.65
        0.86     0.975000     21626333        40.00
        0.96     0.976562     21654027        42.67
        1.35     0.978125     21687896        45.71
        1.40     0.979688     21733484        49.23
        1.41     0.981250     21762537        53.33
        1.42     0.982812     21800897        58.18
        1.42     0.984375     21847880        64.00
        1.42     0.985156     21847880        67.37
        1.43     0.985938     21899541        71.11
        1.43     0.986719     21899541        75.29
        1.43     0.987500     21899541        80.00
        1.44     0.988281     21950002        85.33
        1.44     0.989062     21950002        91.43
        1.44     0.989844     21950002        98.46
        1.45     0.990625     21995002       106.67
        1.45     0.991406     21995002       116.36
        1.46     0.992188     22032851       128.00
        1.46     0.992578     22032851       134.74
        1.46     0.992969     22032851       142.22
        1.46     0.993359     22032851       150.59
        1.46     0.993750     22064785       160.00
        1.46     0.994141     22064785       170.67
        1.46     0.994531     22064785       182.86
        1.46     0.994922     22064785       196.92
        1.47     0.995313     22091833       213.33
        1.47     0.995703     22091833       232.73
        1.47     0.996094     22091833       256.00
        1.47     0.996289     22091833       269.47
        1.48     0.996484     22114726       284.44
        1.48     0.996680     22114726       301.18
        1.48     0.996875     22114726       320.00
        1.48     0.997070     22114726       341.33
        1.48     0.997266     22114726       365.71
        1.49     0.997461     22132456       393.85
        1.49     0.997656     22132456       426.67
        1.49     0.997852     22132456       465.45
        1.49     0.998047     22132456       512.00
        1.49     0.998145     22132456       538.95
        1.50     0.998242     22144791       568.89
        1.50     0.998340     22144791       602.35
        1.50     0.998437     22144791       640.00
        1.50     0.998535     22144791       682.67
        1.50     0.998633     22144791       731.43
        1.50     0.998730     22144791       787.69
        1.50     0.998828     22152849       853.33
        1.50     0.998926     22152849       930.91
        1.50     0.999023     22152849      1024.00
        1.50     0.999072     22152849      1077.89
        1.51     0.999121     22157869      1137.78
        1.51     0.999170     22157869      1204.71
        1.51     0.999219     22157869      1280.00
        1.51     0.999268     22157869      1365.33
        1.51     0.999316     22157869      1462.86
        1.52     0.999365     22161056      1575.38
        1.52     0.999414     22161056      1706.67
        1.52     0.999463     22161056      1861.82
        1.53     0.999512     22163072      2048.00
        1.53     0.999536     22163072      2155.79
        1.53     0.999561     22164594      2275.56
        1.53     0.999585     22164594      2409.41
        1.53     0.999609     22164594      2560.00
        1.54     0.999634     22165914      2730.67
        1.54     0.999658     22165914      2925.71
        1.54     0.999683     22165914      3150.77
        1.55     0.999707     22167105      3413.33
        1.55     0.999731     22167105      3723.64
        1.56     0.999756     22168171      4096.00
        1.56     0.999768     22168171      4311.58
        1.56     0.999780     22168171      4551.11
        1.57     0.999792     22169066      4818.82
        1.57     0.999805     22169066      5120.00
        1.57     0.999817     22169066      5461.33
        1.57     0.999829     22169066      5851.43
        1.57     0.999841     22169792      6301.54
        1.57     0.999854     22169792      6826.67
        1.58     0.999866     22170382      7447.27
        1.58     0.999878     22170382      8192.00
        1.58     0.999884     22170382      8623.16
        1.59     0.999890     22170888      9102.22
        1.59     0.999896     22170888      9637.65
        1.59     0.999902     22170888     10240.00
        1.59     0.999908     22170888     10922.67
        1.60     0.999915     22171289     11702.86
        1.60     0.999921     22171289     12603.08
        1.60     0.999927     22171289     13653.33
        1.61     0.999933     22171589     14894.55
        1.61     0.999939     22171589     16384.00
        1.61     0.999942     22171589     17246.32
        1.61     0.999945     22171809     18204.44
        1.61     0.999948     22171809     19275.29
        1.61     0.999951     22171809     20480.00
        1.62     0.999954     22171989     21845.33
        1.62     0.999957     22171989     23405.71
        1.62     0.999960     22171989     25206.15
        1.63     0.999963     22172096     27306.67
        1.63     0.999966     22172096     29789.09
        1.64     0.999969     22172176     32768.00
        1.65     0.999971     22172232     34492.63
        1.65     0.999973     22172232     36408.89
        1.66     0.999974     22172270     38550.59
        1.66     0.999976     22172305     40960.00
        1.67     0.999977     22172328     43690.67
        1.69     0.999979     22172360     46811.43
        1.72     0.999980     22172412     50412.31
        1.74     0.999982     22172437     54613.33
        1.75     0.999983     22172463     59578.18
        1.79     0.999985     22172503     65536.00
        1.81     0.999986     22172518     68985.26
        1.82     0.999986     22172531     72817.78
        1.85     0.999987     22172549     77101.18
        1.89     0.999988     22172564     81920.00
        1.93     0.999989     22172580     87381.33
        1.97     0.999989     22172599     93622.86
        2.00     0.999990     22172617    100824.62
        2.02     0.999991     22172632    109226.67
        2.05     0.999992     22172654    119156.36
        2.06     0.999992     22172664    131072.00
        2.10     0.999993     22172690    137970.53
        2.10     0.999993     22172690    145635.56
        2.10     0.999994     22172690    154202.35
        2.11     0.999994     22172700    163840.00
        2.13     0.999994     22172721    174762.67
        2.13     0.999995     22172721    187245.71
        2.14     0.999995     22172740    201649.23
        2.14     0.999995     22172740    218453.33
        2.14     0.999996     22172740    238312.73
        2.16     0.999996     22172762    262144.00
        2.16     0.999996     22172762    275941.05
        2.16     0.999997     22172762    291271.11
        2.16     0.999997     22172762    308404.71
        2.17     0.999997     22172772    327680.00
        2.17     0.999997     22172772    349525.33
        2.19     0.999997     22172787    374491.43
        2.19     0.999998     22172787    403298.46
        2.19     0.999998     22172787    436906.67
        2.19     0.999998     22172787    476625.45
        2.21     0.999998     22172793    524288.00
        2.21     0.999998     22172793    551882.11
        2.22     0.999998     22172800    582542.22
        2.22     0.999998     22172800    616809.41
        2.22     0.999998     22172800    655360.00
        2.24     0.999999     22172807    699050.67
        2.24     0.999999     22172807    748982.86
        2.24     0.999999     22172807    806596.92
        2.25     0.999999     22172812    873813.33
        2.25     0.999999     22172812    953250.91
        2.25     0.999999     22172812   1048576.00
        2.27     0.999999     22172813   1103764.21
        2.29     0.999999     22172815   1165084.44
        2.30     0.999999     22172819   1233618.82
        2.30     0.999999     22172819   1310720.00
        2.30     0.999999     22172819   1398101.33
        2.30     0.999999     22172819   1497965.71
        2.32     0.999999     22172821   1613193.85
        2.32     0.999999     22172821   1747626.67
        2.33     0.999999     22172822   1906501.82
        2.35     1.000000     22172823   2097152.00
        2.35     1.000000     22172823   2207528.42
        2.38     1.000000     22172826   2330168.89
        2.38     1.000000     22172826   2467237.65
        2.38     1.000000     22172826   2621440.00
        2.38     1.000000     22172826   2796202.67
        2.38     1.000000     22172826   2995931.43
        2.40     1.000000     22172828   3226387.69
        2.40     1.000000     22172828   3495253.33
        2.40     1.000000     22172828   3813003.64
        2.40     1.000000     22172828   4194304.00
        2.40     1.000000     22172828   4415056.84
        2.45     1.000000     22172829   4660337.78
        2.45     1.000000     22172829   4934475.29
        2.45     1.000000     22172829   5242880.00
        2.50     1.000000     22172830   5592405.33
        2.50     1.000000     22172830   5991862.86
        2.50     1.000000     22172830   6452775.39
        2.50     1.000000     22172830   6990506.67
        2.56     1.000000     22172831   7626007.28
        2.56     1.000000     22172831   8388608.00
        2.56     1.000000     22172831   8830113.68
        2.56     1.000000     22172831   9320675.55
        2.56     1.000000     22172831   9868950.59
        2.56     1.000000     22172831  10485760.00
        3.12     1.000000     22172833  11184810.67
        3.12     1.000000     22172833          inf
#[Mean    =        0.738, StdDeviation   =        0.108]
#[Max     =        3.119, Total count    =     22172833]
#[Buckets =           20, SubBuckets     =          256]
