       Value   Percentile   TotalCount 1/(1-Percentile)

        0.26     0.000000            1         1.00
        1.85     0.050000      2809627         1.05
        1.90     0.100000      5870926         1.11
        1.92     0.150000      8444835         1.18
        1.94     0.200000     11447722         1.25
        1.97     0.250000     14698832         1.33
        1.98     0.300000     16890248         1.43
        2.01     0.350000     20046487         1.54
        2.03     0.400000     22865329         1.67
        2.06     0.450000     25897334         1.82
        2.10     0.500000     28057599         2.00
        2.13     0.525000     29474498         2.11
        2.19     0.550000     30861267         2.22
        2.90     0.575000     32289490         2.35
        3.01     0.600000     33670200         2.50
        3.07     0.625000     35068768         2.67
        3.12     0.650000     36461074         2.86
        3.17     0.675000     38147996         3.08
        3.20     0.700000     39413012         3.33
        3.23     0.725000     40767951         3.64
        3.26     0.750000     42169822         4.00
        3.28     0.762500     42872181         4.21
        3.29     0.775000     43565635         4.44
        3.31     0.787500     44240927         4.71
        3.33     0.800000     44895521         5.00
        3.36     0.812500     46112318         5.33
        3.38     0.825000     46666392         5.71
        3.39     0.837500     47189106         6.15
        3.41     0.850000     47675547         6.67
        3.44     0.862500     48586124         7.27
        3.47     0.875000     49454591         8.00
        3.47     0.881250     49454591         8.42
        3.49     0.887500     49887041         8.89
        3.50     0.893750     50319002         9.41
        3.52     0.900000     50757278        10.00
        3.54     0.906250     51198242        10.67
        3.54     0.912500     51198242        11.43
        3.55     0.918750     51637884        12.31
        3.57     0.925000     52068816        13.33
        3.58     0.931250     52488077        14.55
        3.60     0.937500     52889565        16.00
        3.60     0.940625     52889565        16.84
        3.62     0.943750     53263248        17.78
        3.62     0.946875     53263248        18.82
        3.63     0.950000     53605035        20.00
        3.63     0.953125     53605035        21.33
        3.65     0.956250     53915029        22.86
        3.65     0.959375     53915029        24.62
        3.66     0.962500     54189766        26.67
        3.66     0.965625     54189766        29.09
        3.68     0.968750     54431004        32.00
        3.68     0.970313     54431004        33.68
        3.69     0.971875     54641823        35.56
        3.69     0.973437     54641823        37.65
        3.71     0.975000     54823669        40.00
        3.71     0.976562     54823669        42.67
        3.73     0.978125     54977607        45.71
        3.73     0.979688     54977607        49.23
        3.74     0.981250     55111351        53.33
        3.76     0.982812     55226170        58.18
        3.76     0.984375     55226170        64.00
        3.77     0.985156     55325505        67.37
        3.77     0.985938     55325505        71.11
        3.79     0.986719     55413139        75.29
        3.79     0.987500     55413139        80.00
        3.81     0.988281     55491331        85.33
        3.81     0.989062     55491331        91.43
        3.82     0.989844     55561574        98.46
        3.82     0.990625     55561574       106.67
        3.84     0.991406     55625773       116.36
        3.85     0.992188     55682743       128.00
        3.85     0.992578     55682743       134.74
        3.87     0.992969     55734861       142.22
        3.87     0.993359     55734861       150.59
        3.89     0.993750     55781850       160.00
        3.89     0.994141     55781850       170.67
        3.89     0.994531     55781850       182.86
        3.90     0.994922     55822961       196.92
        3.92     0.995313     55860638       213.33
        3.92     0.995703     55860638       232.73
        3.94     0.996094     55893543       256.00
        3.94     0.996289     55893543       269.47
        3.94     0.996484     55893543       284.44
        3.95     0.996680     55922097       301.18
        3.95     0.996875     55922097       320.00
        3.97     0.997070     55946104       341.33
        3.97     0.997266     55946104       365.71
        3.97     0.997461     55946104       393.85
        3.98     0.997656     55966741       426.67
        3.98     0.997852     55966741       465.45
        4.00     0.998047     55984378       512.00
        4.00     0.998145     55984378       538.95
        4.01     0.998242     55998918       568.89
        4.01     0.998340     55998918       602.35
        4.03     0.998437     56011063       640.00
        4.03     0.998535     56011063       682.67
        4.03     0.998633     56011063       731.43
        4.05     0.998730     56021124       787.69
        4.05     0.998828     56021124       853.33
        4.06     0.998926     56029577       930.91
        4.08     0.999023     56036643      1024.00
        4.08     0.999072     56036643      1077.89
        4.09     0.999121     56042226      1137.78
        4.09     0.999170     56042226      1204.71
        4.13     0.999219     56050567      1280.00
        4.13     0.999268     56050567      1365.33
        4.13     0.999316     56050567      1462.86
        4.16     0.999365     56056563      1575.38
        4.16     0.999414     56056563      1706.67
        4.19     0.999463     56060989      1861.82
        4.19     0.999512     56060989      2048.00
        4.19     0.999536     56060989      2155.79
        4.22     0.999561     56064495      2275.56
        4.22     0.999585     56064495      2409.41
        4.25     0.999609     56067168      2560.00
        4.25     0.999634     56067168      2730.67
        4.29     0.999658     56069511      2925.71
        4.29     0.999683     56069511      3150.77
        4.32     0.999707     56071549      3413.33
        4.35     0.999731     56073165      3723.64
        4.35     0.999756     56073165      4096.00
        4.38     0.999768     56074628      4311.58
        4.38     0.999780     56074628      4551.11
        4.42     0.999792     56075873      4818.82
        4.42     0.999805     56075873      5120.00
        4.45     0.999817     56077104      5461.33
        4.48     0.999829     56078156      5851.43
        4.48     0.999841     56078156      6301.54
        4.51     0.999854     56079135      6826.67
        4.54     0.999866     56079986      7447.27
        4.54     0.999878     56079986      8192.00
        4.58     0.999884     56080706      8623.16
        4.58     0.999890     56080706      9102.22
        4.61     0.999896     56081363      9637.65
        4.61     0.999902     56081363     10240.00
        4.64     0.999908     56081920     10922.67
        4.67     0.999915     56082421     11702.86
        4.67     0.999921     56082421     12603.08
        4.70     0.999927     56082873     13653.33
        4.74     0.999933     56083285     14894.55
        4.77     0.999939     56083687     16384.00
        4.77     0.999942     56083687     17246.32
        4.80     0.999945     56084047     18204.44
        4.80     0.999948     56084047     19275.29
        4.80     0.999951     56084047     20480.00
        4.83     0.999954     56084451     21845.33
        4.83     0.999957     56084451     23405.71
        4.86     0.999960     56084762     25206.15
        4.86     0.999963     56084762     27306.67
        4.89     0.999966     56084978     29789.09
        4.93     0.999969     56085170     32768.00
        4.93     0.999971     56085170     34492.63
        4.96     0.999973     56085362     36408.89
        4.96     0.999974     56085362     38550.59
        4.99     0.999976     56085558     40960.00
        4.99     0.999977     56085558     43690.67
        5.02     0.999979     56085678     46811.43
        5.02     0.999980     56085678     50412.31
        5.05     0.999982     56085817     54613.33
        5.09     0.999983     56085915     59578.18
        5.12     0.999985     56085998     65536.00
        5.12     0.999986     56085998     68985.26
        5.15     0.999986     56086084     72817.78
        5.15     0.999987     56086084     77101.18
        5.18     0.999988     56086167     81920.00
        5.18     0.999989     56086167     87381.33
        5.21     0.999989     56086236     93622.86
        5.21     0.999990     56086236    100824.62
        5.25     0.999991     56086294    109226.67
        5.28     0.999992     56086352    119156.36
        5.31     0.999992     56086419    131072.00
        5.31     0.999993     56086419    137970.53
        5.31     0.999993     56086419    145635.56
        5.34     0.999994     56086481    154202.35
        5.34     0.999994     56086481    163840.00
        5.34     0.999994     56086481    174762.67
        5.38     0.999995     56086517    187245.71
        5.38     0.999995     56086517    201649.23
        5.41     0.999995     56086568    218453.33
        5.41     0.999996     56086568    238312.73
        5.44     0.999996     56086590    262144.00
        5.44     0.999996     56086590    275941.05
        5.47     0.999997     56086612    291271.11
        5.47     0.999997     56086612    308404.71
        5.50     0.999997     56086643    327680.00
        5.50     0.999997     56086643    349525.33
        5.50     0.999997     56086643    374491.43
        5.54     0.999998     56086678    403298.46
        5.54     0.999998     56086678    436906.67
        5.54     0.999998     56086678    476625.45
        5.54     0.999998     56086678    524288.00
        5.57     0.999998     56086696    551882.11
        5.57     0.999998     56086696    582542.22
        5.57     0.999998     56086696    616809.41
        5.60     0.999998     56086711    655360.00
        5.60     0.999999     56086711    699050.67
        5.60     0.999999     56086711    748982.86
        5.66     0.999999     56086730    806596.92
        5.66     0.999999     56086730    873813.33
        5.66     0.999999     56086730    953250.91
        5.70     0.999999     56086740   1048576.00
        5.70     0.999999     56086740   1103764.21
        5.70     0.999999     56086740   1165084.44
        5.70     0.999999     56086740   1233618.82
        5.73     0.999999     56086748   1310720.00
        5.73     0.999999     56086748   1398101.33
        5.73     0.999999     56086748   1497965.71
        5.76     0.999999     56086759   1613193.85
        5.76     0.999999     56086759   1747626.67
        5.76     0.999999     56086759   1906501.82
        5.76     1.000000     56086759   2097152.00
        5.76     1.000000     56086759   2207528.42
        5.79     1.000000     56086765   2330168.89
        5.79     1.000000     56086765   2467237.65
        5.79     1.000000     56086765   2621440.00
        5.79     1.000000     56086765   2796202.67
        5.82     1.000000     56086769   2995931.43
        5.82     1.000000     56086769   3226387.69
        5.82     1.000000     56086769   3495253.33
        5.86     1.000000     56086770   3813003.64
        5.89     1.000000     56086772   4194304.00
        5.89     1.000000     56086772   4415056.84
        5.89     1.000000     56086772   4660337.78
        5.92     1.000000     56086773   4934475.29
        5.98     1.000000     56086777   5242880.00
        5.98     1.000000     56086777   5592405.33
        5.98     1.000000     56086777   5991862.86
        5.98     1.000000     56086777   6452775.39
        5.98     1.000000     56086777   6990506.67
        5.98     1.000000     56086777   7626007.28
        6.01     1.000000     56086778   8388608.00
        6.01     1.000000     56086778   8830113.68
        6.01     1.000000     56086778   9320675.55
        6.14     1.000000     56086779   9868950.59
        6.14     1.000000     56086779  10485760.00
        6.14     1.000000     56086779  11184810.67
        6.24     1.000000     56086783  11983725.71
        6.24     1.000000     56086783  12905550.76
        6.24     1.000000     56086783  13981013.34
        6.24     1.000000     56086783  15252014.55
        6.24     1.000000     56086783  16777216.00
        6.24     1.000000     56086783  17660227.38
        6.24     1.000000     56086783  18641351.10
        6.24     1.000000     56086783  19737901.19
        6.24     1.000000     56086783  20971519.98
        6.24     1.000000     56086783  22369621.33
        6.24     1.000000     56086783  23967451.45
        6.24     1.000000     56086783  25811101.52
        6.24     1.000000     56086783  27962026.68
        6.24     1.000000     56086783  30504029.05
        6.24     1.000000     56086783  33554432.00
        6.24     1.000000     56086783  35320454.76
        6.24     1.000000     56086783  37282702.28
        6.24     1.000000     56086783  39475802.28
        6.24     1.000000     56086783  41943039.96
        6.24     1.000000     56086783  44739242.67
        6.24     1.000000     56086783  47934902.91
        6.24     1.000000     56086783  51622203.20
        6.24     1.000000     56086783  55924053.19
        6.50     1.000000     56086784  61008058.10
        6.50     1.000000     56086784          inf
#[Mean    =        2.566, StdDeviation   =        0.688]
#[Max     =        6.495, Total count    =     56086784]
#[Buckets =           20, SubBuckets     =          256]
