       Value   Percentile   TotalCount 1/(1-Percentile)

        0.02     0.000000        10299         1.00
        0.38     0.050000       849297         1.05
        0.61     0.100000      1726495         1.11
        0.69     0.150000      2729848         1.18
        0.70     0.200000      3878554         1.25
        0.71     0.250000      4759870         1.33
        0.72     0.300000      5868167         1.43
        0.73     0.350000      7220187         1.54
        0.73     0.400000      7220187         1.67
        0.73     0.450000      8769552         1.82
        0.73     0.500000      8769552         2.00
        0.74     0.525000     10373230         2.11
        0.74     0.550000     10373230         2.22
        0.74     0.575000     10373230         2.35
        0.74     0.600000     10373230         2.50
        0.75     0.625000     11835532         2.67
        0.75     0.650000     11835532         2.86
        0.75     0.675000     11835532         3.08
        0.75     0.700000     11835532         3.33
        0.76     0.725000     12990536         3.64
        0.76     0.750000     12990536         4.00
        0.76     0.762500     12990536         4.21
        0.77     0.775000     13762020         4.44
        0.77     0.787500     13762020         4.71
        0.77     0.800000     13762020         5.00
        0.77     0.812500     13762020         5.33
        0.78     0.825000     14214415         5.71
        0.78     0.837500     14214415         6.15
        0.78     0.850000     14470337         6.67
        0.79     0.862500     14630932         7.27
        0.81     0.875000     14871740         8.00
        0.81     0.881250     14993674         8.42
        0.82     0.887500     15124990         8.89
        0.82     0.893750     15124990         9.41
        0.83     0.900000     15264731        10.00
        0.84     0.906250     15404699        10.67
        0.85     0.912500     15547465        11.43
        0.85     0.918750     15547465        12.31
        0.85     0.925000     15682693        13.33
        0.86     0.931250     15808467        14.55
        0.87     0.937500     15917581        16.00
        0.87     0.940625     15917581        16.84
        0.88     0.943750     16004655        17.78
        0.89     0.946875     16073502        18.82
        0.89     0.950000     16073502        20.00
        0.90     0.953125     16125117        21.33
        0.91     0.956250     16199660        22.86
        0.92     0.959375     16226240        24.62
        0.94     0.962500     16289439        26.67
        0.97     0.965625     16341322        29.09
        0.99     0.968750     16387566        32.00
        1.01     0.970313     16415501        33.68
        1.02     0.971875     16439006        35.56
        1.05     0.973437     16465979        37.65
        1.08     0.975000     16486411        40.00
        1.16     0.976562     16511582        42.67
        1.26     0.978125     16539408        45.71
        1.35     0.979688     16566887        49.23
        1.39     0.981250     16597042        53.33
        1.42     0.982812     16626845        58.18
        1.43     0.984375     16652005        64.00
        1.44     0.985156     16666290        67.37
        1.45     0.985938     16681911        71.11
        1.46     0.986719     16698577        75.29
        1.46     0.987500     16698577        80.00
        1.46     0.988281     16716356        85.33
        1.47     0.989062     16735022        91.43
        1.48     0.989844     16754217        98.46
        1.48     0.990625     16754217       106.67
        1.49     0.991406     16773452       116.36
        1.50     0.992188     16791790       128.00
        1.50     0.992578     16791790       134.74
        1.50     0.992969     16791790       142.22
        1.50     0.993359     16808493       150.59
        1.50     0.993750     16808493       160.00
        1.51     0.994141     16822765       170.67
        1.51     0.994531     16822765       182.86
        1.51     0.994922     16822765       196.92
        1.52     0.995313     16834620       213.33
        1.53     0.995703     16844028       232.73
        1.53     0.996094     16844028       256.00
        1.53     0.996289     16851422       269.47
        1.53     0.996484     16851422       284.44
        1.54     0.996680     16856938       301.18
        1.54     0.996875     16856938       320.00
        1.55     0.997070     16861121       341.33
        1.56     0.997266     16864268       365.71
        1.57     0.997461     16866669       393.85
        1.57     0.997656     16868604       426.67
        1.59     0.997852     16872006       465.45
        1.61     0.998047     16875077       512.00
        1.61     0.998145     16876640       538.95
        1.62     0.998242     16878212       568.89
        1.64     0.998340     16881242       602.35
        1.65     0.998437     16882832       640.00
        1.66     0.998535     16884448       682.67
        1.66     0.998633     16886053       731.43
        1.67     0.998730     16887667       787.69
        1.68     0.998828     16889329       853.33
        1.69     0.998926     16890904       930.91
        1.70     0.999023     16892482      1024.00
        1.70     0.999072     16892482      1077.89
        1.70     0.999121     16894011      1137.78
        1.70     0.999170     16894011      1204.71
        1.71     0.999219     16895528      1280.00
        1.71     0.999268     16895528      1365.33
        1.72     0.999316     16896928      1462.86
        1.73     0.999365     16898140      1575.38
        1.73     0.999414     16898140      1706.67
        1.74     0.999463     16899252      1861.82
        1.74     0.999512     16900227      2048.00
        1.74     0.999536     16900227      2155.79
        1.75     0.999561     16901081      2275.56
        1.75     0.999585     16901081      2409.41
        1.76     0.999609     16901844      2560.00
        1.76     0.999634     16901844      2730.67
        1.77     0.999658     16902481      2925.71
        1.77     0.999683     16902481      3150.77
        1.77     0.999707     16903004      3413.33
        1.78     0.999731     16903462      3723.64
        1.79     0.999756     16903852      4096.00
        1.80     0.999768     16904202      4311.58
        1.80     0.999780     16904202      4551.11
        1.81     0.999792     16904521      4818.82
        1.81     0.999805     16904795      5120.00
        1.81     0.999817     16904795      5461.33
        1.82     0.999829     16905056      5851.43
        1.83     0.999841     16905298      6301.54
        1.84     0.999854     16905495      6826.67
        1.85     0.999866     16905688      7447.27
        1.85     0.999878     16905841      8192.00
        1.86     0.999884     16905982      8623.16
        1.87     0.999890     16906142      9102.22
        1.87     0.999896     16906142      9637.65
        1.88     0.999902     16906285     10240.00
        1.89     0.999908     16906413     10922.67
        1.89     0.999915     16906413     11702.86
        1.90     0.999921     16906527     12603.08
        1.90     0.999927     16906631     13653.33
        1.91     0.999933     16906732     14894.55
        1.92     0.999939     16906818     16384.00
        1.93     0.999942     16906895     17246.32
        1.94     0.999945     16906946     18204.44
        1.94     0.999948     16907002     19275.29
        1.95     0.999951     16907036     20480.00
        1.97     0.999954     16907106     21845.33
        1.98     0.999957     16907144     23405.71
        1.99     0.999960     16907177     25206.15
        2.02     0.999963     16907230     27306.67
        2.06     0.999966     16907292     29789.09
        2.11     0.999969     16907328     32768.00
        2.14     0.999971     16907356     34492.63
        2.19     0.999973     16907389     36408.89
        2.22     0.999974     16907416     38550.59
        2.24     0.999976     16907431     40960.00
        2.29     0.999977     16907464     43690.67
        2.32     0.999979     16907485     46811.43
        2.37     0.999980     16907510     50412.31
        2.43     0.999982     16907534     54613.33
        2.62     0.999983     16907560     59578.18
        2.73     0.999985     16907603     65536.00
        2.73     0.999986     16907603     68985.26
        2.75     0.999986     16907618     72817.78
        3.09     0.999987     16907633     77101.18
        3.10     0.999988     16907650     81920.00
        3.10     0.999989     16907650     87381.33
        3.13     0.999989     16907668     93622.86
        4.45     0.999990     16907709    100824.62
        4.45     0.999991     16907709    109226.67
        4.45     0.999992     16907709    119156.36
        4.48     0.999992     16907727    131072.00
        4.48     0.999993     16907727    137970.53
        4.48     0.999993     16907727    145635.56
        4.80     0.999994     16907770    154202.35
        4.80     0.999994     16907770    163840.00
        4.80     0.999994     16907770    174762.67
        4.80     0.999995     16907770    187245.71
        4.80     0.999995     16907770    201649.23
        4.80     0.999995     16907770    218453.33
        5.57     0.999996     16907775    238312.73
       80.89     0.999996     16907792    262144.00
       80.89     0.999996     16907792    275941.05
       80.89     0.999997     16907792    291271.11
       80.89     0.999997     16907792    308404.71
       80.89     0.999997     16907792    327680.00
       81.41     0.999997     16907799    349525.33
       81.41     0.999997     16907799    374491.43
      161.79     0.999998     16907804    403298.46
      162.81     0.999998     16907813    436906.67
      162.81     0.999998     16907813    476625.45
      162.81     0.999998     16907813    524288.00
      162.81     0.999998     16907813    551882.11
      169.98     0.999998     16907840    582542.22
      169.98     0.999998     16907840    616809.41
      169.98     0.999998     16907840    655360.00
      169.98     0.999999     16907840    699050.67
      169.98     0.999999     16907840    748982.86
      169.98     0.999999     16907840    806596.92
      169.98     0.999999     16907840    873813.33
      169.98     0.999999     16907840    953250.91
      169.98     0.999999     16907840   1048576.00
      169.98     0.999999     16907840   1103764.21
      169.98     0.999999     16907840   1165084.44
      169.98     0.999999     16907840   1233618.82
      169.98     0.999999     16907840   1310720.00
      169.98     0.999999     16907840   1398101.33
      169.98     0.999999     16907840   1497965.71
      169.98     0.999999     16907840   1613193.85
      169.98     0.999999     16907840   1747626.67
      169.98     0.999999     16907840   1906501.82
      169.98     1.000000     16907840   2097152.00
      169.98     1.000000     16907840   2207528.42
      169.98     1.000000     16907840   2330168.89
      169.98     1.000000     16907840   2467237.65
      169.98     1.000000     16907840   2621440.00
      169.98     1.000000     16907840   2796202.67
      169.98     1.000000     16907840   2995931.43
      169.98     1.000000     16907840   3226387.69
      169.98     1.000000     16907840   3495253.33
      169.98     1.000000     16907840   3813003.64
      169.98     1.000000     16907840   4194304.00
      169.98     1.000000     16907840   4415056.84
      169.98     1.000000     16907840   4660337.78
      169.98     1.000000     16907840   4934475.29
      169.98     1.000000     16907840   5242880.00
      169.98     1.000000     16907840   5592405.33
      171.01     1.000000     16907842   5991862.86
      171.01     1.000000     16907842   6452775.39
      171.01     1.000000     16907842   6990506.67
      171.01     1.000000     16907842   7626007.28
      171.01     1.000000     16907842   8388608.00
      171.01     1.000000     16907842   8830113.68
      171.01     1.000000     16907842   9320675.55
      171.01     1.000000     16907842   9868950.59
      171.01     1.000000     16907842  10485760.00
      171.01     1.000000     16907842  11184810.67
      171.01     1.000000     16907842  11983725.71
      171.01     1.000000     16907842  12905550.76
      171.01     1.000000     16907842  13981013.34
      171.01     1.000000     16907842  15252014.55
      171.01     1.000000     16907842  16777216.00
      172.03     1.000000     16907843  17660227.38
      172.03     1.000000     16907843          inf
#[Mean    =        0.725, StdDeviation   =        0.335]
#[Max     =      172.031, Total count    =     16907843]
#[Buckets =           20, SubBuckets     =          256]
