       Value   Percentile   TotalCount 1/(1-Percentile)

        0.20     0.000000            3         1.00
        0.69     0.050000       196736         1.05
        0.70     0.100000       506608         1.11
        0.70     0.150000       506608         1.18
        0.70     0.200000       506608         1.25
        0.71     0.250000       940483         1.33
        0.71     0.300000       940483         1.43
        0.71     0.350000       940483         1.54
        0.71     0.400000       940483         1.67
        0.72     0.450000      1357766         1.82
        0.72     0.500000      1357766         2.00
        0.72     0.525000      1357766         2.11
        0.72     0.550000      1357766         2.22
        0.72     0.575000      1357766         2.35
        0.72     0.600000      1357766         2.50
        0.73     0.625000      1698631         2.67
        0.73     0.650000      1698631         2.86
        0.73     0.675000      1698631         3.08
        0.73     0.700000      1698631         3.33
        0.73     0.725000      1698631         3.64
        0.73     0.750000      1698631         4.00
        0.73     0.762500      1940469         4.21
        0.73     0.775000      1940469         4.44
        0.73     0.787500      1940469         4.71
        0.73     0.800000      1940469         5.00
        0.73     0.812500      1940469         5.33
        0.73     0.825000      1940469         5.71
        0.73     0.837500      1940469         6.15
        0.73     0.850000      1940469         6.67
        0.73     0.862500      1940469         7.27
        0.74     0.875000      2064295         8.00
        0.74     0.881250      2064295         8.42
        0.74     0.887500      2064295         8.89
        0.74     0.893750      2064295         9.41
        0.74     0.900000      2064295        10.00
        0.74     0.906250      2064295        10.67
        0.74     0.912500      2064295        11.43
        0.74     0.918750      2064295        12.31
        0.75     0.925000      2109955        13.33
        0.75     0.931250      2109955        14.55
        0.75     0.937500      2109955        16.00
        0.75     0.940625      2109955        16.84
        0.75     0.943750      2109955        17.78
        0.76     0.946875      2128675        18.82
        0.76     0.950000      2128675        20.00
        0.76     0.953125      2128675        21.33
        0.77     0.956250      2138608        22.86
        0.78     0.959375      2145664        24.62
        0.78     0.962500      2150386        26.67
        0.80     0.965625      2155697        29.09
        0.83     0.968750      2162853        32.00
        0.84     0.970313      2166026        33.68
        0.85     0.971875      2171287        35.56
        0.87     0.973437      2173152        37.65
        0.98     0.975000      2176954        40.00
        1.14     0.976562      2179865        42.67
        1.38     0.978125      2183638        45.71
        1.40     0.979688      2189223        49.23
        1.41     0.981250      2193569        53.33
        1.42     0.982812      2198561        58.18
        1.42     0.984375      2198561        64.00
        1.42     0.985156      2203793        67.37
        1.42     0.985938      2203793        71.11
        1.42     0.986719      2203793        75.29
        1.43     0.987500      2208972        80.00
        1.43     0.988281      2208972        85.33
        1.43     0.989062      2208972        91.43
        1.44     0.989844      2213490        98.46
        1.44     0.990625      2213490       106.67
        1.44     0.991406      2213490       116.36
        1.45     0.992188      2217722       128.00
        1.45     0.992578      2217722       134.74
        1.45     0.992969      2217722       142.22
        1.45     0.993359      2217722       150.59
        1.46     0.993750      2221324       160.00
        1.46     0.994141      2221324       170.67
        1.46     0.994531      2221324       182.86
        1.46     0.994922      2221324       196.92
        1.46     0.995313      2224410       213.33
        1.46     0.995703      2224410       232.73
        1.46     0.996094      2224410       256.00
        1.46     0.996289      2224410       269.47
        1.46     0.996484      2224410       284.44
        1.47     0.996680      2226903       301.18
        1.47     0.996875      2226903       320.00
        1.47     0.997070      2226903       341.33
        1.47     0.997266      2226903       365.71
        1.47     0.997461      2226903       393.85
        1.48     0.997656      2228671       426.67
        1.48     0.997852      2228671       465.45
        1.48     0.998047      2228671       512.00
        1.48     0.998145      2228671       538.95
        1.48     0.998242      2228671       568.89
        1.48     0.998340      2228671       602.35
        1.49     0.998437      2229744       640.00
        1.49     0.998535      2229744       682.67
        1.49     0.998633      2229744       731.43
        1.49     0.998730      2229744       787.69
        1.49     0.998828      2229744       853.33
        1.50     0.998926      2230400       930.91
        1.50     0.999023      2230400      1024.00
        1.50     0.999072      2230400      1077.89
        1.50     0.999121      2230400      1137.78
        1.50     0.999170      2230400      1204.71
        1.50     0.999219      2230724      1280.00
        1.50     0.999268      2230724      1365.33
        1.50     0.999316      2230724      1462.86
        1.51     0.999365      2230945      1575.38
        1.51     0.999414      2230945      1706.67
        1.52     0.999463      2231117      1861.82
        1.52     0.999512      2231117      2048.00
        1.53     0.999536      2231261      2155.79
        1.53     0.999561      2231261      2275.56
        1.53     0.999585      2231261      2409.41
        1.53     0.999609      2231395      2560.00
        1.53     0.999634      2231395      2730.67
        1.54     0.999658      2231532      2925.71
        1.54     0.999683      2231532      3150.77
        1.54     0.999707      2231532      3413.33
        1.55     0.999731      2231635      3723.64
        1.55     0.999756      2231635      4096.00
        1.56     0.999768      2231736      4311.58
        1.56     0.999780      2231736      4551.11
        1.56     0.999792      2231736      4818.82
        1.57     0.999805      2231826      5120.00
        1.57     0.999817      2231826      5461.33
        1.57     0.999829      2231826      5851.43
        1.57     0.999841      2231826      6301.54
        1.57     0.999854      2231889      6826.67
        1.57     0.999866      2231889      7447.27
        1.58     0.999878      2231958      8192.00
        1.58     0.999884      2231958      8623.16
        1.58     0.999890      2231958      9102.22
        1.58     0.999896      2231958      9637.65
        1.59     0.999902      2232011     10240.00
        1.59     0.999908      2232011     10922.67
        1.59     0.999915      2232011     11702.86
        1.59     0.999921      2232011     12603.08
        1.60     0.999927      2232046     13653.33
        1.60     0.999933      2232046     14894.55
        1.60     0.999939      2232046     16384.00
        1.61     0.999942      2232077     17246.32
        1.61     0.999945      2232077     18204.44
        1.61     0.999948      2232077     19275.29
        1.61     0.999951      2232077     20480.00
        1.61     0.999954      2232077     21845.33
        1.61     0.999957      2232095     23405.71
        1.61     0.999960      2232095     25206.15
        1.62     0.999963      2232107     27306.67
        1.62     0.999966      2232107     29789.09
        1.63     0.999969      2232114     32768.00
        1.63     0.999971      2232114     34492.63
        1.64     0.999973      2232118     36408.89
        1.65     0.999974      2232122     38550.59
        1.66     0.999976      2232126     40960.00
        1.66     0.999977      2232128     43690.67
        1.69     0.999979      2232131     46811.43
        1.72     0.999980      2232137     50412.31
        1.73     0.999982      2232140     54613.33
        1.75     0.999983      2232141     59578.18
        1.79     0.999985      2232144     65536.00
        1.81     0.999986      2232146     68985.26
        1.87     0.999986      2232148     72817.78
        1.91     0.999987      2232151     77101.18
        1.91     0.999988      2232151     81920.00
        2.02     0.999989      2232153     87381.33
        2.06     0.999989      2232157     93622.86
        2.06     0.999990      2232157    100824.62
        2.08     0.999991      2232159    109226.67
        2.10     0.999992      2232160    119156.36
        2.11     0.999992      2232162    131072.00
        2.11     0.999993      2232162    137970.53
        2.13     0.999993      2232165    145635.56
        2.13     0.999994      2232165    154202.35
        2.13     0.999994      2232165    163840.00
        2.14     0.999994      2232166    174762.67
        2.16     0.999995      2232167    187245.71
        2.16     0.999995      2232167    201649.23
        2.17     0.999995      2232169    218453.33
        2.17     0.999996      2232169    238312.73
        2.19     0.999996      2232172    262144.00
        2.19     0.999996      2232172    275941.05
        2.19     0.999997      2232172    291271.11
        2.19     0.999997      2232172    308404.71
        2.19     0.999997      2232172    327680.00
        2.19     0.999997      2232172    349525.33
        2.21     0.999997      2232173    374491.43
        2.21     0.999998      2232173    403298.46
        2.21     0.999998      2232173    436906.67
        2.22     0.999998      2232174    476625.45
        2.22     0.999998      2232174    524288.00
        2.22     0.999998      2232174    551882.11
        2.24     0.999998      2232176    582542.22
        2.24     0.999998      2232176    616809.41
        2.24     0.999998      2232176    655360.00
        2.24     0.999999      2232176    699050.67
        2.24     0.999999      2232176    748982.86
        2.24     0.999999      2232176    806596.92
        2.24     0.999999      2232176    873813.33
        2.24     0.999999      2232176    953250.91
        2.24     0.999999      2232176   1048576.00
        2.24     0.999999      2232176   1103764.21
        2.69     0.999999      2232177   1165084.44
        2.69     0.999999      2232177   1233618.82
        2.69     0.999999      2232177   1310720.00
        2.69     0.999999      2232177   1398101.33
        2.69     0.999999      2232177   1497965.71
        2.69     0.999999      2232177   1613193.85
        2.69     0.999999      2232177   1747626.67
        2.69     0.999999      2232177   1906501.82
        2.69     1.000000      2232177   2097152.00
        2.69     1.000000      2232177   2207528.42
        3.42     1.000000      2232178   2330168.89
        3.42     1.000000      2232178          inf
#[Mean    =        0.734, StdDeviation   =        0.111]
#[Max     =        3.423, Total count    =      2232178]
#[Buckets =           20, SubBuckets     =          256]
