       Value   Percentile   TotalCount 1/(1-Percentile)

        0.10     0.000000            1         1.00
        0.69     0.050000      2034917         1.05
        0.70     0.100000      5177723         1.11
        0.70     0.150000      5177723         1.18
        0.70     0.200000      5177723         1.25
        0.71     0.250000      9519917         1.33
        0.71     0.300000      9519917         1.43
        0.71     0.350000      9519917         1.54
        0.71     0.400000      9519917         1.67
        0.72     0.450000     13677567         1.82
        0.72     0.500000     13677567         2.00
        0.72     0.525000     13677567         2.11
        0.72     0.550000     13677567         2.22
        0.72     0.575000     13677567         2.35
        0.72     0.600000     13677567         2.50
        0.73     0.625000     17079741         2.67
        0.73     0.650000     17079741         2.86
        0.73     0.675000     17079741         3.08
        0.73     0.700000     17079741         3.33
        0.73     0.725000     17079741         3.64
        0.73     0.750000     17079741         4.00
        0.73     0.762500     17079741         4.21
        0.73     0.775000     19491613         4.44
        0.73     0.787500     19491613         4.71
        0.73     0.800000     19491613         5.00
        0.73     0.812500     19491613         5.33
        0.73     0.825000     19491613         5.71
        0.73     0.837500     19491613         6.15
        0.73     0.850000     19491613         6.67
        0.73     0.862500     19491613         7.27
        0.74     0.875000     20717337         8.00
        0.74     0.881250     20717337         8.42
        0.74     0.887500     20717337         8.89
        0.74     0.893750     20717337         9.41
        0.74     0.900000     20717337        10.00
        0.74     0.906250     20717337        10.67
        0.74     0.912500     20717337        11.43
        0.74     0.918750     20717337        12.31
        0.74     0.925000     20717337        13.33
        0.75     0.931250     21168532        14.55
        0.75     0.937500     21168532        16.00
        0.75     0.940625     21168532        16.84
        0.75     0.943750     21168532        17.78
        0.75     0.946875     21168532        18.82
        0.76     0.950000     21345800        20.00
        0.76     0.953125     21345800        21.33
        0.76     0.956250     21345800        22.86
        0.77     0.959375     21438334        24.62
        0.78     0.962500     21503199        26.67
        0.79     0.965625     21579142        29.09
        0.82     0.968750     21641679        32.00
        0.83     0.970313     21672405        33.68
        0.84     0.971875     21704076        35.56
        0.85     0.973437     21732872        37.65
        0.86     0.975000     21768765        40.00
        0.97     0.976562     21799450        42.67
        1.35     0.978125     21833116        45.71
        1.39     0.979688     21883443        49.23
        1.40     0.981250     21915032        53.33
        1.41     0.982812     21956376        58.18
        1.42     0.984375     22004220        64.00
        1.42     0.985156     22004220        67.37
        1.42     0.985938     22053999        71.11
        1.42     0.986719     22053999        75.29
        1.42     0.987500     22053999        80.00
        1.43     0.988281     22102053        85.33
        1.43     0.989062     22102053        91.43
        1.43     0.989844     22102053        98.46
        1.44     0.990625     22146322       106.67
        1.44     0.991406     22146322       116.36
        1.45     0.992188     22185441       128.00
        1.45     0.992578     22185441       134.74
        1.45     0.992969     22185441       142.22
        1.45     0.993359     22185441       150.59
        1.45     0.993750     22185441       160.00
        1.46     0.994141     22219513       170.67
        1.46     0.994531     22219513       182.86
        1.46     0.994922     22219513       196.92
        1.46     0.995313     22219513       213.33
        1.46     0.995703     22248642       232.73
        1.46     0.996094     22248642       256.00
        1.46     0.996289     22248642       269.47
        1.46     0.996484     22248642       284.44
        1.46     0.996680     22248642       301.18
        1.47     0.996875     22271705       320.00
        1.47     0.997070     22271705       341.33
        1.47     0.997266     22271705       365.71
        1.47     0.997461     22271705       393.85
        1.47     0.997656     22271705       426.67
        1.48     0.997852     22288264       465.45
        1.48     0.998047     22288264       512.00
        1.48     0.998145     22288264       538.95
        1.48     0.998242     22288264       568.89
        1.48     0.998340     22288264       602.35
        1.48     0.998437     22288264       640.00
        1.49     0.998535     22298686       682.67
        1.49     0.998633     22298686       731.43
        1.49     0.998730     22298686       787.69
        1.49     0.998828     22298686       853.33
        1.49     0.998926     22298686       930.91
        1.50     0.999023     22304669      1024.00
        1.50     0.999072     22304669      1077.89
        1.50     0.999121     22304669      1137.78
        1.50     0.999170     22304669      1204.71
        1.50     0.999219     22304669      1280.00
        1.50     0.999268     22308143      1365.33
        1.50     0.999316     22308143      1462.86
        1.50     0.999365     22308143      1575.38
        1.51     0.999414     22310297      1706.67
        1.51     0.999463     22310297      1861.82
        1.52     0.999512     22311882      2048.00
        1.52     0.999536     22311882      2155.79
        1.52     0.999561     22311882      2275.56
        1.53     0.999585     22313223      2409.41
        1.53     0.999609     22313223      2560.00
        1.53     0.999634     22313223      2730.67
        1.53     0.999658     22314522      2925.71
        1.53     0.999683     22314522      3150.77
        1.54     0.999707     22315633      3413.33
        1.54     0.999731     22315633      3723.64
        1.55     0.999756     22316643      4096.00
        1.55     0.999768     22316643      4311.58
        1.55     0.999780     22316643      4551.11
        1.56     0.999792     22317490      4818.82
        1.56     0.999805     22317490      5120.00
        1.56     0.999817     22317490      5461.33
        1.57     0.999829     22318191      5851.43
        1.57     0.999841     22318191      6301.54
        1.57     0.999854     22318191      6826.67
        1.57     0.999866     22318824      7447.27
        1.57     0.999878     22318824      8192.00
        1.57     0.999884     22318824      8623.16
        1.58     0.999890     22319339      9102.22
        1.58     0.999896     22319339      9637.65
        1.58     0.999902     22319339     10240.00
        1.58     0.999908     22319339     10922.67
        1.59     0.999915     22319800     11702.86
        1.59     0.999921     22319800     12603.08
        1.59     0.999927     22319800     13653.33
        1.60     0.999933     22320116     14894.55
        1.60     0.999939     22320116     16384.00
        1.60     0.999942     22320116     17246.32
        1.60     0.999945     22320116     18204.44
        1.61     0.999948     22320343     19275.29
        1.61     0.999951     22320343     20480.00
        1.61     0.999954     22320343     21845.33
        1.61     0.999957     22320507     23405.71
        1.61     0.999960     22320507     25206.15
        1.62     0.999963     22320607     27306.67
        1.62     0.999966     22320607     29789.09
        1.63     0.999969     22320682     32768.00
        1.63     0.999971     22320682     34492.63
        1.64     0.999973     22320728     36408.89
        1.65     0.999974     22320754     38550.59
        1.66     0.999976     22320792     40960.00
        1.68     0.999977     22320828     43690.67
        1.70     0.999979     22320859     46811.43
        1.72     0.999980     22320898     50412.31
        1.74     0.999982     22320929     54613.33
        1.76     0.999983     22320960     59578.18
        1.79     0.999985     22320990     65536.00
        1.82     0.999986     22321006     68985.26
        1.86     0.999986     22321027     72817.78
        1.90     0.999987     22321041     77101.18
        1.93     0.999988     22321059     81920.00
        1.96     0.999989     22321076     87381.33
        2.00     0.999989     22321095     93622.86
        2.02     0.999990     22321108    100824.62
        2.05     0.999991     22321125    109226.67
        2.08     0.999992     22321149    119156.36
        2.10     0.999992     22321165    131072.00
        2.11     0.999993     22321179    137970.53
        2.11     0.999993     22321179    145635.56
        2.13     0.999994     22321200    154202.35
        2.13     0.999994     22321200    163840.00
        2.14     0.999994     22321224    174762.67
        2.14     0.999995     22321224    187245.71
        2.14     0.999995     22321224    201649.23
        2.16     0.999995     22321243    218453.33
        2.16     0.999996     22321243    238312.73
        2.17     0.999996     22321259    262144.00
        2.17     0.999996     22321259    275941.05
        2.17     0.999997     22321259    291271.11
        2.17     0.999997     22321259    308404.71
        2.19     0.999997     22321274    327680.00
        2.19     0.999997     22321274    349525.33
        2.19     0.999997     22321274    374491.43
        2.19     0.999998     22321274    403298.46
        2.21     0.999998     22321282    436906.67
        2.22     0.999998     22321290    476625.45
        2.22     0.999998     22321290    524288.00
        2.22     0.999998     22321290    551882.11
        2.24     0.999998     22321294    582542.22
        2.24     0.999998     22321294    616809.41
        2.25     0.999998     22321302    655360.00
        2.25     0.999999     22321302    699050.67
        2.25     0.999999     22321302    748982.86
        2.25     0.999999     22321302    806596.92
        2.27     0.999999     22321305    873813.33
        2.29     0.999999     22321306    953250.91
        2.32     0.999999     22321308   1048576.00
        2.33     0.999999     22321311   1103764.21
        2.33     0.999999     22321311   1165084.44
        2.33     0.999999     22321311   1233618.82
        2.35     0.999999     22321312   1310720.00
        2.38     0.999999     22321315   1398101.33
        2.38     0.999999     22321315   1497965.71
        2.42     0.999999     22321316   1613193.85
        2.43     0.999999     22321317   1747626.67
        2.48     0.999999     22321318   1906501.82
        2.50     1.000000     22321319   2097152.00
        2.50     1.000000     22321319   2207528.42
        2.51     1.000000     22321320   2330168.89
        2.51     1.000000     22321320   2467237.65
        2.53     1.000000     22321321   2621440.00
        2.54     1.000000     22321322   2796202.67
        2.54     1.000000     22321322   2995931.43
        2.61     1.000000     22321324   3226387.69
        2.61     1.000000     22321324   3495253.33
        2.61     1.000000     22321324   3813003.64
        2.61     1.000000     22321324   4194304.00
        2.61     1.000000     22321324   4415056.84
        2.64     1.000000     22321325   4660337.78
        2.64     1.000000     22321325   4934475.29
        2.64     1.000000     22321325   5242880.00
        2.70     1.000000     22321326   5592405.33
        2.70     1.000000     22321326   5991862.86
        2.70     1.000000     22321326   6452775.39
        2.70     1.000000     22321326   6990506.67
        2.77     1.000000     22321327   7626007.28
        2.77     1.000000     22321327   8388608.00
        2.77     1.000000     22321327   8830113.68
        2.77     1.000000     22321327   9320675.55
        2.77     1.000000     22321327   9868950.59
        2.77     1.000000     22321327  10485760.00
        2.80     1.000000     22321328  11184810.67
        2.80     1.000000     22321328  11983725.71
        2.80     1.000000     22321328  12905550.76
        2.80     1.000000     22321328  13981013.34
        2.80     1.000000     22321328  15252014.55
        2.80     1.000000     22321328  16777216.00
        2.80     1.000000     22321328  17660227.38
        2.80     1.000000     22321328  18641351.10
        2.80     1.000000     22321328  19737901.19
        2.80     1.000000     22321328  20971519.98
        3.12     1.000000     22321329  22369621.33
        3.12     1.000000     22321329          inf
#[Mean    =        0.733, StdDeviation   =        0.108]
#[Max     =        3.119, Total count    =     22321329]
#[Buckets =           20, SubBuckets     =          256]
