       Value   Percentile   TotalCount 1/(1-Percentile)

        0.10     0.000000            1         1.00
        0.69     0.050000      2231653         1.05
        0.70     0.100000      5684331         1.11
        0.70     0.150000      5684331         1.18
        0.70     0.200000      5684331         1.25
        0.71     0.250000     10460400         1.33
        0.71     0.300000     10460400         1.43
        0.71     0.350000     10460400         1.54
        0.71     0.400000     10460400         1.67
        0.72     0.450000     15035333         1.82
        0.72     0.500000     15035333         2.00
        0.72     0.525000     15035333         2.11
        0.72     0.550000     15035333         2.22
        0.72     0.575000     15035333         2.35
        0.72     0.600000     15035333         2.50
        0.73     0.625000     18778372         2.67
        0.73     0.650000     18778372         2.86
        0.73     0.675000     18778372         3.08
        0.73     0.700000     18778372         3.33
        0.73     0.725000     18778372         3.64
        0.73     0.750000     18778372         4.00
        0.73     0.762500     18778372         4.21
        0.73     0.775000     21432082         4.44
        0.73     0.787500     21432082         4.71
        0.73     0.800000     21432082         5.00
        0.73     0.812500     21432082         5.33
        0.73     0.825000     21432082         5.71
        0.73     0.837500     21432082         6.15
        0.73     0.850000     21432082         6.67
        0.73     0.862500     21432082         7.27
        0.74     0.875000     22781632         8.00
        0.74     0.881250     22781632         8.42
        0.74     0.887500     22781632         8.89
        0.74     0.893750     22781632         9.41
        0.74     0.900000     22781632        10.00
        0.74     0.906250     22781632        10.67
        0.74     0.912500     22781632        11.43
        0.74     0.918750     22781632        12.31
        0.74     0.925000     22781632        13.33
        0.75     0.931250     23278487        14.55
        0.75     0.937500     23278487        16.00
        0.75     0.940625     23278487        16.84
        0.75     0.943750     23278487        17.78
        0.75     0.946875     23278487        18.82
        0.76     0.950000     23474475        20.00
        0.76     0.953125     23474475        21.33
        0.77     0.956250     23576942        22.86
        0.77     0.959375     23576942        24.62
        0.78     0.962500     23648863        26.67
        0.79     0.965625     23732811        29.09
        0.82     0.968750     23801568        32.00
        0.83     0.970313     23835258        33.68
        0.84     0.971875     23870102        35.56
        0.85     0.973437     23901835        37.65
        0.86     0.975000     23941331        40.00
        0.97     0.976562     23979779        42.67
        1.36     0.978125     24016419        45.71
        1.39     0.979688     24069355        49.23
        1.40     0.981250     24104255        53.33
        1.41     0.982812     24149945        58.18
        1.42     0.984375     24202781        64.00
        1.42     0.985156     24202781        67.37
        1.42     0.985938     24257792        71.11
        1.42     0.986719     24257792        75.29
        1.42     0.987500     24257792        80.00
        1.43     0.988281     24311025        85.33
        1.43     0.989062     24311025        91.43
        1.43     0.989844     24311025        98.46
        1.44     0.990625     24359812       106.67
        1.44     0.991406     24359812       116.36
        1.45     0.992188     24403163       128.00
        1.45     0.992578     24403163       134.74
        1.45     0.992969     24403163       142.22
        1.45     0.993359     24403163       150.59
        1.45     0.993750     24403163       160.00
        1.46     0.994141     24440837       170.67
        1.46     0.994531     24440837       182.86
        1.46     0.994922     24440837       196.92
        1.46     0.995313     24440837       213.33
        1.46     0.995703     24473052       232.73
        1.46     0.996094     24473052       256.00
        1.46     0.996289     24473052       269.47
        1.46     0.996484     24473052       284.44
        1.46     0.996680     24473052       301.18
        1.47     0.996875     24498608       320.00
        1.47     0.997070     24498608       341.33
        1.47     0.997266     24498608       365.71
        1.47     0.997461     24498608       393.85
        1.47     0.997656     24498608       426.67
        1.48     0.997852     24516935       465.45
        1.48     0.998047     24516935       512.00
        1.48     0.998145     24516935       538.95
        1.48     0.998242     24516935       568.89
        1.48     0.998340     24516935       602.35
        1.48     0.998437     24516935       640.00
        1.49     0.998535     24528430       682.67
        1.49     0.998633     24528430       731.43
        1.49     0.998730     24528430       787.69
        1.49     0.998828     24528430       853.33
        1.49     0.998926     24528430       930.91
        1.50     0.999023     24535069      1024.00
        1.50     0.999072     24535069      1077.89
        1.50     0.999121     24535069      1137.78
        1.50     0.999170     24535069      1204.71
        1.50     0.999219     24535069      1280.00
        1.50     0.999268     24538867      1365.33
        1.50     0.999316     24538867      1462.86
        1.50     0.999365     24538867      1575.38
        1.51     0.999414     24541242      1706.67
        1.51     0.999463     24541242      1861.82
        1.52     0.999512     24542999      2048.00
        1.52     0.999536     24542999      2155.79
        1.52     0.999561     24542999      2275.56
        1.53     0.999585     24544484      2409.41
        1.53     0.999609     24544484      2560.00
        1.53     0.999634     24545917      2730.67
        1.53     0.999658     24545917      2925.71
        1.53     0.999683     24545917      3150.77
        1.54     0.999707     24547165      3413.33
        1.54     0.999731     24547165      3723.64
        1.55     0.999756     24548278      4096.00
        1.55     0.999768     24548278      4311.58
        1.55     0.999780     24548278      4551.11
        1.56     0.999792     24549226      4818.82
        1.56     0.999805     24549226      5120.00
        1.56     0.999817     24549226      5461.33
        1.57     0.999829     24550017      5851.43
        1.57     0.999841     24550017      6301.54
        1.57     0.999854     24550017      6826.67
        1.57     0.999866     24550713      7447.27
        1.57     0.999878     24550713      8192.00
        1.57     0.999884     24550713      8623.16
        1.58     0.999890     24551297      9102.22
        1.58     0.999896     24551297      9637.65
        1.58     0.999902     24551297     10240.00
        1.58     0.999908     24551297     10922.67
        1.59     0.999915     24551811     11702.86
        1.59     0.999921     24551811     12603.08
        1.59     0.999927     24551811     13653.33
        1.60     0.999933     24552162     14894.55
        1.60     0.999939     24552162     16384.00
        1.60     0.999942     24552162     17246.32
        1.60     0.999945     24552162     18204.44
        1.61     0.999948     24552420     19275.29
        1.61     0.999951     24552420     20480.00
        1.61     0.999954     24552420     21845.33
        1.61     0.999957     24552602     23405.71
        1.61     0.999960     24552602     25206.15
        1.62     0.999963     24552714     27306.67
        1.62     0.999966     24552714     29789.09
        1.63     0.999969     24552796     32768.00
        1.63     0.999971     24552796     34492.63
        1.64     0.999973     24552846     36408.89
        1.65     0.999974     24552876     38550.59
        1.66     0.999976     24552920     40960.00
        1.68     0.999977     24552958     43690.67
        1.70     0.999979     24552992     46811.43
        1.72     0.999980     24553035     50412.31
        1.74     0.999982     24553069     54613.33
        1.76     0.999983     24553101     59578.18
        1.79     0.999985     24553134     65536.00
        1.82     0.999986     24553152     68985.26
        1.86     0.999986     24553174     72817.78
        1.90     0.999987     24553190     77101.18
        1.93     0.999988     24553210     81920.00
        1.96     0.999989     24553228     87381.33
        2.00     0.999989     24553247     93622.86
        2.03     0.999990     24553271    100824.62
        2.06     0.999991     24553293    109226.67
        2.08     0.999992     24553308    119156.36
        2.10     0.999992     24553325    131072.00
        2.11     0.999993     24553341    137970.53
        2.11     0.999993     24553341    145635.56
        2.13     0.999994     24553365    154202.35
        2.13     0.999994     24553365    163840.00
        2.14     0.999994     24553390    174762.67
        2.14     0.999995     24553390    187245.71
        2.14     0.999995     24553390    201649.23
        2.16     0.999995     24553410    218453.33
        2.16     0.999996     24553410    238312.73
        2.17     0.999996     24553428    262144.00
        2.17     0.999996     24553428    275941.05
        2.17     0.999997     24553428    291271.11
        2.17     0.999997     24553428    308404.71
        2.19     0.999997     24553446    327680.00
        2.19     0.999997     24553446    349525.33
        2.19     0.999997     24553446    374491.43
        2.21     0.999998     24553455    403298.46
        2.21     0.999998     24553455    436906.67
        2.22     0.999998     24553464    476625.45
        2.22     0.999998     24553464    524288.00
        2.22     0.999998     24553464    551882.11
        2.24     0.999998     24553470    582542.22
        2.24     0.999998     24553470    616809.41
        2.24     0.999998     24553470    655360.00
        2.25     0.999999     24553478    699050.67
        2.25     0.999999     24553478    748982.86
        2.25     0.999999     24553478    806596.92
        2.27     0.999999     24553481    873813.33
        2.29     0.999999     24553482    953250.91
        2.32     0.999999     24553484   1048576.00
        2.33     0.999999     24553487   1103764.21
        2.33     0.999999     24553487   1165084.44
        2.35     0.999999     24553488   1233618.82
        2.38     0.999999     24553491   1310720.00
        2.38     0.999999     24553491   1398101.33
        2.38     0.999999     24553491   1497965.71
        2.42     0.999999     24553492   1613193.85
        2.43     0.999999     24553493   1747626.67
        2.50     0.999999     24553495   1906501.82
        2.51     1.000000     24553496   2097152.00
        2.51     1.000000     24553496   2207528.42
        2.53     1.000000     24553497   2330168.89
        2.54     1.000000     24553498   2467237.65
        2.54     1.000000     24553498   2621440.00
        2.61     1.000000     24553500   2796202.67
        2.61     1.000000     24553500   2995931.43
        2.61     1.000000     24553500   3226387.69
        2.61     1.000000     24553500   3495253.33
        2.64     1.000000     24553501   3813003.64
        2.69     1.000000     24553502   4194304.00
        2.69     1.000000     24553502   4415056.84
        2.69     1.000000     24553502   4660337.78
        2.70     1.000000     24553503   4934475.29
        2.70     1.000000     24553503   5242880.00
        2.70     1.000000     24553503   5592405.33
        2.70     1.000000     24553503   5991862.86
        2.77     1.000000     24553504   6452775.39
        2.77     1.000000     24553504   6990506.67
        2.77     1.000000     24553504   7626007.28
        2.80     1.000000     24553505   8388608.00
        2.80     1.000000     24553505   8830113.68
        2.80     1.000000     24553505   9320675.55
        2.80     1.000000     24553505   9868950.59
        2.80     1.000000     24553505  10485760.00
        2.80     1.000000     24553505  11184810.67
        2.80     1.000000     24553505  11983725.71
        3.12     1.000000     24553506  12905550.76
        3.12     1.000000     24553506  13981013.34
        3.12     1.000000     24553506  15252014.55
        3.12     1.000000     24553506  16777216.00
        3.12     1.000000     24553506  17660227.38
        3.12     1.000000     24553506  18641351.10
        3.12     1.000000     24553506  19737901.19
        3.12     1.000000     24553506  20971519.98
        3.12     1.000000     24553506  22369621.33
        3.12     1.000000     24553506  23967451.45
        3.42     1.000000     24553507  25811101.52
        3.42     1.000000     24553507          inf
#[Mean    =        0.733, StdDeviation   =        0.108]
#[Max     =        3.423, Total count    =     24553507]
#[Buckets =           20, SubBuckets     =          256]
