       Value   Percentile   TotalCount 1/(1-Percentile)

        0.02     0.000000         3114         1.00
        0.34     0.050000       850939         1.05
        0.60     0.100000      1707289         1.11
        0.69     0.150000      2539786         1.18
        0.71     0.200000      3401509         1.25
        0.73     0.250000      4990356         1.33
        0.73     0.300000      6077359         1.43
        0.73     0.350000      6077359         1.54
        0.74     0.400000      7327475         1.67
        0.75     0.450000      8725248         1.82
        0.75     0.500000      8725248         2.00
        0.76     0.525000     10226023         2.11
        0.76     0.550000     10226023         2.22
        0.76     0.575000     10226023         2.35
        0.76     0.600000     10226023         2.50
        0.77     0.625000     11693093         2.67
        0.77     0.650000     11693093         2.86
        0.77     0.675000     11693093         3.08
        0.78     0.700000     12887783         3.33
        0.78     0.725000     12887783         3.64
        0.78     0.750000     12887783         4.00
        0.78     0.762500     13694814         4.21
        0.78     0.775000     13694814         4.44
        0.78     0.787500     13694814         4.71
        0.78     0.800000     13694814         5.00
        0.79     0.812500     14161616         5.33
        0.79     0.825000     14161616         5.71
        0.79     0.837500     14161616         6.15
        0.80     0.850000     14421341         6.67
        0.81     0.862500     14700607         7.27
        0.82     0.875000     14814783         8.00
        0.83     0.881250     14935085         8.42
        0.84     0.887500     15064546         8.89
        0.85     0.893750     15201346         9.41
        0.85     0.900000     15342897        10.00
        0.85     0.906250     15342897        10.67
        0.86     0.912500     15485824        11.43
        0.87     0.918750     15626794        12.31
        0.88     0.925000     15750945        13.33
        0.88     0.931250     15750945        14.55
        0.89     0.937500     15858509        16.00
        0.90     0.940625     15945440        16.84
        0.90     0.943750     16016224        17.78
        0.90     0.946875     16016224        18.82
        0.91     0.950000     16071915        20.00
        0.92     0.953125     16115657        21.33
        0.94     0.956250     16177062        22.86
        0.95     0.959375     16221634        24.62
        0.97     0.962500     16278441        26.67
        1.00     0.965625     16335811        29.09
        1.02     0.968750     16389851        32.00
        1.03     0.970313     16404883        33.68
        1.05     0.971875     16431815        35.56
        1.07     0.973437     16462576        37.65
        1.10     0.975000     16485854        40.00
        1.18     0.976562     16512344        42.67
        1.27     0.978125     16537062        45.71
        1.38     0.979688     16566878        49.23
        1.42     0.981250     16597434        53.33
        1.44     0.982812     16626110        58.18
        1.46     0.984375     16649894        64.00
        1.46     0.985156     16663256        67.37
        1.47     0.985938     16677241        71.11
        1.48     0.986719     16692210        75.29
        1.49     0.987500     16707742        80.00
        1.50     0.988281     16724000        85.33
        1.50     0.989062     16724000        91.43
        1.50     0.989844     16740921        98.46
        1.51     0.990625     16758072       106.67
        1.52     0.991406     16775543       116.36
        1.52     0.992188     16775543       128.00
        1.53     0.992578     16792585       134.74
        1.53     0.992969     16792585       142.22
        1.53     0.993359     16808218       150.59
        1.53     0.993750     16808218       160.00
        1.53     0.994141     16808218       170.67
        1.54     0.994531     16822175       182.86
        1.54     0.994922     16822175       196.92
        1.55     0.995313     16833696       213.33
        1.56     0.995703     16842982       232.73
        1.56     0.996094     16842982       256.00
        1.57     0.996289     16850323       269.47
        1.57     0.996484     16850323       284.44
        1.57     0.996680     16855766       301.18
        1.57     0.996875     16855766       320.00
        1.58     0.997070     16859940       341.33
        1.59     0.997266     16862931       365.71
        1.60     0.997461     16865227       393.85
        1.61     0.997656     16867237       426.67
        1.62     0.997852     16870649       465.45
        1.64     0.998047     16873773       512.00
        1.66     0.998145     16876833       538.95
        1.66     0.998242     16878433       568.89
        1.67     0.998340     16880046       602.35
        1.68     0.998437     16881608       640.00
        1.69     0.998535     16883111       682.67
        1.70     0.998633     16884663       731.43
        1.70     0.998730     16886208       787.69
        1.71     0.998828     16887762       853.33
        1.72     0.998926     16889393       930.91
        1.73     0.999023     16891021      1024.00
        1.74     0.999072     16892574      1077.89
        1.74     0.999121     16892574      1137.78
        1.74     0.999170     16893958      1204.71
        1.74     0.999219     16893958      1280.00
        1.75     0.999268     16895289      1365.33
        1.75     0.999316     16895289      1462.86
        1.76     0.999365     16896583      1575.38
        1.77     0.999414     16897712      1706.67
        1.77     0.999463     16897712      1861.82
        1.77     0.999512     16898734      2048.00
        1.78     0.999536     16899532      2155.79
        1.78     0.999561     16899532      2275.56
        1.79     0.999585     16900245      2409.41
        1.79     0.999609     16900245      2560.00
        1.80     0.999634     16900839      2730.67
        1.81     0.999658     16901413      2925.71
        1.81     0.999683     16901413      3150.77
        1.81     0.999707     16901879      3413.33
        1.82     0.999731     16902257      3723.64
        1.84     0.999756     16902969      4096.00
        1.84     0.999768     16902969      4311.58
        1.85     0.999780     16903242      4551.11
        1.85     0.999792     16903470      4818.82
        1.85     0.999805     16903470      5120.00
        1.86     0.999817     16903705      5461.33
        1.87     0.999829     16903913      5851.43
        1.88     0.999841     16904106      6301.54
        1.90     0.999854     16904403      6826.67
        1.90     0.999866     16904541      7447.27
        1.92     0.999878     16904781      8192.00
        1.93     0.999884     16904880      8623.16
        1.94     0.999890     16904977      9102.22
        1.94     0.999896     16905077      9637.65
        1.95     0.999902     16905153     10240.00
        1.96     0.999908     16905233     10922.67
        1.98     0.999915     16905372     11702.86
        1.98     0.999921     16905433     12603.08
        2.00     0.999927     16905552     13653.33
        2.02     0.999933     16905680     14894.55
        2.03     0.999939     16905743     16384.00
        2.05     0.999942     16905785     17246.32
        2.08     0.999945     16905834     18204.44
        2.13     0.999948     16905884     19275.29
        2.19     0.999951     16905942     20480.00
        2.24     0.999954     16905993     21845.33
        2.29     0.999957     16906050     23405.71
        2.35     0.999960     16906098     25206.15
        2.42     0.999963     16906144     27306.67
        2.54     0.999966     16906194     29789.09
        2.77     0.999969     16906244     32768.00
        2.83     0.999971     16906270     34492.63
        2.86     0.999973     16906304     36408.89
        2.96     0.999974     16906326     38550.59
        3.06     0.999976     16906364     40960.00
        3.07     0.999977     16906400     43690.67
        3.07     0.999979     16906400     46811.43
        3.12     0.999980     16906425     50412.31
        3.29     0.999982     16906450     54613.33
        4.38     0.999983     16906476     59578.18
        4.42     0.999985     16906508     65536.00
        4.45     0.999986     16906515     68985.26
        4.77     0.999986     16906547     72817.78
        4.77     0.999987     16906547     77101.18
        4.80     0.999988     16906606     81920.00
        4.80     0.999989     16906606     87381.33
        4.80     0.999989     16906606     93622.86
        4.80     0.999990     16906606    100824.62
        4.80     0.999991     16906606    109226.67
        6.27     0.999992     16906624    119156.36
        6.30     0.999992     16906646    131072.00
        6.30     0.999993     16906646    137970.53
        6.30     0.999993     16906646    145635.56
        6.40     0.999994     16906655    154202.35
        6.43     0.999994     16906656    163840.00
       72.70     0.999994     16906665    174762.67
       79.87     0.999995     16906698    187245.71
       79.87     0.999995     16906698    201649.23
       79.87     0.999995     16906698    218453.33
       79.87     0.999996     16906698    238312.73
       79.87     0.999996     16906698    262144.00
       79.87     0.999996     16906698    275941.05
       80.38     0.999997     16906705    291271.11
       80.38     0.999997     16906705    308404.71
      165.89     0.999997     16906724    327680.00
      165.89     0.999997     16906724    349525.33
      165.89     0.999997     16906724    374491.43
      165.89     0.999998     16906724    403298.46
      165.89     0.999998     16906724    436906.67
      165.89     0.999998     16906724    476625.45
      166.91     0.999998     16906759    524288.00
      166.91     1.000000     16906759          inf
#[Mean    =        0.738, StdDeviation   =        0.371]
#[Max     =      166.911, Total count    =     16906759]
#[Buckets =           20, SubBuckets     =          256]
