       Value   Percentile   TotalCount 1/(1-Percentile)

        0.02     0.000000        13091         1.00
        0.38     0.050000      1720497         1.05
        0.61     0.100000      3401623         1.11
        0.70     0.150000      5713169         1.18
        0.72     0.200000      8175325         1.25
        0.73     0.250000     10013158         1.33
        0.73     0.300000     12256099         1.43
        0.73     0.350000     12256099         1.54
        0.74     0.400000     14854817         1.67
        0.75     0.450000     17734563         1.82
        0.75     0.500000     17734563         2.00
        0.76     0.525000     20757346         2.11
        0.76     0.550000     20757346         2.22
        0.76     0.575000     20757346         2.35
        0.76     0.600000     20757346         2.50
        0.77     0.625000     23640275         2.67
        0.77     0.650000     23640275         2.86
        0.77     0.675000     23640275         3.08
        0.78     0.700000     25962485         3.33
        0.78     0.725000     25962485         3.64
        0.78     0.750000     25962485         4.00
        0.78     0.762500     25962485         4.21
        0.78     0.775000     27527249         4.44
        0.78     0.787500     27527249         4.71
        0.78     0.800000     27527249         5.00
        0.78     0.812500     27527249         5.33
        0.79     0.825000     28440275         5.71
        0.79     0.837500     28440275         6.15
        0.80     0.850000     28952441         6.67
        0.81     0.862500     29264653         7.27
        0.82     0.875000     29736361         8.00
        0.83     0.881250     29975636         8.42
        0.84     0.887500     30233166         8.89
        0.84     0.893750     30233166         9.41
        0.85     0.900000     30505969        10.00
        0.85     0.906250     30787789        10.67
        0.86     0.912500     31072047        11.43
        0.86     0.918750     31072047        12.31
        0.87     0.925000     31350773        13.33
        0.88     0.931250     31594092        14.55
        0.89     0.937500     31804054        16.00
        0.90     0.940625     31972041        16.84
        0.90     0.943750     31972041        17.78
        0.90     0.946875     32108164        18.82
        0.91     0.950000     32214837        20.00
        0.92     0.953125     32298477        21.33
        0.93     0.956250     32361723        22.86
        0.94     0.959375     32461400        24.62
        0.97     0.962500     32572252        26.67
        0.99     0.965625     32678482        29.09
        1.01     0.968750     32783906        32.00
        1.02     0.970313     32814588        33.68
        1.04     0.971875     32867405        35.56
        1.06     0.973437     32929474        37.65
        1.09     0.975000     32968793        40.00
        1.16     0.976562     33021744        42.67
        1.26     0.978125     33077669        45.71
        1.37     0.979688     33131765        49.23
        1.41     0.981250     33183061        53.33
        1.43     0.982812     33234003        58.18
        1.46     0.984375     33302208        64.00
        1.46     0.985156     33328868        67.37
        1.47     0.985938     33357019        71.11
        1.48     0.986719     33386947        75.29
        1.49     0.987500     33418131        80.00
        1.49     0.988281     33418131        85.33
        1.50     0.989062     33450594        91.43
        1.50     0.989844     33484399        98.46
        1.51     0.990625     33518912       106.67
        1.52     0.991406     33553936       116.36
        1.52     0.992188     33553936       128.00
        1.53     0.992578     33588041       134.74
        1.53     0.992969     33588041       142.22
        1.53     0.993359     33619547       150.59
        1.53     0.993750     33619547       160.00
        1.53     0.994141     33619547       170.67
        1.54     0.994531     33647302       182.86
        1.54     0.994922     33647302       196.92
        1.55     0.995313     33670026       213.33
        1.55     0.995703     33670026       232.73
        1.56     0.996094     33688293       256.00
        1.56     0.996289     33688293       269.47
        1.57     0.996484     33702628       284.44
        1.57     0.996680     33702628       301.18
        1.57     0.996875     33713267       320.00
        1.58     0.997070     33721289       341.33
        1.58     0.997266     33721289       365.71
        1.60     0.997461     33731864       393.85
        1.61     0.997656     33735748       426.67
        1.62     0.997852     33742437       465.45
        1.64     0.998047     33748498       512.00
        1.65     0.998145     33751486       538.95
        1.66     0.998242     33754551       568.89
        1.66     0.998340     33757726       602.35
        1.67     0.998437     33760948       640.00
        1.68     0.998535     33764040       682.67
        1.70     0.998633     33770248       731.43
        1.70     0.998730     33773245       787.69
        1.71     0.998828     33776325       853.33
        1.72     0.998926     33779590       930.91
        1.73     0.999023     33782775      1024.00
        1.73     0.999072     33782775      1077.89
        1.74     0.999121     33785809      1137.78
        1.74     0.999170     33785809      1204.71
        1.74     0.999219     33788609      1280.00
        1.75     0.999268     33791203      1365.33
        1.75     0.999316     33791203      1462.86
        1.76     0.999365     33793673      1575.38
        1.76     0.999414     33793673      1706.67
        1.77     0.999463     33795913      1861.82
        1.77     0.999512     33797910      2048.00
        1.77     0.999536     33797910      2155.79
        1.78     0.999561     33799463      2275.56
        1.78     0.999585     33799463      2409.41
        1.79     0.999609     33800856      2560.00
        1.80     0.999634     33802054      2730.67
        1.80     0.999658     33802054      2925.71
        1.81     0.999683     33803101      3150.77
        1.81     0.999707     33803995      3413.33
        1.82     0.999731     33804764      3723.64
        1.83     0.999756     33805491      4096.00
        1.84     0.999768     33806140      4311.58
        1.84     0.999780     33806140      4551.11
        1.85     0.999792     33806655      4818.82
        1.85     0.999805     33807099      5120.00
        1.86     0.999817     33807541      5461.33
        1.87     0.999829     33807963      5851.43
        1.88     0.999841     33808312      6301.54
        1.89     0.999854     33808590      6826.67
        1.90     0.999866     33809145      7447.27
        1.91     0.999878     33809389      8192.00
        1.92     0.999884     33809611      8623.16
        1.93     0.999890     33809811      9102.22
        1.94     0.999896     33810011      9637.65
        1.94     0.999902     33810192     10240.00
        1.96     0.999908     33810476     10922.67
        1.97     0.999915     33810597     11702.86
        1.98     0.999921     33810859     12603.08
        2.00     0.999927     33811128     13653.33
        2.01     0.999933     33811257     14894.55
        2.02     0.999939     33811456     16384.00
        2.04     0.999942     33811549     17246.32
        2.06     0.999945     33811633     18204.44
        2.11     0.999948     33811740     19275.29
        2.17     0.999951     33811856     20480.00
        2.22     0.999954     33811939     21845.33
        2.27     0.999957     33812041     23405.71
        2.33     0.999960     33812146     25206.15
        2.42     0.999963     33812247     27306.67
        2.56     0.999966     33812341     29789.09
        2.81     0.999969     33812454     32768.00
        2.85     0.999971     33812499     34492.63
        2.90     0.999973     33812548     36408.89
        3.02     0.999974     33812603     38550.59
        3.06     0.999976     33812652     40960.00
        3.07     0.999977     33812729     43690.67
        3.09     0.999979     33812767     46811.43
        3.26     0.999980     33812828     50412.31
        3.39     0.999982     33812856     54613.33
        4.42     0.999983     33812954     59578.18
        4.45     0.999985     33812971     65536.00
        4.77     0.999986     33813015     68985.26
        4.77     0.999986     33813015     72817.78
        4.80     0.999987     33813160     77101.18
        4.80     0.999988     33813160     81920.00
        4.80     0.999989     33813160     87381.33
        4.80     0.999989     33813160     93622.86
        4.80     0.999990     33813160    100824.62
        5.47     0.999991     33813168    109226.67
        6.27     0.999992     33813198    119156.36
        6.30     0.999992     33813246    131072.00
        6.30     0.999993     33813246    137970.53
        6.30     0.999993     33813246    145635.56
        6.40     0.999994     33813269    154202.35
        6.40     0.999994     33813269    163840.00
       79.87     0.999994     33813325    174762.67
       79.87     0.999995     33813325    187245.71
       79.87     0.999995     33813325    201649.23
       79.87     0.999995     33813325    218453.33
       80.38     0.999996     33813368    238312.73
       80.38     0.999996     33813368    262144.00
       80.38     0.999996     33813368    275941.05
       80.38     0.999997     33813368    291271.11
       80.38     0.999997     33813368    308404.71
       80.89     0.999997     33813373    327680.00
      165.89     0.999997     33813403    349525.33
      165.89     0.999997     33813403    374491.43
      165.89     0.999998     33813403    403298.46
      165.89     0.999998     33813403    436906.67
      166.91     0.999998     33813475    476625.45
      166.91     1.000000     33813475          inf
#[Mean    =        0.739, StdDeviation   =        0.366]
#[Max     =      166.911, Total count    =     33813475]
#[Buckets =           20, SubBuckets     =          256]
