       Value   Percentile   TotalCount 1/(1-Percentile)

        0.24     0.000000            1         1.00
        1.81     0.050000      3090111         1.05
        1.85     0.100000      6302497         1.11
        1.87     0.150000      8915527         1.18
        1.90     0.200000     11913792         1.25
        1.92     0.250000     15124351         1.33
        1.94     0.300000     17248902         1.43
        1.96     0.350000     20294177         1.54
        1.98     0.400000     23016464         1.67
        2.02     0.450000     25963093         1.82
        2.06     0.500000     28884808         2.00
        2.11     0.525000     30401184         2.11
        2.30     0.550000     31561831         2.22
        2.86     0.575000     33083725         2.35
        2.94     0.600000     34558101         2.50
        3.01     0.625000     36319368         2.67
        3.04     0.650000     37403096         2.86
        3.09     0.675000     39276210         3.08
        3.12     0.700000     40658976         3.33
        3.15     0.725000     42115233         3.64
        3.18     0.750000     43593609         4.00
        3.20     0.762500     44324986         4.21
        3.21     0.775000     45038682         4.44
        3.23     0.787500     45726050         4.71
        3.25     0.800000     46382502         5.00
        3.26     0.812500     47008683         5.33
        3.28     0.825000     47596946         5.71
        3.29     0.837500     48150993         6.15
        3.33     0.850000     49172948         6.67
        3.34     0.862500     49653964         7.27
        3.38     0.875000     50595646         8.00
        3.38     0.881250     50595646         8.42
        3.39     0.887500     51064417         8.89
        3.41     0.893750     51540628         9.41
        3.42     0.900000     52020967        10.00
        3.42     0.906250     52020967        10.67
        3.44     0.912500     52511676        11.43
        3.46     0.918750     52998508        12.31
        3.47     0.925000     53477727        13.33
        3.47     0.931250     53477727        14.55
        3.49     0.937500     53932419        16.00
        3.50     0.940625     54359473        16.84
        3.50     0.943750     54359473        17.78
        3.50     0.946875     54359473        18.82
        3.52     0.950000     54754636        20.00
        3.52     0.953125     54754636        21.33
        3.54     0.956250     55110133        22.86
        3.54     0.959375     55110133        24.62
        3.55     0.962500     55423602        26.67
        3.55     0.965625     55423602        29.09
        3.57     0.968750     55695839        32.00
        3.57     0.970313     55695839        33.68
        3.58     0.971875     55926885        35.56
        3.58     0.973437     55926885        37.65
        3.60     0.975000     56122122        40.00
        3.60     0.976562     56122122        42.67
        3.60     0.978125     56122122        45.71
        3.62     0.979688     56285716        49.23
        3.63     0.981250     56423974        53.33
        3.63     0.982812     56423974        58.18
        3.65     0.984375     56540396        64.00
        3.65     0.985156     56540396        67.37
        3.66     0.985938     56637315        71.11
        3.66     0.986719     56637315        75.29
        3.68     0.987500     56721475        80.00
        3.68     0.988281     56721475        85.33
        3.69     0.989062     56796271        91.43
        3.69     0.989844     56796271        98.46
        3.71     0.990625     56861202       106.67
        3.73     0.991406     56921923       116.36
        3.74     0.992188     56976250       128.00
        3.74     0.992578     56976250       134.74
        3.74     0.992969     56976250       142.22
        3.76     0.993359     57025943       150.59
        3.76     0.993750     57025943       160.00
        3.77     0.994141     57071762       170.67
        3.77     0.994531     57071762       182.86
        3.79     0.994922     57113278       196.92
        3.79     0.995313     57113278       213.33
        3.81     0.995703     57150783       232.73
        3.81     0.996094     57150783       256.00
        3.82     0.996289     57184524       269.47
        3.82     0.996484     57184524       284.44
        3.82     0.996680     57184524       301.18
        3.84     0.996875     57213840       320.00
        3.84     0.997070     57213840       341.33
        3.85     0.997266     57238951       365.71
        3.85     0.997461     57238951       393.85
        3.85     0.997656     57238951       426.67
        3.87     0.997852     57260522       465.45
        3.87     0.998047     57260522       512.00
        3.89     0.998145     57279261       538.95
        3.89     0.998242     57279261       568.89
        3.89     0.998340     57279261       602.35
        3.90     0.998437     57294540       640.00
        3.90     0.998535     57294540       682.67
        3.90     0.998633     57294540       731.43
        3.92     0.998730     57307199       787.69
        3.92     0.998828     57307199       853.33
        3.94     0.998926     57317395       930.91
        3.94     0.999023     57317395      1024.00
        3.95     0.999072     57325732      1077.89
        3.95     0.999121     57325732      1137.78
        3.95     0.999170     57325732      1204.71
        3.97     0.999219     57332319      1280.00
        3.97     0.999268     57332319      1365.33
        3.98     0.999316     57337367      1462.86
        3.98     0.999365     57337367      1575.38
        4.00     0.999414     57341302      1706.67
        4.00     0.999463     57341302      1861.82
        4.01     0.999512     57344607      2048.00
        4.03     0.999536     57347316      2155.79
        4.03     0.999561     57347316      2275.56
        4.05     0.999585     57349512      2409.41
        4.05     0.999609     57349512      2560.00
        4.06     0.999634     57351220      2730.67
        4.08     0.999658     57352736      2925.71
        4.09     0.999683     57353944      3150.77
        4.13     0.999707     57356067      3413.33
        4.16     0.999731     57357518      3723.64
        4.19     0.999756     57358925      4096.00
        4.19     0.999768     57358925      4311.58
        4.22     0.999780     57360123      4551.11
        4.22     0.999792     57360123      4818.82
        4.25     0.999805     57361348      5120.00
        4.29     0.999817     57362385      5461.33
        4.29     0.999829     57362385      5851.43
        4.32     0.999841     57363246      6301.54
        4.35     0.999854     57364197      6826.67
        4.35     0.999866     57364197      7447.27
        4.38     0.999878     57365011      8192.00
        4.42     0.999884     57365829      8623.16
        4.42     0.999890     57365829      9102.22
        4.45     0.999896     57366499      9637.65
        4.45     0.999902     57366499     10240.00
        4.48     0.999908     57367072     10922.67
        4.48     0.999915     57367072     11702.86
        4.51     0.999921     57367609     12603.08
        4.54     0.999927     57368045     13653.33
        4.54     0.999933     57368045     14894.55
        4.58     0.999939     57368555     16384.00
        4.61     0.999942     57369029     17246.32
        4.61     0.999945     57369029     18204.44
        4.61     0.999948     57369029     19275.29
        4.64     0.999951     57369407     20480.00
        4.64     0.999954     57369407     21845.33
        4.67     0.999957     57369697     23405.71
        4.67     0.999960     57369697     25206.15
        4.70     0.999963     57369962     27306.67
        4.74     0.999966     57370205     29789.09
        4.74     0.999969     57370205     32768.00
        4.77     0.999971     57370432     34492.63
        4.77     0.999973     57370432     36408.89
        4.77     0.999974     57370432     38550.59
        4.80     0.999976     57370614     40960.00
        4.80     0.999977     57370614     43690.67
        4.83     0.999979     57370752     46811.43
        4.83     0.999980     57370752     50412.31
        4.86     0.999982     57370888     54613.33
        4.89     0.999983     57370981     59578.18
        4.93     0.999985     57371136     65536.00
        4.93     0.999986     57371136     68985.26
        4.93     0.999986     57371136     72817.78
        4.96     0.999987     57371254     77101.18
        4.96     0.999988     57371254     81920.00
        4.96     0.999989     57371254     87381.33
        4.99     0.999989     57371338     93622.86
        4.99     0.999990     57371338    100824.62
        5.02     0.999991     57371392    109226.67
        5.05     0.999992     57371454    119156.36
        5.05     0.999992     57371454    131072.00
        5.09     0.999993     57371516    137970.53
        5.09     0.999993     57371516    145635.56
        5.12     0.999994     57371575    154202.35
        5.12     0.999994     57371575    163840.00
        5.12     0.999994     57371575    174762.67
        5.15     0.999995     57371641    187245.71
        5.15     0.999995     57371641    201649.23
        5.15     0.999995     57371641    218453.33
        5.18     0.999996     57371675    238312.73
        5.18     0.999996     57371675    262144.00
        5.21     0.999996     57371692    275941.05
        5.25     0.999997     57371722    291271.11
        5.25     0.999997     57371722    308404.71
        5.25     0.999997     57371722    327680.00
        5.28     0.999997     57371740    349525.33
        5.28     0.999997     57371740    374491.43
        5.31     0.999998     57371758    403298.46
        5.31     0.999998     57371758    436906.67
        5.34     0.999998     57371770    476625.45
        5.38     0.999998     57371789    524288.00
        5.38     0.999998     57371789    551882.11
        5.41     0.999998     57371796    582542.22
        5.41     0.999998     57371796    616809.41
        5.44     0.999998     57371813    655360.00
        5.44     0.999999     57371813    699050.67
        5.44     0.999999     57371813    748982.86
        5.47     0.999999     57371826    806596.92
        5.47     0.999999     57371826    873813.33
        5.50     0.999999     57371849    953250.91
        5.50     0.999999     57371849   1048576.00
        5.50     0.999999     57371849   1103764.21
        5.50     0.999999     57371849   1165084.44
        5.50     0.999999     57371849   1233618.82
        5.50     0.999999     57371849   1310720.00
        5.50     0.999999     57371849   1398101.33
        5.54     0.999999     57371861   1497965.71
        5.54     0.999999     57371861   1613193.85
        5.54     0.999999     57371861   1747626.67
        5.54     0.999999     57371861   1906501.82
        5.57     1.000000     57371866   2097152.00
        5.57     1.000000     57371866   2207528.42
        5.57     1.000000     57371866   2330168.89
        5.57     1.000000     57371866   2467237.65
        5.60     1.000000     57371871   2621440.00
        5.60     1.000000     57371871   2796202.67
        5.60     1.000000     57371871   2995931.43
        5.63     1.000000     57371874   3226387.69
        5.63     1.000000     57371874   3495253.33
        5.63     1.000000     57371874   3813003.64
        5.66     1.000000     57371881   4194304.00
        5.66     1.000000     57371881   4415056.84
        5.66     1.000000     57371881   4660337.78
        5.66     1.000000     57371881   4934475.29
        5.66     1.000000     57371881   5242880.00
        5.66     1.000000     57371881   5592405.33
        5.66     1.000000     57371881   5991862.86
        5.66     1.000000     57371881   6452775.39
        5.66     1.000000     57371881   6990506.67
        5.73     1.000000     57371886   7626007.28
        5.73     1.000000     57371886   8388608.00
        5.73     1.000000     57371886   8830113.68
        5.73     1.000000     57371886   9320675.55
        5.73     1.000000     57371886   9868950.59
        5.73     1.000000     57371886  10485760.00
        5.73     1.000000     57371886  11184810.67
        5.73     1.000000     57371886  11983725.71
        5.73     1.000000     57371886  12905550.76
        5.73     1.000000     57371886  13981013.34
        5.73     1.000000     57371886  15252014.55
        5.73     1.000000     57371886  16777216.00
        5.73     1.000000     57371886  17660227.38
        5.73     1.000000     57371886  18641351.10
        5.79     1.000000     57371887  19737901.19
        5.79     1.000000     57371887  20971519.98
        5.79     1.000000     57371887  22369621.33
        5.79     1.000000     57371887  23967451.45
        5.79     1.000000     57371887  25811101.52
        5.79     1.000000     57371887  27962026.68
        5.89     1.000000     57371889  30504029.05
        5.89     1.000000     57371889          inf
#[Mean    =        2.508, StdDeviation   =        0.665]
#[Max     =        5.887, Total count    =     57371889]
#[Buckets =           20, SubBuckets     =          256]
