       Value   Percentile   TotalCount 1/(1-Percentile)

        0.02     0.000000        12230         1.00
        0.38     0.050000       852386         1.05
        0.60     0.100000      1718551         1.11
        0.68     0.150000      2544643         1.18
        0.69     0.200000      3429010         1.25
        0.71     0.250000      4997965         1.33
        0.72     0.300000      6080009         1.43
        0.72     0.350000      6080009         1.54
        0.73     0.400000      7394546         1.67
        0.73     0.450000      8921057         1.82
        0.73     0.500000      8921057         2.00
        0.73     0.525000      8921057         2.11
        0.74     0.550000     10529861         2.22
        0.74     0.575000     10529861         2.35
        0.74     0.600000     10529861         2.50
        0.75     0.625000     12020543         2.67
        0.75     0.650000     12020543         2.86
        0.75     0.675000     12020543         3.08
        0.75     0.700000     12020543         3.33
        0.76     0.725000     13183765         3.64
        0.76     0.750000     13183765         4.00
        0.76     0.762500     13183765         4.21
        0.76     0.775000     13183765         4.44
        0.77     0.787500     13940939         4.71
        0.77     0.800000     13940939         5.00
        0.77     0.812500     13940939         5.33
        0.78     0.825000     14369523         5.71
        0.78     0.837500     14369523         6.15
        0.78     0.850000     14597295         6.67
        0.78     0.862500     14597295         7.27
        0.80     0.875000     14856256         8.00
        0.81     0.881250     14973213         8.42
        0.81     0.887500     15096778         8.89
        0.82     0.893750     15227984         9.41
        0.82     0.900000     15227984        10.00
        0.83     0.906250     15363308        10.67
        0.84     0.912500     15501804        11.43
        0.85     0.918750     15636533        12.31
        0.85     0.925000     15764970        13.33
        0.85     0.931250     15764970        14.55
        0.86     0.937500     15880361        16.00
        0.87     0.940625     15978015        16.84
        0.87     0.943750     15978015        17.78
        0.88     0.946875     16058450        18.82
        0.89     0.950000     16120465        20.00
        0.89     0.953125     16120465        21.33
        0.90     0.956250     16205633        22.86
        0.91     0.959375     16234880        24.62
        0.93     0.962500     16281716        26.67
        0.95     0.965625     16338574        29.09
        0.97     0.968750     16385743        32.00
        0.99     0.970313     16413243        33.68
        1.01     0.971875     16438680        35.56
        1.02     0.973437     16459657        37.65
        1.05     0.975000     16486478        40.00
        1.14     0.976562     16513529        42.67
        1.23     0.978125     16539144        45.71
        1.33     0.979688     16567419        49.23
        1.38     0.981250     16592872        53.33
        1.41     0.982812     16626611        58.18
        1.42     0.984375     16648557        64.00
        1.43     0.985156     16661063        67.37
        1.44     0.985938     16674519        71.11
        1.45     0.986719     16689012        75.29
        1.46     0.987500     16704295        80.00
        1.46     0.988281     16720822        85.33
        1.47     0.989062     16738696        91.43
        1.47     0.989844     16738696        98.46
        1.48     0.990625     16757638       106.67
        1.49     0.991406     16776905       116.36
        1.49     0.992188     16776905       128.00
        1.50     0.992578     16795956       134.74
        1.50     0.992969     16795956       142.22
        1.50     0.993359     16812776       150.59
        1.50     0.993750     16812776       160.00
        1.50     0.994141     16812776       170.67
        1.51     0.994531     16827181       182.86
        1.51     0.994922     16827181       196.92
        1.52     0.995313     16838920       213.33
        1.52     0.995703     16838920       232.73
        1.53     0.996094     16848081       256.00
        1.53     0.996289     16848081       269.47
        1.53     0.996484     16855163       284.44
        1.53     0.996680     16855163       301.18
        1.54     0.996875     16860310       320.00
        1.54     0.997070     16860310       341.33
        1.55     0.997266     16863970       365.71
        1.56     0.997461     16866802       393.85
        1.57     0.997656     16870774       426.67
        1.58     0.997852     16872416       465.45
        1.61     0.998047     16877137       512.00
        1.61     0.998145     16878774       538.95
        1.62     0.998242     16880351       568.89
        1.63     0.998340     16881989       602.35
        1.64     0.998437     16883680       640.00
        1.65     0.998535     16885251       682.67
        1.66     0.998633     16886846       731.43
        1.66     0.998730     16888351       787.69
        1.67     0.998828     16889961       853.33
        1.68     0.998926     16891407       930.91
        1.69     0.999023     16892932      1024.00
        1.70     0.999072     16894397      1077.89
        1.70     0.999121     16894397      1137.78
        1.70     0.999170     16895818      1204.71
        1.70     0.999219     16895818      1280.00
        1.71     0.999268     16897146      1365.33
        1.71     0.999316     16897146      1462.86
        1.72     0.999365     16898400      1575.38
        1.73     0.999414     16899587      1706.67
        1.73     0.999463     16899587      1861.82
        1.74     0.999512     16900620      2048.00
        1.74     0.999536     16901549      2155.79
        1.74     0.999561     16901549      2275.56
        1.75     0.999585     16902338      2409.41
        1.75     0.999609     16902338      2560.00
        1.76     0.999634     16903021      2730.67
        1.76     0.999658     16903021      2925.71
        1.77     0.999683     16903625      3150.77
        1.77     0.999707     16904132      3413.33
        1.77     0.999731     16904132      3723.64
        1.78     0.999756     16904562      4096.00
        1.79     0.999768     16904943      4311.58
        1.79     0.999780     16904943      4551.11
        1.80     0.999792     16905269      4818.82
        1.81     0.999805     16905566      5120.00
        1.81     0.999817     16905566      5461.33
        1.81     0.999829     16905811      5851.43
        1.82     0.999841     16906032      6301.54
        1.83     0.999854     16906230      6826.67
        1.84     0.999866     16906391      7447.27
        1.85     0.999878     16906698      8192.00
        1.85     0.999884     16906698      8623.16
        1.86     0.999890     16906839      9102.22
        1.87     0.999896     16906956      9637.65
        1.88     0.999902     16907069     10240.00
        1.89     0.999908     16907164     10922.67
        1.90     0.999915     16907254     11702.86
        1.90     0.999921     16907341     12603.08
        1.91     0.999927     16907418     13653.33
        1.93     0.999933     16907545     14894.55
        1.94     0.999939     16907610     16384.00
        1.94     0.999942     16907664     17246.32
        1.95     0.999945     16907713     18204.44
        1.96     0.999948     16907752     19275.29
        1.98     0.999951     16907825     20480.00
        1.98     0.999954     16907853     21845.33
        2.00     0.999957     16907918     23405.71
        2.02     0.999960     16907966     25206.15
        2.04     0.999963     16908006     27306.67
        2.10     0.999966     16908067     29789.09
        2.16     0.999969     16908120     32768.00
        2.17     0.999971     16908138     34492.63
        2.22     0.999973     16908173     36408.89
        2.24     0.999974     16908187     38550.59
        2.27     0.999976     16908223     40960.00
        2.30     0.999977     16908245     43690.67
        2.35     0.999979     16908269     46811.43
        2.40     0.999980     16908293     50412.31
        2.54     0.999982     16908316     54613.33
        2.85     0.999983     16908353     59578.18
        2.86     0.999985     16908378     65536.00
        2.88     0.999986     16908403     68985.26
        2.88     0.999986     16908403     72817.78
        2.90     0.999987     16908422     77101.18
        2.90     0.999988     16908422     81920.00
        2.94     0.999989     16908434     87381.33
        3.76     0.999989     16908444     93622.86
        4.16     0.999990     16908482    100824.62
        4.16     0.999991     16908482    109226.67
        4.19     0.999992     16908488    119156.36
        4.38     0.999992     16908495    131072.00
        4.77     0.999993     16908568    137970.53
        4.77     0.999993     16908568    145635.56
        4.77     0.999994     16908568    154202.35
        4.77     0.999994     16908568    163840.00
        4.77     0.999994     16908568    174762.67
        4.77     0.999995     16908568    187245.71
        4.77     0.999995     16908568    201649.23
        4.77     0.999995     16908568    218453.33
        4.77     0.999996     16908568    238312.73
        4.77     0.999996     16908568    262144.00
        4.77     0.999996     16908568    275941.05
        4.77     0.999997     16908568    291271.11
        4.80     0.999997     16908570    308404.71
        4.93     0.999997     16908573    327680.00
       78.33     0.999997     16908576    349525.33
      172.03     0.999997     16908603    374491.43
      172.03     0.999998     16908603    403298.46
      172.03     0.999998     16908603    436906.67
      172.03     0.999998     16908603    476625.45
      172.03     0.999998     16908603    524288.00
      172.03     0.999998     16908603    551882.11
      172.03     0.999998     16908603    582542.22
      172.03     0.999998     16908603    616809.41
      172.03     0.999998     16908603    655360.00
      172.03     0.999999     16908603    699050.67
      172.03     0.999999     16908603    748982.86
      173.06     0.999999     16908622    806596.92
      173.06     0.999999     16908622    873813.33
      173.06     0.999999     16908622    953250.91
      173.06     0.999999     16908622   1048576.00
      173.06     0.999999     16908622   1103764.21
      173.06     0.999999     16908622   1165084.44
      173.06     0.999999     16908622   1233618.82
      173.06     0.999999     16908622   1310720.00
      173.06     0.999999     16908622   1398101.33
      173.06     0.999999     16908622   1497965.71
      173.06     0.999999     16908622   1613193.85
      173.06     0.999999     16908622   1747626.67
      173.06     0.999999     16908622   1906501.82
      173.06     1.000000     16908622   2097152.00
      173.06     1.000000     16908622   2207528.42
      173.06     1.000000     16908622   2330168.89
      173.06     1.000000     16908622   2467237.65
      173.06     1.000000     16908622   2621440.00
      173.06     1.000000     16908622   2796202.67
      173.06     1.000000     16908622   2995931.43
      173.06     1.000000     16908622   3226387.69
      173.06     1.000000     16908622   3495253.33
      173.06     1.000000     16908622   3813003.64
      173.06     1.000000     16908622   4194304.00
      173.06     1.000000     16908622   4415056.84
      173.06     1.000000     16908622   4660337.78
      173.06     1.000000     16908622   4934475.29
      173.06     1.000000     16908622   5242880.00
      173.06     1.000000     16908622   5592405.33
      173.06     1.000000     16908622   5991862.86
      173.06     1.000000     16908622   6452775.39
      173.06     1.000000     16908622   6990506.67
      173.06     1.000000     16908622   7626007.28
      173.06     1.000000     16908622   8388608.00
      174.08     1.000000     16908624   8830113.68
      174.08     1.000000     16908624          inf
#[Mean    =        0.722, StdDeviation   =        0.343]
#[Max     =      174.079, Total count    =     16908624]
#[Buckets =           20, SubBuckets     =          256]
