       Value   Percentile   TotalCount 1/(1-Percentile)

        0.02     0.000000         6897         1.00
        0.46     0.050000       707995         1.05
        0.71     0.100000      1425539         1.11
        0.78     0.150000      2130352         1.18
        0.80     0.200000      3186143         1.25
        0.81     0.250000      3719760         1.33
        0.81     0.300000      4336087         1.43
        0.82     0.350000      5039610         1.54
        0.83     0.400000      5804340         1.67
        0.84     0.450000      6611892         1.82
        0.85     0.500000      7421925         2.00
        0.85     0.525000      7421925         2.11
        0.85     0.550000      8216171         2.22
        0.85     0.575000      8216171         2.35
        0.86     0.600000      8970152         2.50
        0.86     0.625000      8970152         2.67
        0.87     0.650000      9675348         2.86
        0.87     0.675000      9675348         3.08
        0.88     0.700000     10305000         3.33
        0.88     0.725000     10305000         3.64
        0.89     0.750000     10860422         4.00
        0.89     0.762500     10860422         4.21
        0.90     0.775000     11347071         4.44
        0.90     0.787500     11347071         4.71
        0.90     0.800000     11347071         5.00
        0.90     0.812500     11761590         5.33
        0.90     0.825000     11761590         5.71
        0.91     0.837500     12111686         6.15
        0.91     0.850000     12111686         6.67
        0.92     0.862500     12402435         7.27
        0.92     0.875000     12402435         8.00
        0.93     0.881250     12640827         8.42
        0.93     0.887500     12640827         8.89
        0.93     0.893750     12640827         9.41
        0.94     0.900000     12833035        10.00
        0.94     0.906250     12833035        10.67
        0.94     0.912500     12986627        11.43
        0.94     0.918750     12986627        12.31
        0.95     0.925000     13109030        13.33
        0.96     0.931250     13202387        14.55
        0.97     0.937500     13274368        16.00
        0.97     0.940625     13274368        16.84
        0.97     0.943750     13329889        17.78
        0.98     0.946875     13372768        18.82
        0.99     0.950000     13404852        20.00
        1.00     0.953125     13430109        21.33
        1.02     0.956250     13480105        22.86
        1.05     0.959375     13516816        24.62
        1.11     0.962500     13560742        26.67
        1.17     0.965625     13604741        29.09
        1.22     0.968750     13648233        32.00
        1.24     0.970313     13669322        33.68
        1.26     0.971875     13687972        35.56
        1.29     0.973437     13709362        37.65
        1.34     0.975000     13732463        40.00
        1.44     0.976562     13754002        42.67
        1.55     0.978125     13778009        45.71
        1.59     0.979688     13801125        49.23
        1.61     0.981250     13821940        53.33
        1.64     0.982812     13848220        58.18
        1.66     0.984375     13868343        64.00
        1.66     0.985156     13879040        67.37
        1.67     0.985938     13889911        71.11
        1.68     0.986719     13900964        75.29
        1.69     0.987500     13911989        80.00
        1.70     0.988281     13922904        85.33
        1.70     0.989062     13933852        91.43
        1.71     0.989844     13944377        98.46
        1.72     0.990625     13954528       106.67
        1.73     0.991406     13963932       116.36
        1.74     0.992188     13981626       128.00
        1.74     0.992578     13981626       134.74
        1.75     0.992969     13989588       142.22
        1.76     0.993359     13996803       150.59
        1.76     0.993750     13996803       160.00
        1.77     0.994141     14003664       170.67
        1.77     0.994531     14010222       182.86
        1.78     0.994922     14016222       196.92
        1.79     0.995313     14021796       213.33
        1.80     0.995703     14026813       232.73
        1.81     0.996094     14031456       256.00
        1.81     0.996289     14031456       269.47
        1.81     0.996484     14035605       284.44
        1.82     0.996680     14039401       301.18
        1.82     0.996875     14039401       320.00
        1.83     0.997070     14042814       341.33
        1.84     0.997266     14045914       365.71
        1.85     0.997461     14048558       393.85
        1.85     0.997656     14050878       426.67
        1.87     0.997852     14054504       465.45
        1.88     0.998047     14055934       512.00
        1.90     0.998145     14058113       538.95
        1.90     0.998242     14058908       568.89
        1.92     0.998340     14060089       602.35
        1.95     0.998437     14061486       640.00
        1.98     0.998535     14063092       682.67
        1.99     0.998633     14064837       731.43
        2.00     0.998730     14065810       787.69
        2.01     0.998828     14066855       853.33
        2.02     0.998926     14068807       930.91
        2.03     0.999023     14069911      1024.00
        2.04     0.999072     14070954      1077.89
        2.04     0.999121     14070954      1137.78
        2.05     0.999170     14072161      1204.71
        2.06     0.999219     14074519      1280.00
        2.06     0.999268     14074519      1365.33
        2.06     0.999316     14074519      1462.86
        2.06     0.999365     14074519      1575.38
        2.08     0.999414     14076352      1706.67
        2.08     0.999463     14076352      1861.82
        2.10     0.999512     14078019      2048.00
        2.10     0.999536     14078019      2155.79
        2.10     0.999561     14078019      2275.56
        2.10     0.999585     14078019      2409.41
        2.10     0.999609     14078019      2560.00
        2.11     0.999634     14079457      2730.67
        2.11     0.999658     14079457      2925.71
        2.11     0.999683     14079457      3150.77
        2.11     0.999707     14079457      3413.33
        2.13     0.999731     14080284      3723.64
        2.13     0.999756     14080284      4096.00
        2.13     0.999768     14080284      4311.58
        2.13     0.999780     14080284      4551.11
        2.14     0.999792     14080676      4818.82
        2.14     0.999805     14080676      5120.00
        2.16     0.999817     14080886      5461.33
        2.17     0.999829     14080973      5851.43
        2.19     0.999841     14081093      6301.54
        2.24     0.999854     14081251      6826.67
        2.33     0.999866     14081439      7447.27
        2.42     0.999878     14081638      8192.00
        2.43     0.999884     14081690      8623.16
        2.46     0.999890     14081798      9102.22
        2.50     0.999896     14081886      9637.65
        2.53     0.999902     14081939     10240.00
        2.64     0.999908     14082029     10922.67
        2.77     0.999915     14082113     11702.86
        2.83     0.999921     14082229     12603.08
        2.85     0.999927     14082284     13653.33
        2.88     0.999933     14082424     14894.55
        2.90     0.999939     14082497     16384.00
        2.90     0.999942     14082497     17246.32
        2.91     0.999945     14082588     18204.44
        2.91     0.999948     14082588     19275.29
        2.93     0.999951     14082673     20480.00
        2.93     0.999954     14082673     21845.33
        2.94     0.999957     14082752     23405.71
        2.94     0.999960     14082752     25206.15
        2.96     0.999963     14082820     27306.67
        2.98     0.999966     14082877     29789.09
        2.99     0.999969     14082926     32768.00
        2.99     0.999971     14082926     34492.63
        2.99     0.999973     14082926     36408.89
        3.01     0.999974     14082968     38550.59
        3.01     0.999976     14082968     40960.00
        3.02     0.999977     14083003     43690.67
        3.04     0.999979     14083026     46811.43
        3.06     0.999980     14083038     50412.31
        3.09     0.999982     14083053     54613.33
        3.15     0.999983     14083076     59578.18
        3.42     0.999985     14083096     65536.00
        3.95     0.999986     14083106     68985.26
        4.70     0.999986     14083149     72817.78
        4.70     0.999987     14083149     77101.18
        4.70     0.999988     14083149     81920.00
        4.70     0.999989     14083149     87381.33
        5.76     0.999989     14083202     93622.86
        5.76     0.999990     14083202    100824.62
        5.76     0.999991     14083202    109226.67
        5.76     0.999992     14083202    119156.36
        5.79     0.999992     14083207    131072.00
        6.17     0.999993     14083208    137970.53
       30.59     0.999993     14083252    145635.56
       30.59     0.999994     14083252    154202.35
       30.59     0.999994     14083252    163840.00
       30.59     0.999994     14083252    174762.67
       30.59     0.999995     14083252    187245.71
       30.59     0.999995     14083252    201649.23
       30.59     0.999995     14083252    218453.33
       30.59     0.999996     14083252    238312.73
       30.72     0.999996     14083262    262144.00
       30.72     0.999996     14083262    275941.05
       30.72     0.999997     14083262    291271.11
       33.28     0.999997     14083308    308404.71
       33.28     0.999997     14083308    327680.00
       33.28     0.999997     14083308    349525.33
       33.28     0.999997     14083308    374491.43
       33.28     0.999998     14083308    403298.46
       33.28     0.999998     14083308    436906.67
       33.28     0.999998     14083308    476625.45
       33.28     0.999998     14083308    524288.00
       33.28     0.999998     14083308    551882.11
       33.28     0.999998     14083308    582542.22
       33.28     0.999998     14083308    616809.41
       33.28     0.999998     14083308    655360.00
       33.28     0.999999     14083308    699050.67
       33.28     0.999999     14083308    748982.86
       33.28     0.999999     14083308    806596.92
       33.28     0.999999     14083308    873813.33
       33.28     0.999999     14083308    953250.91
       33.28     0.999999     14083308   1048576.00
       33.28     0.999999     14083308   1103764.21
       33.28     0.999999     14083308   1165084.44
       33.28     0.999999     14083308   1233618.82
       33.28     0.999999     14083308   1310720.00
       33.28     0.999999     14083308   1398101.33
       33.28     0.999999     14083308   1497965.71
       33.28     0.999999     14083308   1613193.85
       33.28     0.999999     14083308   1747626.67
       33.28     0.999999     14083308   1906501.82
       33.28     1.000000     14083308   2097152.00
       33.28     1.000000     14083308   2207528.42
       33.28     1.000000     14083308   2330168.89
       33.28     1.000000     14083308   2467237.65
       33.28     1.000000     14083308   2621440.00
       33.28     1.000000     14083308   2796202.67
       33.28     1.000000     14083308   2995931.43
       33.28     1.000000     14083308   3226387.69
       33.28     1.000000     14083308   3495253.33
       33.28     1.000000     14083308   3813003.64
       33.28     1.000000     14083308   4194304.00
       33.28     1.000000     14083308   4415056.84
       33.28     1.000000     14083308   4660337.78
       33.28     1.000000     14083308   4934475.29
       33.28     1.000000     14083308   5242880.00
       33.28     1.000000     14083308   5592405.33
       33.28     1.000000     14083308   5991862.86
       33.28     1.000000     14083308   6452775.39
       33.28     1.000000     14083308   6990506.67
       34.05     1.000000     14083309   7626007.28
       34.05     1.000000     14083309   8388608.00
       34.05     1.000000     14083309   8830113.68
       34.05     1.000000     14083309   9320675.55
       34.05     1.000000     14083309   9868950.59
       34.05     1.000000     14083309  10485760.00
       34.05     1.000000     14083309  11184810.67
       34.05     1.000000     14083309  11983725.71
       34.05     1.000000     14083309  12905550.76
       34.05     1.000000     14083309  13981013.34
       63.74     1.000000     14083310  15252014.55
       63.74     1.000000     14083310          inf
#[Mean    =        0.834, StdDeviation   =        0.230]
#[Max     =       63.743, Total count    =     14083310]
#[Buckets =           20, SubBuckets     =          256]
