       Value   Percentile   TotalCount 1/(1-Percentile)

        0.02     0.000000        10517         1.00
        0.39     0.050000       846792         1.05
        0.61     0.100000      1719027         1.11
        0.69     0.150000      2698759         1.18
        0.70     0.200000      3769118         1.25
        0.71     0.250000      4579420         1.33
        0.72     0.300000      5588314         1.43
        0.73     0.350000      6810320         1.54
        0.73     0.400000      6810320         1.67
        0.73     0.450000      8238373         1.82
        0.74     0.500000      9774874         2.00
        0.74     0.525000      9774874         2.11
        0.74     0.550000      9774874         2.22
        0.74     0.575000      9774874         2.35
        0.75     0.600000     11268334         2.50
        0.75     0.625000     11268334         2.67
        0.75     0.650000     11268334         2.86
        0.76     0.675000     12564888         3.08
        0.76     0.700000     12564888         3.33
        0.76     0.725000     12564888         3.64
        0.77     0.750000     13519690         4.00
        0.77     0.762500     13519690         4.21
        0.77     0.775000     13519690         4.44
        0.77     0.787500     13519690         4.71
        0.78     0.800000     14111892         5.00
        0.78     0.812500     14111892         5.33
        0.78     0.825000     14111892         5.71
        0.78     0.837500     14436791         6.15
        0.78     0.850000     14436791         6.67
        0.79     0.862500     14621289         7.27
        0.81     0.875000     14870092         8.00
        0.81     0.881250     14991157         8.42
        0.82     0.887500     15122027         8.89
        0.82     0.893750     15122027         9.41
        0.83     0.900000     15258473        10.00
        0.84     0.906250     15395536        10.67
        0.85     0.912500     15532620        11.43
        0.85     0.918750     15666554        12.31
        0.85     0.925000     15666554        13.33
        0.86     0.931250     15790167        14.55
        0.87     0.937500     15897939        16.00
        0.88     0.940625     15987607        16.84
        0.88     0.943750     15987607        17.78
        0.89     0.946875     16057488        18.82
        0.90     0.950000     16112740        20.00
        0.90     0.953125     16156564        21.33
        0.91     0.956250     16192157        22.86
        0.92     0.959375     16222437        24.62
        0.94     0.962500     16292721        26.67
        0.96     0.965625     16329895        29.09
        0.99     0.968750     16392664        32.00
        1.00     0.970313     16406265        33.68
        1.01     0.971875     16432277        35.56
        1.04     0.973437     16461635        37.65
        1.07     0.975000     16485346        40.00
        1.16     0.976562     16513221        42.67
        1.26     0.978125     16539350        45.71
        1.35     0.979688     16565951        49.23
        1.39     0.981250     16594537        53.33
        1.42     0.982812     16622488        58.18
        1.43     0.984375     16645871        64.00
        1.44     0.985156     16658764        67.37
        1.45     0.985938     16672871        71.11
        1.46     0.986719     16687756        75.29
        1.46     0.987500     16703816        80.00
        1.47     0.988281     16720694        85.33
        1.48     0.989062     16738625        91.43
        1.48     0.989844     16738625        98.46
        1.49     0.990625     16756961       106.67
        1.50     0.991406     16775467       116.36
        1.50     0.992188     16775467       128.00
        1.50     0.992578     16793438       134.74
        1.50     0.992969     16793438       142.22
        1.51     0.993359     16809885       150.59
        1.51     0.993750     16809885       160.00
        1.51     0.994141     16809885       170.67
        1.52     0.994531     16824274       182.86
        1.52     0.994922     16824274       196.92
        1.53     0.995313     16835957       213.33
        1.53     0.995703     16835957       232.73
        1.53     0.996094     16845283       256.00
        1.53     0.996289     16845283       269.47
        1.54     0.996484     16852376       284.44
        1.54     0.996680     16852376       301.18
        1.55     0.996875     16857739       320.00
        1.56     0.997070     16861600       341.33
        1.56     0.997266     16861600       365.71
        1.57     0.997461     16864518       393.85
        1.58     0.997656     16868789       426.67
        1.60     0.997852     16872165       465.45
        1.61     0.998047     16875273       512.00
        1.62     0.998145     16876862       538.95
        1.63     0.998242     16878414       568.89
        1.64     0.998340     16879938       602.35
        1.65     0.998437     16881550       640.00
        1.66     0.998535     16883157       682.67
        1.66     0.998633     16884752       731.43
        1.67     0.998730     16886333       787.69
        1.68     0.998828     16887919       853.33
        1.69     0.998926     16889492       930.91
        1.70     0.999023     16891016      1024.00
        1.70     0.999072     16892507      1077.89
        1.71     0.999121     16894025      1137.78
        1.71     0.999170     16894025      1204.71
        1.72     0.999219     16895442      1280.00
        1.72     0.999268     16895442      1365.33
        1.73     0.999316     16896723      1462.86
        1.73     0.999365     16896723      1575.38
        1.74     0.999414     16897924      1706.67
        1.74     0.999463     16898969      1861.82
        1.75     0.999512     16899952      2048.00
        1.75     0.999536     16899952      2155.79
        1.76     0.999561     16900772      2275.56
        1.76     0.999585     16900772      2409.41
        1.77     0.999609     16901501      2560.00
        1.77     0.999634     16901501      2730.67
        1.77     0.999658     16902137      2925.71
        1.77     0.999683     16902137      3150.77
        1.78     0.999707     16902685      3413.33
        1.79     0.999731     16903162      3723.64
        1.80     0.999756     16903599      4096.00
        1.80     0.999768     16903599      4311.58
        1.81     0.999780     16903905      4551.11
        1.81     0.999792     16904213      4818.82
        1.81     0.999805     16904213      5120.00
        1.82     0.999817     16904462      5461.33
        1.83     0.999829     16904698      5851.43
        1.84     0.999841     16904902      6301.54
        1.85     0.999854     16905099      6826.67
        1.85     0.999866     16905303      7447.27
        1.86     0.999878     16905479      8192.00
        1.86     0.999884     16905479      8623.16
        1.87     0.999890     16905620      9102.22
        1.88     0.999896     16905749      9637.65
        1.89     0.999902     16905894     10240.00
        1.89     0.999908     16905894     10922.67
        1.90     0.999915     16906014     11702.86
        1.90     0.999921     16906103     12603.08
        1.92     0.999927     16906270     13653.33
        1.93     0.999933     16906338     14894.55
        1.94     0.999939     16906405     16384.00
        1.94     0.999942     16906475     17246.32
        1.95     0.999945     16906518     18204.44
        1.96     0.999948     16906562     19275.29
        1.97     0.999951     16906609     20480.00
        1.98     0.999954     16906692     21845.33
        1.99     0.999957     16906731     23405.71
        2.00     0.999960     16906771     25206.15
        2.02     0.999963     16906816     27306.67
        2.04     0.999966     16906868     29789.09
        2.10     0.999969     16906917     32768.00
        2.14     0.999971     16906943     34492.63
        2.17     0.999973     16906972     36408.89
        2.21     0.999974     16906991     38550.59
        2.25     0.999976     16907019     40960.00
        2.30     0.999977     16907049     43690.67
        2.35     0.999979     16907066     46811.43
        2.45     0.999980     16907093     50412.31
        3.10     0.999982     16907125     54613.33
        3.12     0.999983     16907150     59578.18
        4.08     0.999985     16907170     65536.00
        4.09     0.999986     16907208     68985.26
        4.09     0.999986     16907208     72817.78
        4.09     0.999987     16907208     77101.18
        4.80     0.999988     16907292     81920.00
        4.80     0.999989     16907292     87381.33
        4.80     0.999989     16907292     93622.86
        4.80     0.999990     16907292    100824.62
        4.80     0.999991     16907292    109226.67
        4.80     0.999992     16907292    119156.36
        4.83     0.999992     16907301    131072.00
        6.66     0.999993     16907316    137970.53
        6.66     0.999993     16907316    145635.56
        6.69     0.999994     16907338    154202.35
        6.69     0.999994     16907338    163840.00
        6.69     0.999994     16907338    174762.67
        6.69     0.999995     16907338    187245.71
       81.41     0.999995     16907366    201649.23
       81.41     0.999995     16907366    218453.33
       81.41     0.999996     16907366    238312.73
       81.41     0.999996     16907366    262144.00
       81.41     0.999996     16907366    275941.05
       81.92     0.999997     16907376    291271.11
       81.92     0.999997     16907376    308404.71
       81.92     0.999997     16907376    327680.00
       82.43     0.999997     16907382    349525.33
       82.43     0.999997     16907382    374491.43
      171.01     0.999998     16907404    403298.46
      171.01     0.999998     16907404    436906.67
      171.01     0.999998     16907404    476625.45
      171.01     0.999998     16907404    524288.00
      171.01     0.999998     16907404    551882.11
      171.01     0.999998     16907404    582542.22
      171.01     0.999998     16907404    616809.41
      171.01     0.999998     16907404    655360.00
      171.01     0.999999     16907404    699050.67
      172.03     0.999999     16907426    748982.86
      172.03     0.999999     16907426    806596.92
      172.03     0.999999     16907426    873813.33
      172.03     0.999999     16907426    953250.91
      172.03     0.999999     16907426   1048576.00
      172.03     0.999999     16907426   1103764.21
      172.03     0.999999     16907426   1165084.44
      172.03     0.999999     16907426   1233618.82
      172.03     0.999999     16907426   1310720.00
      172.03     0.999999     16907426   1398101.33
      172.03     0.999999     16907426   1497965.71
      172.03     0.999999     16907426   1613193.85
      172.03     0.999999     16907426   1747626.67
      172.03     0.999999     16907426   1906501.82
      172.03     1.000000     16907426   2097152.00
      172.03     1.000000     16907426   2207528.42
      172.03     1.000000     16907426   2330168.89
      172.03     1.000000     16907426   2467237.65
      172.03     1.000000     16907426   2621440.00
      172.03     1.000000     16907426   2796202.67
      172.03     1.000000     16907426   2995931.43
      172.03     1.000000     16907426   3226387.69
      172.03     1.000000     16907426   3495253.33
      172.03     1.000000     16907426   3813003.64
      172.03     1.000000     16907426   4194304.00
      172.03     1.000000     16907426   4415056.84
      172.03     1.000000     16907426   4660337.78
      172.03     1.000000     16907426   4934475.29
      172.03     1.000000     16907426   5242880.00
      172.03     1.000000     16907426   5592405.33
      172.03     1.000000     16907426   5991862.86
      172.03     1.000000     16907426   6452775.39
      172.03     1.000000     16907426   6990506.67
      172.03     1.000000     16907426   7626007.28
      172.03     1.000000     16907426   8388608.00
      172.03     1.000000     16907426   8830113.68
      172.03     1.000000     16907426   9320675.55
      172.03     1.000000     16907426   9868950.59
      172.03     1.000000     16907426  10485760.00
      172.03     1.000000     16907426  11184810.67
      172.03     1.000000     16907426  11983725.71
      172.03     1.000000     16907426  12905550.76
      172.03     1.000000     16907426  13981013.34
      172.03     1.000000     16907426  15252014.55
      172.03     1.000000     16907426  16777216.00
      173.06     1.000000     16907427  17660227.38
      173.06     1.000000     16907427          inf
#[Mean    =        0.727, StdDeviation   =        0.353]
#[Max     =      173.055, Total count    =     16907427]
#[Buckets =           20, SubBuckets     =          256]
