       Value   Percentile   TotalCount 1/(1-Percentile)

        0.34     0.000000            1         1.00
        1.88     0.050000      2872782         1.05
        1.92     0.100000      6060477         1.11
        1.94     0.150000      8721382         1.18
        1.97     0.200000     11831008         1.25
        1.98     0.250000     14049704         1.33
        2.01     0.300000     17411369         1.43
        2.02     0.350000     19566549         1.54
        2.05     0.400000     22499068         1.67
        2.08     0.450000     25667013         1.82
        2.11     0.500000     27929538         2.00
        2.14     0.525000     29405517         2.11
        2.19     0.550000     30611038         2.22
        2.91     0.575000     32062149         2.35
        3.04     0.600000     33469568         2.50
        3.10     0.625000     34809555         2.67
        3.15     0.650000     36157367         2.86
        3.20     0.675000     37800008         3.08
        3.23     0.700000     39041239         3.33
        3.26     0.725000     40382241         3.64
        3.29     0.750000     41776099         4.00
        3.31     0.762500     42478479         4.21
        3.33     0.775000     43172386         4.44
        3.34     0.787500     43855121         4.71
        3.36     0.800000     44513891         5.00
        3.39     0.812500     45738041         5.33
        3.41     0.825000     46295507         5.71
        3.42     0.837500     46811424         6.15
        3.44     0.850000     47290896         6.67
        3.47     0.862500     48162662         7.27
        3.50     0.875000     48967249         8.00
        3.52     0.881250     49364544         8.42
        3.52     0.887500     49364544         8.89
        3.54     0.893750     49771017         9.41
        3.55     0.900000     50186894        10.00
        3.57     0.906250     50611139        10.67
        3.58     0.912500     51038445        11.43
        3.60     0.918750     51471151        12.31
        3.60     0.925000     51471151        13.33
        3.62     0.931250     51899776        14.55
        3.63     0.937500     52307931        16.00
        3.65     0.940625     52695672        16.84
        3.65     0.943750     52695672        17.78
        3.65     0.946875     52695672        18.82
        3.66     0.950000     53057054        20.00
        3.66     0.953125     53057054        21.33
        3.68     0.956250     53383692        22.86
        3.68     0.959375     53383692        24.62
        3.69     0.962500     53677585        26.67
        3.71     0.965625     53930411        29.09
        3.71     0.968750     53930411        32.00
        3.73     0.970313     54150337        33.68
        3.73     0.971875     54150337        35.56
        3.73     0.973437     54150337        37.65
        3.74     0.975000     54337793        40.00
        3.74     0.976562     54337793        42.67
        3.76     0.978125     54499581        45.71
        3.76     0.979688     54499581        49.23
        3.77     0.981250     54635283        53.33
        3.79     0.982812     54752001        58.18
        3.79     0.984375     54752001        64.00
        3.81     0.985156     54851965        67.37
        3.81     0.985938     54851965        71.11
        3.82     0.986719     54938322        75.29
        3.82     0.987500     54938322        80.00
        3.84     0.988281     55014870        85.33
        3.84     0.989062     55014870        91.43
        3.85     0.989844     55082877        98.46
        3.87     0.990625     55145382       106.67
        3.87     0.991406     55145382       116.36
        3.89     0.992188     55203483       128.00
        3.89     0.992578     55203483       134.74
        3.90     0.992969     55256152       142.22
        3.90     0.993359     55256152       150.59
        3.92     0.993750     55304249       160.00
        3.92     0.994141     55304249       170.67
        3.94     0.994531     55348101       182.86
        3.94     0.994922     55348101       196.92
        3.95     0.995313     55387710       213.33
        3.95     0.995703     55387710       232.73
        3.97     0.996094     55421175       256.00
        3.97     0.996289     55421175       269.47
        3.97     0.996484     55421175       284.44
        3.98     0.996680     55450366       301.18
        3.98     0.996875     55450366       320.00
        3.98     0.997070     55450366       341.33
        4.00     0.997266     55475434       365.71
        4.00     0.997461     55475434       393.85
        4.01     0.997656     55496911       426.67
        4.01     0.997852     55496911       465.45
        4.03     0.998047     55514847       512.00
        4.03     0.998145     55514847       538.95
        4.03     0.998242     55514847       568.89
        4.05     0.998340     55529822       602.35
        4.05     0.998437     55529822       640.00
        4.05     0.998535     55529822       682.67
        4.06     0.998633     55542336       731.43
        4.06     0.998730     55542336       787.69
        4.08     0.998828     55552383       853.33
        4.08     0.998926     55552383       930.91
        4.09     0.999023     55560668      1024.00
        4.09     0.999072     55560668      1077.89
        4.13     0.999121     55572832      1137.78
        4.13     0.999170     55572832      1204.71
        4.13     0.999219     55572832      1280.00
        4.13     0.999268     55572832      1365.33
        4.16     0.999316     55580678      1462.86
        4.16     0.999365     55580678      1575.38
        4.16     0.999414     55580678      1706.67
        4.19     0.999463     55585975      1861.82
        4.19     0.999512     55585975      2048.00
        4.19     0.999536     55585975      2155.79
        4.22     0.999561     55589629      2275.56
        4.22     0.999585     55589629      2409.41
        4.22     0.999609     55589629      2560.00
        4.25     0.999634     55592356      2730.67
        4.25     0.999658     55592356      2925.71
        4.29     0.999683     55594497      3150.77
        4.32     0.999707     55596366      3413.33
        4.32     0.999731     55596366      3723.64
        4.35     0.999756     55597867      4096.00
        4.38     0.999768     55599176      4311.58
        4.38     0.999780     55599176      4551.11
        4.42     0.999792     55600334      4818.82
        4.42     0.999805     55600334      5120.00
        4.45     0.999817     55601364      5461.33
        4.48     0.999829     55602316      5851.43
        4.48     0.999841     55602316      6301.54
        4.51     0.999854     55603222      6826.67
        4.54     0.999866     55603994      7447.27
        4.58     0.999878     55604794      8192.00
        4.58     0.999884     55604794      8623.16
        4.61     0.999890     55605417      9102.22
        4.61     0.999896     55605417      9637.65
        4.64     0.999902     55606071     10240.00
        4.64     0.999908     55606071     10922.67
        4.67     0.999915     55606610     11702.86
        4.67     0.999921     55606610     12603.08
        4.70     0.999927     55607141     13653.33
        4.74     0.999933     55607634     14894.55
        4.74     0.999939     55607634     16384.00
        4.77     0.999942     55608050     17246.32
        4.77     0.999945     55608050     18204.44
        4.80     0.999948     55608435     19275.29
        4.80     0.999951     55608435     20480.00
        4.83     0.999954     55608721     21845.33
        4.83     0.999957     55608721     23405.71
        4.86     0.999960     55608982     25206.15
        4.86     0.999963     55608982     27306.67
        4.89     0.999966     55609201     29789.09
        4.93     0.999969     55609349     32768.00
        4.96     0.999971     55609498     34492.63
        4.96     0.999973     55609498     36408.89
        4.99     0.999974     55609619     38550.59
        5.02     0.999976     55609755     40960.00
        5.02     0.999977     55609755     43690.67
        5.05     0.999979     55609862     46811.43
        5.09     0.999980     55609952     50412.31
        5.12     0.999982     55610044     54613.33
        5.15     0.999983     55610153     59578.18
        5.15     0.999985     55610153     65536.00
        5.18     0.999986     55610219     68985.26
        5.21     0.999986     55610280     72817.78
        5.21     0.999987     55610280     77101.18
        5.25     0.999988     55610328     81920.00
        5.28     0.999989     55610384     87381.33
        5.31     0.999989     55610416     93622.86
        5.38     0.999990     55610470    100824.62
        5.41     0.999991     55610487    109226.67
        5.47     0.999992     55610537    119156.36
        5.54     0.999992     55610589    131072.00
        5.57     0.999993     55610608    137970.53
        5.60     0.999993     55610625    145635.56
        5.63     0.999994     55610649    154202.35
        5.66     0.999994     55610666    163840.00
        5.73     0.999994     55610676    174762.67
        5.86     0.999995     55610699    187245.71
        5.95     0.999995     55610720    201649.23
        6.05     0.999995     55610746    218453.33
        6.08     0.999996     55610763    238312.73
        6.14     0.999996     55610796    262144.00
        6.14     0.999996     55610796    275941.05
        6.17     0.999997     55610805    291271.11
        6.27     0.999997     55610813    308404.71
        6.43     0.999997     55610830    327680.00
        6.46     0.999997     55610836    349525.33
        6.53     0.999997     55610851    374491.43
        6.56     0.999998     55610858    403298.46
        6.62     0.999998     55610876    436906.67
        6.66     0.999998     55610896    476625.45
        6.66     0.999998     55610896    524288.00
        6.66     0.999998     55610896    551882.11
        6.69     0.999998     55610900    582542.22
        6.72     0.999998     55610915    616809.41
        6.72     0.999998     55610915    655360.00
        6.72     0.999999     55610915    699050.67
        6.82     0.999999     55610919    748982.86
        6.97     0.999999     55610925    806596.92
        7.10     0.999999     55610931    873813.33
        7.13     0.999999     55610935    953250.91
        7.26     0.999999     55610942   1048576.00
        7.39     0.999999     55610946   1103764.21
        7.39     0.999999     55610946   1165084.44
        7.42     0.999999     55610950   1233618.82
        7.46     0.999999     55610954   1310720.00
        7.46     0.999999     55610954   1398101.33
        7.58     0.999999     55610958   1497965.71
        7.84     0.999999     55610959   1613193.85
        7.87     0.999999     55610964   1747626.67
        7.87     0.999999     55610964   1906501.82
        7.90     1.000000     55610969   2097152.00
        7.90     1.000000     55610969   2207528.42
        7.93     1.000000     55610973   2330168.89
        7.93     1.000000     55610973   2467237.65
        7.93     1.000000     55610973   2621440.00
        7.97     1.000000     55610977   2796202.67
        7.97     1.000000     55610977   2995931.43
        7.97     1.000000     55610977   3226387.69
        8.00     1.000000     55610978   3495253.33
        8.03     1.000000     55610982   3813003.64
        8.03     1.000000     55610982   4194304.00
        8.03     1.000000     55610982   4415056.84
        8.03     1.000000     55610982   4660337.78
        8.03     1.000000     55610982   4934475.29
        8.06     1.000000     55610983   5242880.00
        8.10     1.000000     55610988   5592405.33
        8.10     1.000000     55610988   5991862.86
        8.10     1.000000     55610988   6452775.39
        8.10     1.000000     55610988   6990506.67
        8.10     1.000000     55610988   7626007.28
        8.10     1.000000     55610988   8388608.00
        8.10     1.000000     55610988   8830113.68
        8.10     1.000000     55610988   9320675.55
        8.10     1.000000     55610988   9868950.59
        8.10     1.000000     55610988  10485760.00
        8.32     1.000000     55610989  11184810.67
        8.32     1.000000     55610989  11983725.71
        8.32     1.000000     55610989  12905550.76
        8.38     1.000000     55610992  13981013.34
        8.38     1.000000     55610992  15252014.55
        8.38     1.000000     55610992  16777216.00
        8.38     1.000000     55610992  17660227.38
        8.38     1.000000     55610992  18641351.10
        8.38     1.000000     55610992  19737901.19
        8.38     1.000000     55610992  20971519.98
        8.38     1.000000     55610992  22369621.33
        8.38     1.000000     55610992  23967451.45
        8.38     1.000000     55610992  25811101.52
        8.38     1.000000     55610992  27962026.68
        8.38     1.000000     55610992  30504029.05
        8.38     1.000000     55610992  33554432.00
        8.38     1.000000     55610992  35320454.76
        8.38     1.000000     55610992  37282702.28
        8.38     1.000000     55610992  39475802.28
        8.38     1.000000     55610992  41943039.96
        8.38     1.000000     55610992  44739242.67
        8.38     1.000000     55610992  47934902.91
        8.38     1.000000     55610992  51622203.20
        8.45     1.000000     55610993  55924053.19
        8.45     1.000000     55610993          inf
#[Mean    =        2.588, StdDeviation   =        0.695]
#[Max     =        8.447, Total count    =     55610993]
#[Buckets =           20, SubBuckets     =          256]
