       Value   Percentile   TotalCount 1/(1-Percentile)

        0.02     0.000000        12494         1.00
        0.37     0.050000      1711118         1.05
        0.61     0.100000      3418400         1.11
        0.69     0.150000      5265957         1.18
        0.71     0.200000      7169662         1.25
        0.72     0.250000      8686744         1.33
        0.73     0.300000     10614672         1.43
        0.73     0.350000     12941568         1.54
        0.74     0.400000     15622329         1.67
        0.74     0.450000     15622329         1.82
        0.75     0.500000     18606798         2.00
        0.75     0.525000     18606798         2.11
        0.75     0.550000     18606798         2.22
        0.76     0.575000     21634132         2.35
        0.76     0.600000     21634132         2.50
        0.76     0.625000     21634132         2.67
        0.77     0.650000     24359468         2.86
        0.77     0.675000     24359468         3.08
        0.77     0.700000     24359468         3.33
        0.78     0.725000     26449812         3.64
        0.78     0.750000     26449812         4.00
        0.78     0.762500     26449812         4.21
        0.78     0.775000     26449812         4.44
        0.78     0.787500     27798098         4.71
        0.78     0.800000     27798098         5.00
        0.78     0.812500     27798098         5.33
        0.79     0.825000     28570841         5.71
        0.79     0.837500     28570841         6.15
        0.80     0.850000     29004444         6.67
        0.81     0.862500     29285607         7.27
        0.82     0.875000     29759671         8.00
        0.83     0.881250     30008103         8.42
        0.84     0.887500     30275059         8.89
        0.84     0.893750     30275059         9.41
        0.85     0.900000     30552220        10.00
        0.85     0.906250     30831210        10.67
        0.86     0.912500     31104991        11.43
        0.86     0.918750     31104991        12.31
        0.87     0.925000     31367454        13.33
        0.88     0.931250     31607278        14.55
        0.89     0.937500     31807336        16.00
        0.89     0.940625     31807336        16.84
        0.90     0.943750     31963978        17.78
        0.90     0.946875     32092204        18.82
        0.91     0.950000     32190438        20.00
        0.92     0.953125     32269916        21.33
        0.93     0.956250     32337119        22.86
        0.95     0.959375     32484825        24.62
        0.97     0.962500     32562710        26.67
        0.99     0.965625     32671019        29.09
        1.01     0.968750     32765650        32.00
        1.03     0.970313     32821298        33.68
        1.05     0.971875     32870096        35.56
        1.07     0.973437     32924898        37.65
        1.11     0.975000     32972534        40.00
        1.20     0.976562     33024779        42.67
        1.30     0.978125     33078290        45.71
        1.38     0.979688     33128210        49.23
        1.42     0.981250     33192330        53.33
        1.44     0.982812     33252936        58.18
        1.46     0.984375     33303288        64.00
        1.46     0.985156     33331330        67.37
        1.47     0.985938     33361319        71.11
        1.48     0.986719     33392617        75.29
        1.48     0.987500     33392617        80.00
        1.49     0.988281     33426177        85.33
        1.50     0.989062     33461425        91.43
        1.50     0.989844     33497989        98.46
        1.50     0.990625     33497989       106.67
        1.51     0.991406     33535062       116.36
        1.52     0.992188     33570832       128.00
        1.52     0.992578     33570832       134.74
        1.53     0.992969     33604457       142.22
        1.53     0.993359     33604457       150.59
        1.53     0.993750     33604457       160.00
        1.53     0.994141     33634609       170.67
        1.53     0.994531     33634609       182.86
        1.54     0.994922     33659941       196.92
        1.54     0.995313     33659941       213.33
        1.55     0.995703     33680641       232.73
        1.56     0.996094     33696748       256.00
        1.56     0.996289     33696748       269.47
        1.56     0.996484     33696748       284.44
        1.57     0.996680     33709229       301.18
        1.57     0.996875     33709229       320.00
        1.57     0.997070     33718493       341.33
        1.58     0.997266     33725410       365.71
        1.59     0.997461     33730778       393.85
        1.61     0.997656     33738612       426.67
        1.62     0.997852     33745023       465.45
        1.64     0.998047     33751250       512.00
        1.65     0.998145     33754450       538.95
        1.66     0.998242     33757439       568.89
        1.66     0.998340     33760517       602.35
        1.67     0.998437     33763743       640.00
        1.68     0.998535     33766924       682.67
        1.69     0.998633     33770119       731.43
        1.70     0.998730     33773383       787.69
        1.70     0.998828     33776591       853.33
        1.71     0.998926     33779863       930.91
        1.72     0.999023     33782930      1024.00
        1.73     0.999072     33786011      1077.89
        1.73     0.999121     33786011      1137.78
        1.74     0.999170     33788833      1204.71
        1.74     0.999219     33788833      1280.00
        1.74     0.999268     33791474      1365.33
        1.74     0.999316     33791474      1462.86
        1.75     0.999365     33793949      1575.38
        1.76     0.999414     33796149      1706.67
        1.77     0.999463     33798110      1861.82
        1.77     0.999512     33798110      2048.00
        1.77     0.999536     33799856      2155.79
        1.77     0.999561     33799856      2275.56
        1.78     0.999585     33801465      2409.41
        1.78     0.999609     33801465      2560.00
        1.79     0.999634     33802790      2730.67
        1.80     0.999658     33803886      2925.71
        1.80     0.999683     33803886      3150.77
        1.81     0.999707     33804900      3413.33
        1.81     0.999731     33805829      3723.64
        1.82     0.999756     33806626      4096.00
        1.83     0.999768     33807343      4311.58
        1.83     0.999780     33807343      4551.11
        1.84     0.999792     33807977      4818.82
        1.84     0.999805     33807977      5120.00
        1.85     0.999817     33808637      5461.33
        1.85     0.999829     33809210      5851.43
        1.85     0.999841     33809210      6301.54
        1.86     0.999854     33809700      6826.67
        1.87     0.999866     33810172      7447.27
        1.88     0.999878     33810578      8192.00
        1.89     0.999884     33810917      8623.16
        1.89     0.999890     33810917      9102.22
        1.90     0.999896     33811198      9637.65
        1.90     0.999902     33811480     10240.00
        1.90     0.999908     33811480     10922.67
        1.91     0.999915     33811729     11702.86
        1.92     0.999921     33811926     12603.08
        1.93     0.999927     33812113     13653.33
        1.94     0.999933     33812298     14894.55
        1.94     0.999939     33812483     16384.00
        1.95     0.999942     33812677     17246.32
        1.95     0.999945     33812677     18204.44
        1.96     0.999948     33812856     19275.29
        1.97     0.999951     33812986     20480.00
        1.97     0.999954     33812986     21845.33
        1.98     0.999957     33813095     23405.71
        1.99     0.999960     33813234     25206.15
        2.00     0.999963     33813296     27306.67
        2.02     0.999966     33813388     29789.09
        2.03     0.999969     33813493     32768.00
        2.05     0.999971     33813569     34492.63
        2.06     0.999973     33813627     36408.89
        2.08     0.999974     33813670     38550.59
        2.10     0.999976     33813701     40960.00
        2.13     0.999977     33813766     43690.67
        2.16     0.999979     33813823     46811.43
        2.17     0.999980     33813851     50412.31
        2.21     0.999982     33813903     54613.33
        2.24     0.999983     33813972     59578.18
        2.27     0.999985     33814026     65536.00
        2.29     0.999986     33814061     68985.26
        2.29     0.999986     33814061     72817.78
        2.30     0.999987     33814081     77101.18
        2.32     0.999988     33814111     81920.00
        2.33     0.999989     33814138     87381.33
        2.35     0.999989     33814159     93622.86
        2.38     0.999990     33814194    100824.62
        2.42     0.999991     33814216    109226.67
        2.45     0.999992     33814238    119156.36
        2.54     0.999992     33814263    131072.00
        2.61     0.999993     33814275    137970.53
        2.65     0.999993     33814287    145635.56
        2.83     0.999994     33814300    154202.35
        3.10     0.999994     33814313    163840.00
       80.89     0.999994     33814362    174762.67
       80.89     0.999995     33814362    187245.71
       80.89     0.999995     33814362    201649.23
       81.41     0.999995     33814393    218453.33
       81.41     0.999996     33814393    238312.73
       81.41     0.999996     33814393    262144.00
       81.92     0.999996     33814409    275941.05
       81.92     0.999997     33814409    291271.11
       81.92     0.999997     33814409    308404.71
       82.43     0.999997     33814418    327680.00
      171.01     0.999997     33814514    349525.33
      171.01     0.999997     33814514    374491.43
      171.01     0.999998     33814514    403298.46
      171.01     0.999998     33814514    436906.67
      171.01     0.999998     33814514    476625.45
      171.01     0.999998     33814514    524288.00
      171.01     0.999998     33814514    551882.11
      171.01     0.999998     33814514    582542.22
      171.01     0.999998     33814514    616809.41
      171.01     0.999998     33814514    655360.00
      171.01     0.999999     33814514    699050.67
      171.01     0.999999     33814514    748982.86
      171.01     0.999999     33814514    806596.92
      171.01     0.999999     33814514    873813.33
      171.01     0.999999     33814514    953250.91
      171.01     0.999999     33814514   1048576.00
      171.01     0.999999     33814514   1103764.21
      171.01     0.999999     33814514   1165084.44
      171.01     0.999999     33814514   1233618.82
      171.01     0.999999     33814514   1310720.00
      171.01     0.999999     33814514   1398101.33
      171.01     0.999999     33814514   1497965.71
      171.01     0.999999     33814514   1613193.85
      171.01     0.999999     33814514   1747626.67
      171.01     0.999999     33814514   1906501.82
      171.01     1.000000     33814514   2097152.00
      171.01     1.000000     33814514   2207528.42
      171.01     1.000000     33814514   2330168.89
      171.01     1.000000     33814514   2467237.65
      171.01     1.000000     33814514   2621440.00
      171.01     1.000000     33814514   2796202.67
      171.01     1.000000     33814514   2995931.43
      171.01     1.000000     33814514   3226387.69
      171.01     1.000000     33814514   3495253.33
      171.01     1.000000     33814514   3813003.64
      171.01     1.000000     33814514   4194304.00
      171.01     1.000000     33814514   4415056.84
      171.01     1.000000     33814514   4660337.78
      171.01     1.000000     33814514   4934475.29
      171.01     1.000000     33814514   5242880.00
      171.01     1.000000     33814514   5592405.33
      171.01     1.000000     33814514   5991862.86
      171.01     1.000000     33814514   6452775.39
      171.01     1.000000     33814514   6990506.67
      171.01     1.000000     33814514   7626007.28
      171.01     1.000000     33814514   8388608.00
      172.03     1.000000     33814518   8830113.68
      172.03     1.000000     33814518          inf
#[Mean    =        0.737, StdDeviation   =        0.374]
#[Max     =      172.031, Total count    =     33814518]
#[Buckets =           20, SubBuckets     =          256]
