       Value   Percentile   TotalCount 1/(1-Percentile)

        0.02     0.000000         9664         1.00
        0.39     0.050000       846235         1.05
        0.61     0.100000      1721308         1.11
        0.69     0.150000      2613278         1.18
        0.71     0.200000      3576891         1.25
        0.72     0.250000      4352884         1.33
        0.73     0.300000      5343214         1.43
        0.73     0.350000      6548932         1.54
        0.74     0.400000      7941504         1.67
        0.74     0.450000      7941504         1.82
        0.75     0.500000      9475474         2.00
        0.75     0.525000      9475474         2.11
        0.75     0.550000      9475474         2.22
        0.76     0.575000     10985725         2.35
        0.76     0.600000     10985725         2.50
        0.76     0.625000     10985725         2.67
        0.77     0.650000     12313088         2.86
        0.77     0.675000     12313088         3.08
        0.77     0.700000     12313088         3.33
        0.77     0.725000     12313088         3.64
        0.78     0.750000     13320243         4.00
        0.78     0.762500     13320243         4.21
        0.78     0.775000     13320243         4.44
        0.78     0.787500     13320243         4.71
        0.78     0.800000     13969015         5.00
        0.78     0.812500     13969015         5.33
        0.78     0.825000     13969015         5.71
        0.79     0.837500     14343946         6.15
        0.80     0.850000     14556931         6.67
        0.81     0.862500     14696187         7.27
        0.81     0.875000     14816364         8.00
        0.82     0.881250     14933177         8.42
        0.83     0.887500     15056976         8.89
        0.84     0.893750     15189886         9.41
        0.85     0.900000     15327940        10.00
        0.85     0.906250     15327940        10.67
        0.85     0.912500     15466821        11.43
        0.86     0.918750     15602080        12.31
        0.87     0.925000     15731229        13.33
        0.88     0.931250     15848633        14.55
        0.89     0.937500     15946163        16.00
        0.89     0.940625     15946163        16.84
        0.90     0.943750     16021814        17.78
        0.90     0.946875     16021814        18.82
        0.90     0.950000     16082913        20.00
        0.91     0.953125     16129549        21.33
        0.93     0.956250     16199416        22.86
        0.94     0.959375     16225332        24.62
        0.96     0.962500     16287771        26.67
        0.98     0.965625     16339789        29.09
        1.01     0.968750     16386925        32.00
        1.02     0.970313     16414146        33.68
        1.04     0.971875     16438369        35.56
        1.06     0.973437     16466173        37.65
        1.09     0.975000     16487526        40.00
        1.18     0.976562     16512127        42.67
        1.28     0.978125     16538261        45.71
        1.37     0.979688     16563880        49.23
        1.41     0.981250     16590739        53.33
        1.43     0.982812     16617443        58.18
        1.46     0.984375     16653678        64.00
        1.46     0.985156     16667637        67.37
        1.47     0.985938     16682651        71.11
        1.48     0.986719     16698425        75.29
        1.48     0.987500     16698425        80.00
        1.49     0.988281     16715199        85.33
        1.50     0.989062     16732935        91.43
        1.50     0.989844     16751270        98.46
        1.50     0.990625     16751270       106.67
        1.51     0.991406     16769802       116.36
        1.52     0.992188     16787532       128.00
        1.52     0.992578     16787532       134.74
        1.53     0.992969     16804385       142.22
        1.53     0.993359     16804385       150.59
        1.53     0.993750     16804385       160.00
        1.53     0.994141     16819155       170.67
        1.53     0.994531     16819155       182.86
        1.54     0.994922     16831632       196.92
        1.54     0.995313     16831632       213.33
        1.55     0.995703     16841766       232.73
        1.55     0.996094     16841766       256.00
        1.56     0.996289     16849542       269.47
        1.56     0.996484     16849542       284.44
        1.57     0.996680     16855632       301.18
        1.57     0.996875     16855632       320.00
        1.57     0.997070     16860078       341.33
        1.58     0.997266     16863430       365.71
        1.59     0.997461     16866012       393.85
        1.60     0.997656     16867997       426.67
        1.61     0.997852     16871475       465.45
        1.63     0.998047     16874610       512.00
        1.64     0.998145     16876188       538.95
        1.65     0.998242     16877769       568.89
        1.66     0.998340     16879239       602.35
        1.67     0.998437     16882359       640.00
        1.68     0.998535     16883951       682.67
        1.69     0.998633     16885491       731.43
        1.70     0.998730     16887142       787.69
        1.70     0.998828     16888715       853.33
        1.71     0.998926     16890326       930.91
        1.72     0.999023     16891817      1024.00
        1.72     0.999072     16891817      1077.89
        1.73     0.999121     16893325      1137.78
        1.73     0.999170     16893325      1204.71
        1.74     0.999219     16894700      1280.00
        1.74     0.999268     16895969      1365.33
        1.74     0.999316     16895969      1462.86
        1.75     0.999365     16897186      1575.38
        1.76     0.999414     16898266      1706.67
        1.76     0.999463     16898266      1861.82
        1.77     0.999512     16899220      2048.00
        1.77     0.999536     16900122      2155.79
        1.77     0.999561     16900122      2275.56
        1.78     0.999585     16900912      2409.41
        1.78     0.999609     16900912      2560.00
        1.79     0.999634     16901557      2730.67
        1.79     0.999658     16901557      2925.71
        1.80     0.999683     16902098      3150.77
        1.81     0.999707     16902595      3413.33
        1.81     0.999731     16903039      3723.64
        1.82     0.999756     16903423      4096.00
        1.82     0.999768     16903423      4311.58
        1.83     0.999780     16903782      4551.11
        1.83     0.999792     16903782      4818.82
        1.84     0.999805     16904080      5120.00
        1.85     0.999817     16904401      5461.33
        1.85     0.999829     16904401      5851.43
        1.85     0.999841     16904687      6301.54
        1.86     0.999854     16904925      6826.67
        1.87     0.999866     16905156      7447.27
        1.88     0.999878     16905334      8192.00
        1.88     0.999884     16905334      8623.16
        1.89     0.999890     16905501      9102.22
        1.89     0.999896     16905501      9637.65
        1.90     0.999902     16905640     10240.00
        1.90     0.999908     16905780     10922.67
        1.91     0.999915     16905906     11702.86
        1.91     0.999921     16905906     12603.08
        1.93     0.999927     16906081     13653.33
        1.94     0.999933     16906167     14894.55
        1.94     0.999939     16906255     16384.00
        1.94     0.999942     16906255     17246.32
        1.95     0.999945     16906355     18204.44
        1.96     0.999948     16906435     19275.29
        1.96     0.999951     16906435     20480.00
        1.97     0.999954     16906494     21845.33
        1.98     0.999957     16906546     23405.71
        1.98     0.999960     16906577     25206.15
        2.00     0.999963     16906624     27306.67
        2.02     0.999966     16906698     29789.09
        2.03     0.999969     16906722     32768.00
        2.05     0.999971     16906752     34492.63
        2.06     0.999973     16906786     36408.89
        2.08     0.999974     16906809     38550.59
        2.10     0.999976     16906823     40960.00
        2.13     0.999977     16906849     43690.67
        2.17     0.999979     16906888     46811.43
        2.19     0.999980     16906904     50412.31
        2.22     0.999982     16906932     54613.33
        2.25     0.999983     16906960     59578.18
        2.29     0.999985     16906993     65536.00
        2.29     0.999986     16906993     68985.26
        2.30     0.999986     16907008     72817.78
        2.32     0.999987     16907023     77101.18
        2.33     0.999988     16907040     81920.00
        2.35     0.999989     16907048     87381.33
        2.38     0.999989     16907060     93622.86
        2.42     0.999990     16907069    100824.62
        2.48     0.999991     16907087    109226.67
        2.54     0.999992     16907096    119156.36
        2.64     0.999992     16907107    131072.00
        2.75     0.999993     16907113    137970.53
        2.86     0.999993     16907119    145635.56
        3.73     0.999994     16907126    154202.35
       80.89     0.999994     16907147    163840.00
       80.89     0.999994     16907147    174762.67
       80.89     0.999995     16907147    187245.71
       81.41     0.999995     16907163    201649.23
       81.41     0.999995     16907163    218453.33
       81.92     0.999996     16907173    238312.73
       81.92     0.999996     16907173    262144.00
       82.43     0.999996     16907181    275941.05
       82.43     0.999997     16907181    291271.11
       82.43     0.999997     16907181    308404.71
      171.01     0.999997     16907233    327680.00
      171.01     0.999997     16907233    349525.33
      171.01     0.999997     16907233    374491.43
      171.01     0.999998     16907233    403298.46
      171.01     0.999998     16907233    436906.67
      171.01     0.999998     16907233    476625.45
      171.01     0.999998     16907233    524288.00
      171.01     0.999998     16907233    551882.11
      171.01     0.999998     16907233    582542.22
      171.01     0.999998     16907233    616809.41
      171.01     0.999998     16907233    655360.00
      171.01     0.999999     16907233    699050.67
      171.01     0.999999     16907233    748982.86
      171.01     0.999999     16907233    806596.92
      171.01     0.999999     16907233    873813.33
      171.01     0.999999     16907233    953250.91
      171.01     0.999999     16907233   1048576.00
      171.01     0.999999     16907233   1103764.21
      171.01     0.999999     16907233   1165084.44
      171.01     0.999999     16907233   1233618.82
      171.01     0.999999     16907233   1310720.00
      171.01     0.999999     16907233   1398101.33
      171.01     0.999999     16907233   1497965.71
      171.01     0.999999     16907233   1613193.85
      171.01     0.999999     16907233   1747626.67
      171.01     0.999999     16907233   1906501.82
      171.01     1.000000     16907233   2097152.00
      171.01     1.000000     16907233   2207528.42
      171.01     1.000000     16907233   2330168.89
      171.01     1.000000     16907233   2467237.65
      171.01     1.000000     16907233   2621440.00
      171.01     1.000000     16907233   2796202.67
      171.01     1.000000     16907233   2995931.43
      171.01     1.000000     16907233   3226387.69
      171.01     1.000000     16907233   3495253.33
      171.01     1.000000     16907233   3813003.64
      171.01     1.000000     16907233   4194304.00
      171.01     1.000000     16907233   4415056.84
      171.01     1.000000     16907233   4660337.78
      171.01     1.000000     16907233   4934475.29
      171.01     1.000000     16907233   5242880.00
      171.01     1.000000     16907233   5592405.33
      171.01     1.000000     16907233   5991862.86
      171.01     1.000000     16907233   6452775.39
      171.01     1.000000     16907233   6990506.67
      171.01     1.000000     16907233   7626007.28
      171.01     1.000000     16907233   8388608.00
      172.03     1.000000     16907235   8830113.68
      172.03     1.000000     16907235          inf
#[Mean    =        0.737, StdDeviation   =        0.384]
#[Max     =      172.031, Total count    =     16907235]
#[Buckets =           20, SubBuckets     =          256]
