info
calls
23
histogram_usec
33
21
264
23
dbsize
calls
1
histogram_usec
2
1
latency|latest
calls
2
histogram_usec
4
2
latency|histogram
calls
1
histogram_usec
132
1
bgsave
calls
2
histogram_usec
135266
1
270532
2
ping
calls
1
histogram_usec
16
1
get
calls
16907847
histogram_usec
1
12748162
2
16796239
4
16901877
8
16906549
16
16907417
33
16907825
66
16907841
264
16907843
528
16907845
1056
16907847
set
calls
16907896
histogram_usec
1
13114095
2
16707606
4
16895565
8
16905831
16
16907430
33
16907869
66
16907893
264
16907894
528
16907896
