       Value   Percentile   TotalCount 1/(1-Percentile)

        0.02     0.000000         6360         1.00
        0.47     0.050000       707574         1.05
        0.72     0.100000      1422513         1.11
        0.78     0.150000      2301747         1.18
        0.80     0.200000      3090042         1.25
        0.81     0.250000      3633289         1.33
        0.81     0.300000      4282458         1.43
        0.82     0.350000      5023046         1.54
        0.83     0.400000      5828707         1.67
        0.84     0.450000      6682048         1.82
        0.85     0.500000      7541317         2.00
        0.85     0.525000      7541317         2.11
        0.85     0.550000      8372738         2.22
        0.85     0.575000      8372738         2.35
        0.86     0.600000      9165637         2.50
        0.86     0.625000      9165637         2.67
        0.86     0.650000      9165637         2.86
        0.87     0.675000      9883817         3.08
        0.87     0.700000      9883817         3.33
        0.88     0.725000     10523361         3.64
        0.89     0.750000     11080953         4.00
        0.89     0.762500     11080953         4.21
        0.89     0.775000     11080953         4.44
        0.90     0.787500     11563425         4.71
        0.90     0.800000     11563425         5.00
        0.90     0.812500     11563425         5.33
        0.90     0.825000     11964848         5.71
        0.90     0.837500     11964848         6.15
        0.91     0.850000     12298415         6.67
        0.91     0.862500     12298415         7.27
        0.92     0.875000     12573049         8.00
        0.92     0.881250     12573049         8.42
        0.92     0.887500     12573049         8.89
        0.93     0.893750     12793650         9.41
        0.93     0.900000     12793650        10.00
        0.93     0.906250     12793650        10.67
        0.94     0.912500     12967595        11.43
        0.94     0.918750     12967595        12.31
        0.94     0.925000     13100276        13.33
        0.95     0.931250     13202042        14.55
        0.96     0.937500     13280140        16.00
        0.96     0.940625     13280140        16.84
        0.97     0.943750     13337381        17.78
        0.97     0.946875     13381293        18.82
        0.98     0.950000     13415263        20.00
        0.99     0.953125     13441106        21.33
        1.01     0.956250     13476814        22.86
        1.04     0.959375     13520904        24.62
        1.09     0.962500     13560270        26.67
        1.15     0.965625     13607623        29.09
        1.20     0.968750     13651105        32.00
        1.22     0.970313     13673265        33.68
        1.25     0.971875     13693166        35.56
        1.28     0.973437     13715574        37.65
        1.32     0.975000     13736629        40.00
        1.39     0.976562     13757686        42.67
        1.53     0.978125     13781196        45.71
        1.58     0.979688     13802824        49.23
        1.61     0.981250     13829369        53.33
        1.63     0.982812     13846778        58.18
        1.66     0.984375     13877242        64.00
        1.66     0.985156     13888346        67.37
        1.67     0.985938     13899714        71.11
        1.68     0.986719     13911134        75.29
        1.69     0.987500     13922547        80.00
        1.69     0.988281     13922547        85.33
        1.70     0.989062     13933870        91.43
        1.70     0.989844     13944954        98.46
        1.71     0.990625     13955525       106.67
        1.73     0.991406     13975378       116.36
        1.74     0.992188     13984318       128.00
        1.74     0.992578     13984318       134.74
        1.74     0.992969     13992815       142.22
        1.75     0.993359     14000774       150.59
        1.75     0.993750     14000774       160.00
        1.76     0.994141     14008122       170.67
        1.77     0.994531     14014910       182.86
        1.77     0.994922     14021267       196.92
        1.78     0.995313     14027045       213.33
        1.78     0.995703     14027045       232.73
        1.80     0.996094     14037173       256.00
        1.80     0.996289     14037173       269.47
        1.81     0.996484     14041538       284.44
        1.81     0.996680     14041538       301.18
        1.81     0.996875     14045321       320.00
        1.82     0.997070     14048779       341.33
        1.83     0.997266     14051744       365.71
        1.83     0.997461     14051744       393.85
        1.85     0.997656     14056564       426.67
        1.85     0.997852     14058487       465.45
        1.86     0.998047     14060148       512.00
        1.87     0.998145     14061485       538.95
        1.89     0.998242     14063337       568.89
        1.90     0.998340     14064483       602.35
        1.93     0.998437     14065601       640.00
        1.96     0.998535     14066978       682.67
        1.98     0.998633     14068419       731.43
        2.00     0.998730     14070288       787.69
        2.01     0.998828     14071445       853.33
        2.02     0.998926     14072632       930.91
        2.02     0.999023     14073910      1024.00
        2.03     0.999072     14075121      1077.89
        2.03     0.999121     14075121      1137.78
        2.04     0.999170     14076427      1204.71
        2.05     0.999219     14077570      1280.00
        2.05     0.999268     14077570      1365.33
        2.06     0.999316     14079804      1462.86
        2.06     0.999365     14079804      1575.38
        2.06     0.999414     14079804      1706.67
        2.08     0.999463     14081844      1861.82
        2.08     0.999512     14081844      2048.00
        2.08     0.999536     14081844      2155.79
        2.08     0.999561     14081844      2275.56
        2.08     0.999585     14081844      2409.41
        2.10     0.999609     14083460      2560.00
        2.10     0.999634     14083460      2730.67
        2.10     0.999658     14083460      2925.71
        2.10     0.999683     14083460      3150.77
        2.10     0.999707     14083460      3413.33
        2.11     0.999731     14084190      3723.64
        2.11     0.999756     14084190      4096.00
        2.11     0.999768     14084190      4311.58
        2.13     0.999780     14084757      4551.11
        2.13     0.999792     14084757      4818.82
        2.13     0.999805     14084757      5120.00
        2.14     0.999817     14085093      5461.33
        2.14     0.999829     14085093      5851.43
        2.16     0.999841     14085273      6301.54
        2.19     0.999854     14085390      6826.67
        2.27     0.999866     14085557      7447.27
        2.37     0.999878     14085747      8192.00
        2.40     0.999884     14085853      8623.16
        2.42     0.999890     14085901      9102.22
        2.45     0.999896     14086007      9637.65
        2.48     0.999902     14086114     10240.00
        2.51     0.999908     14086183     10922.67
        2.56     0.999915     14086259     11702.86
        2.64     0.999921     14086341     12603.08
        2.75     0.999927     14086425     13653.33
        2.80     0.999933     14086530     14894.55
        2.83     0.999939     14086605     16384.00
        2.85     0.999942     14086654     17246.32
        2.86     0.999945     14086709     18204.44
        2.88     0.999948     14086785     19275.29
        2.88     0.999951     14086785     20480.00
        2.90     0.999954     14086862     21845.33
        2.90     0.999957     14086862     23405.71
        2.91     0.999960     14086950     25206.15
        2.91     0.999963     14086950     27306.67
        2.93     0.999966     14087032     29789.09
        2.93     0.999969     14087032     32768.00
        2.94     0.999971     14087093     34492.63
        2.94     0.999973     14087093     36408.89
        2.94     0.999974     14087093     38550.59
        2.96     0.999976     14087156     40960.00
        2.96     0.999977     14087156     43690.67
        2.96     0.999979     14087156     46811.43
        2.98     0.999980     14087214     50412.31
        2.98     0.999982     14087214     54613.33
        2.98     0.999983     14087214     59578.18
        2.99     0.999985     14087253     65536.00
        2.99     0.999986     14087253     68985.26
        2.99     0.999986     14087253     72817.78
        3.01     0.999987     14087292     77101.18
        3.01     0.999988     14087292     81920.00
        3.01     0.999989     14087292     87381.33
        3.02     0.999989     14087314     93622.86
        3.02     0.999990     14087314    100824.62
        3.04     0.999991     14087321    109226.67
        3.06     0.999992     14087332    119156.36
        3.12     0.999992     14087339    131072.00
        3.23     0.999993     14087344    137970.53
       12.03     0.999993     14087353    145635.56
       12.10     0.999994     14087378    154202.35
       12.10     0.999994     14087378    163840.00
       12.10     0.999994     14087378    174762.67
       12.10     0.999995     14087378    187245.71
       12.10     0.999995     14087378    201649.23
       12.16     0.999995     14087400    218453.33
       12.16     0.999996     14087400    238312.73
       12.16     0.999996     14087400    262144.00
       12.16     0.999996     14087400    275941.05
       12.16     0.999997     14087400    291271.11
       12.99     0.999997     14087401    308404.71
       50.17     0.999997     14087445    327680.00
       50.17     0.999997     14087445    349525.33
       50.17     0.999997     14087445    374491.43
       50.17     0.999998     14087445    403298.46
       50.17     0.999998     14087445    436906.67
       50.17     0.999998     14087445    476625.45
       50.17     0.999998     14087445    524288.00
       50.17     0.999998     14087445    551882.11
       50.17     0.999998     14087445    582542.22
       50.17     0.999998     14087445    616809.41
       50.17     0.999998     14087445    655360.00
       50.17     0.999999     14087445    699050.67
       50.17     0.999999     14087445    748982.86
       50.17     0.999999     14087445    806596.92
       50.17     0.999999     14087445    873813.33
       50.17     0.999999     14087445    953250.91
       50.17     0.999999     14087445   1048576.00
       50.17     0.999999     14087445   1103764.21
       50.17     0.999999     14087445   1165084.44
       50.17     0.999999     14087445   1233618.82
       50.17     0.999999     14087445   1310720.00
       50.17     0.999999     14087445   1398101.33
       50.17     0.999999     14087445   1497965.71
       50.17     0.999999     14087445   1613193.85
       50.17     0.999999     14087445   1747626.67
       50.17     0.999999     14087445   1906501.82
       50.17     1.000000     14087445   2097152.00
       50.17     1.000000     14087445   2207528.42
       50.17     1.000000     14087445   2330168.89
       50.17     1.000000     14087445   2467237.65
       50.17     1.000000     14087445   2621440.00
       50.17     1.000000     14087445   2796202.67
       50.17     1.000000     14087445   2995931.43
       50.17     1.000000     14087445   3226387.69
       50.17     1.000000     14087445   3495253.33
       50.17     1.000000     14087445   3813003.64
       50.17     1.000000     14087445   4194304.00
       50.17     1.000000     14087445   4415056.84
       50.17     1.000000     14087445   4660337.78
       50.17     1.000000     14087445   4934475.29
       50.17     1.000000     14087445   5242880.00
       50.17     1.000000     14087445   5592405.33
       50.17     1.000000     14087445   5991862.86
       50.17     1.000000     14087445   6452775.39
       50.17     1.000000     14087445   6990506.67
       50.17     1.000000     14087445   7626007.28
       50.17     1.000000     14087445   8388608.00
       50.17     1.000000     14087445   8830113.68
       50.17     1.000000     14087445   9320675.55
       50.17     1.000000     14087445   9868950.59
       50.17     1.000000     14087445  10485760.00
       50.17     1.000000     14087445  11184810.67
       50.17     1.000000     14087445  11983725.71
       50.17     1.000000     14087445  12905550.76
       50.17     1.000000     14087445  13981013.34
       51.20     1.000000     14087446  15252014.55
       51.20     1.000000     14087446          inf
#[Mean    =        0.833, StdDeviation   =        0.229]
#[Max     =       51.199, Total count    =     14087446]
#[Buckets =           20, SubBuckets     =          256]
