       Value   Percentile   TotalCount 1/(1-Percentile)

        0.01     0.000000            1         1.00
        0.47     0.050000      1413245         1.05
        0.72     0.100000      2817075         1.11
        0.78     0.150000      4630658         1.18
        0.80     0.200000      6171329         1.25
        0.81     0.250000      7212000         1.33
        0.82     0.300000      9807831         1.43
        0.83     0.350000     11298165         1.54
        0.83     0.400000     11298165         1.67
        0.84     0.450000     12881912         1.82
        0.85     0.500000     14489347         2.00
        0.85     0.525000     16067111         2.11
        0.85     0.550000     16067111         2.22
        0.86     0.575000     17559541         2.35
        0.86     0.600000     17559541         2.50
        0.87     0.625000     18965667         2.67
        0.87     0.650000     18965667         2.86
        0.88     0.675000     20219720         3.08
        0.88     0.700000     20219720         3.33
        0.89     0.725000     21349351         3.64
        0.89     0.750000     21349351         4.00
        0.90     0.762500     22346183         4.21
        0.90     0.775000     22346183         4.44
        0.90     0.787500     22346183         4.71
        0.90     0.800000     23204519         5.00
        0.90     0.812500     23204519         5.33
        0.91     0.825000     23929693         5.71
        0.91     0.837500     23929693         6.15
        0.92     0.850000     24540158         6.67
        0.92     0.862500     24540158         7.27
        0.93     0.875000     25048725         8.00
        0.93     0.881250     25048725         8.42
        0.93     0.887500     25048725         8.89
        0.94     0.893750     25466634         9.41
        0.94     0.900000     25466634        10.00
        0.94     0.906250     25804527        10.67
        0.94     0.912500     25804527        11.43
        0.95     0.918750     26069449        12.31
        0.95     0.925000     26069449        13.33
        0.96     0.931250     26276272        14.55
        0.97     0.937500     26435750        16.00
        0.97     0.940625     26557111        16.84
        0.98     0.943750     26648093        17.78
        0.99     0.946875     26719716        18.82
        1.00     0.950000     26776033        20.00
        1.01     0.953125     26853593        21.33
        1.05     0.956250     26943227        22.86
        1.09     0.959375     27026690        24.62
        1.15     0.962500     27115905        26.67
        1.20     0.965625     27207776        29.09
        1.24     0.968750     27286277        32.00
        1.27     0.970313     27340614        33.68
        1.29     0.971875     27374671        35.56
        1.33     0.973437     27419006        37.65
        1.41     0.975000     27464772        40.00
        1.53     0.976562     27507226        42.67
        1.58     0.978125     27558130        45.71
        1.61     0.979688     27596641        49.23
        1.63     0.981250     27647040        53.33
        1.65     0.982812     27687174        58.18
        1.66     0.984375     27730830        64.00
        1.67     0.985156     27753502        67.37
        1.68     0.985938     27776427        71.11
        1.69     0.986719     27799787        75.29
        1.70     0.987500     27822995        80.00
        1.70     0.988281     27845875        85.33
        1.71     0.989062     27868319        91.43
        1.72     0.989844     27889861        98.46
        1.73     0.990625     27910130       106.67
        1.74     0.991406     27929356       116.36
        1.74     0.992188     27947521       128.00
        1.75     0.992578     27964670       134.74
        1.76     0.992969     27980725       142.22
        1.76     0.993359     27980725       150.59
        1.77     0.993750     27995455       160.00
        1.77     0.994141     28009197       170.67
        1.78     0.994531     28021870       182.86
        1.79     0.994922     28033569       196.92
        1.80     0.995313     28044309       213.33
        1.81     0.995703     28054392       232.73
        1.81     0.996094     28063420       256.00
        1.81     0.996289     28063420       269.47
        1.82     0.996484     28071708       284.44
        1.83     0.996680     28079136       301.18
        1.83     0.996875     28079136       320.00
        1.84     0.997070     28085868       341.33
        1.85     0.997266     28091876       365.71
        1.85     0.997461     28097056       393.85
        1.86     0.997656     28101439       426.67
        1.87     0.997852     28105295       465.45
        1.89     0.998047     28111388       512.00
        1.90     0.998145     28113716       538.95
        1.91     0.998242     28117048       568.89
        1.93     0.998340     28119327       602.35
        1.95     0.998437     28121832       640.00
        1.98     0.998535     28125472       682.67
        2.00     0.998633     28128664       731.43
        2.01     0.998730     28130659       787.69
        2.02     0.998828     28132770       853.33
        2.03     0.998926     28138561       930.91
        2.03     0.999023     28138561      1024.00
        2.04     0.999072     28141311      1077.89
        2.04     0.999121     28141311      1137.78
        2.05     0.999170     28144130      1204.71
        2.05     0.999219     28144130      1280.00
        2.06     0.999268     28149098      1365.33
        2.06     0.999316     28149098      1462.86
        2.06     0.999365     28149098      1575.38
        2.08     0.999414     28152905      1706.67
        2.08     0.999463     28152905      1861.82
        2.08     0.999512     28152905      2048.00
        2.08     0.999536     28152905      2155.79
        2.10     0.999561     28155591      2275.56
        2.10     0.999585     28155591      2409.41
        2.10     0.999609     28155591      2560.00
        2.10     0.999634     28155591      2730.67
        2.11     0.999658     28157735      2925.71
        2.11     0.999683     28157735      3150.77
        2.11     0.999707     28157735      3413.33
        2.13     0.999731     28159138      3723.64
        2.13     0.999756     28159138      4096.00
        2.14     0.999768     28159782      4311.58
        2.14     0.999780     28159782      4551.11
        2.16     0.999792     28160152      4818.82
        2.17     0.999805     28160367      5120.00
        2.19     0.999817     28160596      5461.33
        2.24     0.999829     28160969      5851.43
        2.32     0.999841     28161287      6301.54
        2.40     0.999854     28161677      6826.67
        2.45     0.999866     28162085      7447.27
        2.48     0.999878     28162392      8192.00
        2.50     0.999884     28162507      8623.16
        2.53     0.999890     28162679      9102.22
        2.58     0.999896     28162837      9637.65
        2.67     0.999902     28163004     10240.00
        2.75     0.999908     28163195     10922.67
        2.81     0.999915     28163381     11702.86
        2.85     0.999921     28163661     12603.08
        2.86     0.999927     28163817     13653.33
        2.88     0.999933     28164021     14894.55
        2.90     0.999939     28164206     16384.00
        2.90     0.999942     28164206     17246.32
        2.90     0.999945     28164206     18204.44
        2.91     0.999948     28164391     19275.29
        2.91     0.999951     28164391     20480.00
        2.93     0.999954     28164558     21845.33
        2.93     0.999957     28164558     23405.71
        2.94     0.999960     28164703     25206.15
        2.96     0.999963     28164838     27306.67
        2.96     0.999966     28164838     29789.09
        2.98     0.999969     28164941     32768.00
        2.98     0.999971     28164941     34492.63
        2.99     0.999973     28165027     36408.89
        2.99     0.999974     28165027     38550.59
        3.01     0.999976     28165122     40960.00
        3.01     0.999977     28165122     43690.67
        3.02     0.999979     28165188     46811.43
        3.04     0.999980     28165231     50412.31
        3.06     0.999982     28165250     54613.33
        3.09     0.999983     28165282     59578.18
        3.25     0.999985     28165322     65536.00
        3.41     0.999986     28165357     68985.26
        3.42     0.999986     28165374     72817.78
        3.46     0.999987     28165404     77101.18
        3.47     0.999988     28165428     81920.00
        3.47     0.999989     28165428     87381.33
        4.05     0.999989     28165450     93622.86
        4.19     0.999990     28165475    100824.62
        4.29     0.999991     28165498    109226.67
        4.38     0.999992     28165515    119156.36
        4.70     0.999992     28165536    131072.00
        4.86     0.999993     28165546    137970.53
       13.57     0.999993     28165646    145635.56
       13.57     0.999994     28165646    154202.35
       13.57     0.999994     28165646    163840.00
       13.57     0.999994     28165646    174762.67
       13.57     0.999995     28165646    187245.71
       13.57     0.999995     28165646    201649.23
       13.57     0.999995     28165646    218453.33
       13.57     0.999996     28165646    238312.73
       13.57     0.999996     28165646    262144.00
       13.95     0.999996     28165648    275941.05
       49.66     0.999997     28165745    291271.11
       49.66     0.999997     28165745    308404.71
       49.66     0.999997     28165745    327680.00
       49.66     0.999997     28165745    349525.33
       49.66     0.999997     28165745    374491.43
       49.66     0.999998     28165745    403298.46
       49.66     0.999998     28165745    436906.67
       49.66     0.999998     28165745    476625.45
       49.66     0.999998     28165745    524288.00
       49.66     0.999998     28165745    551882.11
       49.66     0.999998     28165745    582542.22
       49.66     0.999998     28165745    616809.41
       49.66     0.999998     28165745    655360.00
       49.66     0.999999     28165745    699050.67
       49.66     0.999999     28165745    748982.86
       49.66     0.999999     28165745    806596.92
       49.66     0.999999     28165745    873813.33
       49.66     0.999999     28165745    953250.91
       49.66     0.999999     28165745   1048576.00
       49.66     0.999999     28165745   1103764.21
       49.66     0.999999     28165745   1165084.44
       49.66     0.999999     28165745   1233618.82
       49.66     0.999999     28165745   1310720.00
       49.66     0.999999     28165745   1398101.33
       49.66     0.999999     28165745   1497965.71
       49.66     0.999999     28165745   1613193.85
       49.66     0.999999     28165745   1747626.67
       49.66     0.999999     28165745   1906501.82
       49.66     1.000000     28165745   2097152.00
       49.66     1.000000     28165745   2207528.42
       49.66     1.000000     28165745   2330168.89
       49.66     1.000000     28165745   2467237.65
       49.66     1.000000     28165745   2621440.00
       49.66     1.000000     28165745   2796202.67
       49.66     1.000000     28165745   2995931.43
       49.66     1.000000     28165745   3226387.69
       49.66     1.000000     28165745   3495253.33
       49.66     1.000000     28165745   3813003.64
       49.66     1.000000     28165745   4194304.00
       49.66     1.000000     28165745   4415056.84
       49.66     1.000000     28165745   4660337.78
       49.66     1.000000     28165745   4934475.29
       49.66     1.000000     28165745   5242880.00
       49.66     1.000000     28165745   5592405.33
       50.69     1.000000     28165747   5991862.86
       50.69     1.000000     28165747   6452775.39
       50.69     1.000000     28165747   6990506.67
       50.69     1.000000     28165747   7626007.28
       50.69     1.000000     28165747   8388608.00
       50.69     1.000000     28165747   8830113.68
       50.69     1.000000     28165747   9320675.55
       63.23     1.000000     28165750   9868950.59
       63.23     1.000000     28165750          inf
#[Mean    =        0.838, StdDeviation   =        0.236]
#[Max     =       63.231, Total count    =     28165750]
#[Buckets =           20, SubBuckets     =          256]
