       Value   Percentile   TotalCount 1/(1-Percentile)

        0.02     0.000000         7222         1.00
        0.45     0.050000      1409900         1.05
        0.70     0.100000      2838061         1.11
        0.77     0.150000      4314776         1.18
        0.78     0.200000      5736465         1.25
        0.80     0.250000      7988980         1.33
        0.81     0.300000      9406804         1.43
        0.81     0.350000     10985692         1.54
        0.82     0.400000     12659423         1.67
        0.83     0.450000     14356595         1.82
        0.83     0.500000     14356595         2.00
        0.84     0.525000     16036029         2.11
        0.84     0.550000     16036029         2.22
        0.85     0.575000     17630475         2.35
        0.85     0.600000     17630475         2.50
        0.85     0.625000     17630475         2.67
        0.85     0.650000     19100140         2.86
        0.85     0.675000     19100140         3.08
        0.86     0.700000     20410665         3.33
        0.87     0.725000     21564182         3.64
        0.87     0.750000     21564182         4.00
        0.87     0.762500     21564182         4.21
        0.88     0.775000     22564514         4.44
        0.88     0.787500     22564514         4.71
        0.88     0.800000     22564514         5.00
        0.89     0.812500     23427762         5.33
        0.89     0.825000     23427762         5.71
        0.90     0.837500     24156396         6.15
        0.90     0.850000     24156396         6.67
        0.90     0.862500     24764998         7.27
        0.90     0.875000     24764998         8.00
        0.91     0.881250     25257359         8.42
        0.91     0.887500     25257359         8.89
        0.91     0.893750     25257359         9.41
        0.92     0.900000     25658976        10.00
        0.92     0.906250     25658976        10.67
        0.93     0.912500     25976983        11.43
        0.93     0.918750     25976983        12.31
        0.94     0.925000     26220771        13.33
        0.94     0.931250     26406427        14.55
        0.95     0.937500     26540641        16.00
        0.95     0.940625     26540641        16.84
        0.96     0.943750     26643248        17.78
        0.97     0.946875     26721179        18.82
        0.97     0.950000     26781047        20.00
        0.99     0.953125     26864502        21.33
        1.02     0.956250     26959820        22.86
        1.07     0.959375     27044916        24.62
        1.13     0.962500     27130492        26.67
        1.18     0.965625     27221162        29.09
        1.22     0.968750     27315446        32.00
        1.25     0.970313     27355115        33.68
        1.28     0.971875     27398559        35.56
        1.32     0.973437     27439286        37.65
        1.39     0.975000     27479110        40.00
        1.51     0.976562     27522181        42.67
        1.56     0.978125     27568867        45.71
        1.58     0.979688     27609881        49.23
        1.61     0.981250     27664534        53.33
        1.62     0.982812     27708507        58.18
        1.64     0.984375     27756192        64.00
        1.65     0.985156     27780659        67.37
        1.66     0.985938     27805391        71.11
        1.66     0.986719     27829960        75.29
        1.66     0.987500     27829960        80.00
        1.67     0.988281     27854207        85.33
        1.68     0.989062     27878216        91.43
        1.69     0.989844     27900869        98.46
        1.70     0.990625     27922702       106.67
        1.70     0.991406     27943266       116.36
        1.71     0.992188     27962578       128.00
        1.72     0.992578     27980335       134.74
        1.73     0.992969     27996887       142.22
        1.73     0.993359     27996887       150.59
        1.74     0.993750     28012323       160.00
        1.74     0.994141     28026913       170.67
        1.75     0.994531     28040525       182.86
        1.75     0.994922     28040525       196.92
        1.76     0.995313     28053237       213.33
        1.77     0.995703     28064917       232.73
        1.77     0.996094     28075508       256.00
        1.78     0.996289     28085128       269.47
        1.78     0.996484     28085128       284.44
        1.79     0.996680     28093376       301.18
        1.80     0.996875     28100713       320.00
        1.80     0.997070     28100713       341.33
        1.81     0.997266     28107179       365.71
        1.81     0.997461     28112931       393.85
        1.82     0.997656     28117967       426.67
        1.83     0.997852     28122202       465.45
        1.85     0.998047     28128747       512.00
        1.85     0.998145     28131156       538.95
        1.86     0.998242     28133119       568.89
        1.88     0.998340     28135730       602.35
        1.90     0.998437     28138284       640.00
        1.94     0.998535     28140889       682.67
        1.97     0.998633     28144240       731.43
        1.98     0.998730     28147671       787.69
        1.99     0.998828     28149700       853.33
        2.00     0.998926     28151918       930.91
        2.02     0.999023     28156290      1024.00
        2.02     0.999072     28156290      1077.89
        2.02     0.999121     28158556      1137.78
        2.02     0.999170     28158556      1204.71
        2.03     0.999219     28160964      1280.00
        2.04     0.999268     28162849      1365.33
        2.04     0.999316     28162849      1462.86
        2.05     0.999365     28164853      1575.38
        2.06     0.999414     28169187      1706.67
        2.06     0.999463     28169187      1861.82
        2.06     0.999512     28169187      2048.00
        2.06     0.999536     28169187      2155.79
        2.08     0.999561     28171920      2275.56
        2.08     0.999585     28171920      2409.41
        2.08     0.999609     28171920      2560.00
        2.08     0.999634     28171920      2730.67
        2.10     0.999658     28174069      2925.71
        2.10     0.999683     28174069      3150.77
        2.10     0.999707     28174069      3413.33
        2.11     0.999731     28175911      3723.64
        2.11     0.999756     28175911      4096.00
        2.11     0.999768     28175911      4311.58
        2.11     0.999780     28175911      4551.11
        2.13     0.999792     28176869      4818.82
        2.13     0.999805     28176869      5120.00
        2.13     0.999817     28176869      5461.33
        2.14     0.999829     28177259      5851.43
        2.16     0.999841     28177489      6301.54
        2.19     0.999854     28177767      6826.67
        2.27     0.999866     28178049      7447.27
        2.37     0.999878     28178432      8192.00
        2.40     0.999884     28178644      8623.16
        2.42     0.999890     28178762      9102.22
        2.45     0.999896     28178970      9637.65
        2.48     0.999902     28179120     10240.00
        2.51     0.999908     28179243     10922.67
        2.58     0.999915     28179419     11702.86
        2.69     0.999921     28179607     12603.08
        2.75     0.999927     28179770     13653.33
        2.81     0.999933     28180044     14894.55
        2.83     0.999939     28180171     16384.00
        2.85     0.999942     28180325     17246.32
        2.85     0.999945     28180325     18204.44
        2.86     0.999948     28180463     19275.29
        2.86     0.999951     28180463     20480.00
        2.88     0.999954     28180608     21845.33
        2.90     0.999957     28180794     23405.71
        2.90     0.999960     28180794     25206.15
        2.90     0.999963     28180794     27306.67
        2.91     0.999966     28180955     29789.09
        2.93     0.999969     28181104     32768.00
        2.93     0.999971     28181104     34492.63
        2.93     0.999973     28181104     36408.89
        2.93     0.999974     28181104     38550.59
        2.94     0.999976     28181232     40960.00
        2.94     0.999977     28181232     43690.67
        2.94     0.999979     28181232     46811.43
        2.96     0.999980     28181340     50412.31
        2.96     0.999982     28181340     54613.33
        2.98     0.999983     28181426     59578.18
        2.98     0.999985     28181426     65536.00
        2.98     0.999986     28181426     68985.26
        2.99     0.999986     28181502     72817.78
        2.99     0.999987     28181502     77101.18
        2.99     0.999988     28181502     81920.00
        2.99     0.999989     28181502     87381.33
        3.01     0.999989     28181546     93622.86
        3.01     0.999990     28181546    100824.62
        3.02     0.999991     28181568    109226.67
        3.04     0.999992     28181586    119156.36
        3.06     0.999992     28181601    131072.00
        3.10     0.999993     28181612    137970.53
        3.62     0.999993     28181624    145635.56
       15.49     0.999994     28181704    154202.35
       15.49     0.999994     28181704    163840.00
       15.49     0.999994     28181704    174762.67
       15.49     0.999995     28181704    187245.71
       15.49     0.999995     28181704    201649.23
       15.49     0.999995     28181704    218453.33
       15.49     0.999996     28181704    238312.73
       15.87     0.999996     28181710    262144.00
       16.32     0.999996     28181716    275941.05
       45.57     0.999997     28181802    291271.11
       45.57     0.999997     28181802    308404.71
       45.57     0.999997     28181802    327680.00
       45.57     0.999997     28181802    349525.33
       45.57     0.999997     28181802    374491.43
       45.57     0.999998     28181802    403298.46
       45.57     0.999998     28181802    436906.67
       45.57     0.999998     28181802    476625.45
       45.57     0.999998     28181802    524288.00
       45.57     0.999998     28181802    551882.11
       45.57     0.999998     28181802    582542.22
       45.57     0.999998     28181802    616809.41
       45.57     0.999998     28181802    655360.00
       45.57     0.999999     28181802    699050.67
       45.57     0.999999     28181802    748982.86
       45.57     0.999999     28181802    806596.92
       45.57     0.999999     28181802    873813.33
       45.57     0.999999     28181802    953250.91
       45.57     0.999999     28181802   1048576.00
       45.57     0.999999     28181802   1103764.21
       45.57     0.999999     28181802   1165084.44
       45.57     0.999999     28181802   1233618.82
       45.57     0.999999     28181802   1310720.00
       45.57     0.999999     28181802   1398101.33
       45.57     0.999999     28181802   1497965.71
       45.57     0.999999     28181802   1613193.85
       45.57     0.999999     28181802   1747626.67
       45.57     0.999999     28181802   1906501.82
       46.34     1.000000     28181803   2097152.00
       46.59     1.000000     28181806   2207528.42
       46.59     1.000000     28181806   2330168.89
       46.59     1.000000     28181806   2467237.65
       46.59     1.000000     28181806   2621440.00
       46.59     1.000000     28181806   2796202.67
       60.67     1.000000     28181810   2995931.43
       60.67     1.000000     28181810   3226387.69
       60.67     1.000000     28181810   3495253.33
       60.67     1.000000     28181810   3813003.64
       60.67     1.000000     28181810   4194304.00
       60.67     1.000000     28181810   4415056.84
       60.67     1.000000     28181810   4660337.78
       61.18     1.000000     28181816   4934475.29
       61.18     1.000000     28181816          inf
#[Mean    =        0.822, StdDeviation   =        0.231]
#[Max     =       61.183, Total count    =     28181816]
#[Buckets =           20, SubBuckets     =          256]
