       Value   Percentile   TotalCount 1/(1-Percentile)

        0.02     0.000000          804         1.00
        0.45     0.050000       707425         1.05
        0.70     0.100000      1415541         1.11
        0.77     0.150000      2126836         1.18
        0.79     0.200000      3308937         1.25
        0.80     0.250000      3910399         1.33
        0.81     0.300000      4605923         1.43
        0.81     0.350000      5382859         1.54
        0.82     0.400000      6209401         1.67
        0.83     0.450000      7050952         1.82
        0.83     0.500000      7050952         2.00
        0.84     0.525000      7886229         2.11
        0.84     0.550000      7886229         2.22
        0.85     0.575000      8682486         2.35
        0.85     0.600000      8682486         2.50
        0.85     0.625000      9419492         2.67
        0.85     0.650000      9419492         2.86
        0.86     0.675000     10078850         3.08
        0.86     0.700000     10078850         3.33
        0.87     0.725000     10661963         3.64
        0.87     0.750000     10661963         4.00
        0.88     0.762500     11170838         4.21
        0.88     0.775000     11170838         4.44
        0.88     0.787500     11170838         4.71
        0.89     0.800000     11611994         5.00
        0.89     0.812500     11611994         5.33
        0.90     0.825000     11986895         5.71
        0.90     0.837500     11986895         6.15
        0.90     0.850000     11986895         6.67
        0.90     0.862500     12301261         7.27
        0.91     0.875000     12556503         8.00
        0.91     0.881250     12556503         8.42
        0.91     0.887500     12556503         8.89
        0.92     0.893750     12765939         9.41
        0.92     0.900000     12765939        10.00
        0.93     0.906250     12932567        10.67
        0.93     0.912500     12932567        11.43
        0.94     0.918750     13061076        12.31
        0.94     0.925000     13061076        13.33
        0.94     0.931250     13159498        14.55
        0.95     0.937500     13231072        16.00
        0.96     0.940625     13286050        16.84
        0.97     0.943750     13327457        17.78
        0.97     0.946875     13359474        18.82
        0.99     0.950000     13403911        20.00
        1.01     0.953125     13432214        21.33
        1.05     0.956250     13477443        22.86
        1.10     0.959375     13522443        24.62
        1.15     0.962500     13564963        26.67
        1.19     0.965625     13607214        29.09
        1.24     0.968750     13655464        32.00
        1.26     0.970313     13674884        33.68
        1.29     0.971875     13695903        35.56
        1.34     0.973437     13718192        37.65
        1.45     0.975000     13739390        40.00
        1.53     0.976562     13761712        42.67
        1.57     0.978125     13788603        45.71
        1.60     0.979688     13813692        49.23
        1.61     0.981250     13834380        53.33
        1.63     0.982812     13857687        58.18
        1.65     0.984375     13882517        64.00
        1.65     0.985156     13882517        67.37
        1.66     0.985938     13895133        71.11
        1.66     0.986719     13907694        75.29
        1.67     0.987500     13920285        80.00
        1.68     0.988281     13932727        85.33
        1.69     0.989062     13944391        91.43
        1.70     0.989844     13955678        98.46
        1.70     0.990625     13966337       106.67
        1.71     0.991406     13976415       116.36
        1.72     0.992188     13985604       128.00
        1.73     0.992578     13994238       134.74
        1.73     0.992969     13994238       142.22
        1.74     0.993359     14002312       150.59
        1.74     0.993750     14009976       160.00
        1.74     0.994141     14009976       170.67
        1.75     0.994531     14017059       182.86
        1.76     0.994922     14023719       196.92
        1.77     0.995313     14029771       213.33
        1.77     0.995703     14035409       232.73
        1.78     0.996094     14040456       256.00
        1.78     0.996289     14040456       269.47
        1.79     0.996484     14044778       284.44
        1.79     0.996680     14044778       301.18
        1.80     0.996875     14048717       320.00
        1.81     0.997070     14052105       341.33
        1.81     0.997266     14055154       365.71
        1.81     0.997461     14055154       393.85
        1.83     0.997656     14060082       426.67
        1.84     0.997852     14062070       465.45
        1.85     0.998047     14063715       512.00
        1.85     0.998145     14065038       538.95
        1.87     0.998242     14066963       568.89
        1.88     0.998340     14067589       602.35
        1.90     0.998437     14068993       640.00
        1.94     0.998535     14070291       682.67
        1.97     0.998633     14071904       731.43
        1.98     0.998730     14073577       787.69
        1.99     0.998828     14074595       853.33
        2.01     0.998926     14076754       930.91
        2.02     0.999023     14077840      1024.00
        2.02     0.999072     14078935      1077.89
        2.02     0.999121     14078935      1137.78
        2.03     0.999170     14080145      1204.71
        2.03     0.999219     14080145      1280.00
        2.04     0.999268     14081053      1365.33
        2.05     0.999316     14082078      1462.86
        2.05     0.999365     14082078      1575.38
        2.06     0.999414     14084253      1706.67
        2.06     0.999463     14084253      1861.82
        2.06     0.999512     14084253      2048.00
        2.08     0.999536     14085646      2155.79
        2.08     0.999561     14085646      2275.56
        2.08     0.999585     14085646      2409.41
        2.08     0.999609     14085646      2560.00
        2.10     0.999634     14086780      2730.67
        2.10     0.999658     14086780      2925.71
        2.10     0.999683     14086780      3150.77
        2.11     0.999707     14087753      3413.33
        2.11     0.999731     14087753      3723.64
        2.11     0.999756     14087753      4096.00
        2.11     0.999768     14087753      4311.58
        2.13     0.999780     14088264      4551.11
        2.13     0.999792     14088264      4818.82
        2.13     0.999805     14088264      5120.00
        2.14     0.999817     14088466      5461.33
        2.16     0.999829     14088590      5851.43
        2.19     0.999841     14088773      6301.54
        2.24     0.999854     14088871      6826.67
        2.33     0.999866     14089047      7447.27
        2.40     0.999878     14089250      8192.00
        2.42     0.999884     14089303      8623.16
        2.45     0.999890     14089420      9102.22
        2.48     0.999896     14089509      9637.65
        2.51     0.999902     14089569     10240.00
        2.56     0.999908     14089649     10922.67
        2.65     0.999915     14089743     11702.86
        2.72     0.999921     14089815     12603.08
        2.80     0.999927     14089921     13653.33
        2.83     0.999933     14090052     14894.55
        2.85     0.999939     14090124     16384.00
        2.85     0.999942     14090124     17246.32
        2.86     0.999945     14090199     18204.44
        2.88     0.999948     14090272     19275.29
        2.88     0.999951     14090272     20480.00
        2.90     0.999954     14090366     21845.33
        2.90     0.999957     14090366     23405.71
        2.91     0.999960     14090457     25206.15
        2.91     0.999963     14090457     27306.67
        2.93     0.999966     14090534     29789.09
        2.93     0.999969     14090534     32768.00
        2.93     0.999971     14090534     34492.63
        2.94     0.999973     14090597     36408.89
        2.94     0.999974     14090597     38550.59
        2.94     0.999976     14090597     40960.00
        2.96     0.999977     14090657     43690.67
        2.96     0.999979     14090657     46811.43
        2.96     0.999980     14090657     50412.31
        2.98     0.999982     14090710     54613.33
        2.98     0.999983     14090710     59578.18
        2.99     0.999985     14090759     65536.00
        2.99     0.999986     14090759     68985.26
        2.99     0.999986     14090759     72817.78
        2.99     0.999987     14090759     77101.18
        2.99     0.999988     14090759     81920.00
        3.01     0.999989     14090784     87381.33
        3.01     0.999989     14090784     93622.86
        3.02     0.999990     14090801    100824.62
        3.04     0.999991     14090810    109226.67
        3.06     0.999992     14090819    119156.36
        3.09     0.999992     14090825    131072.00
        3.15     0.999993     14090830    137970.53
       15.49     0.999993     14090866    145635.56
       15.49     0.999994     14090866    154202.35
       15.49     0.999994     14090866    163840.00
       15.49     0.999994     14090866    174762.67
       15.49     0.999995     14090866    187245.71
       15.49     0.999995     14090866    201649.23
       15.55     0.999995     14090868    218453.33
       16.32     0.999996     14090872    238312.73
       45.57     0.999996     14090922    262144.00
       45.57     0.999996     14090922    275941.05
       45.57     0.999997     14090922    291271.11
       45.57     0.999997     14090922    308404.71
       45.57     0.999997     14090922    327680.00
       45.57     0.999997     14090922    349525.33
       45.57     0.999997     14090922    374491.43
       45.57     0.999998     14090922    403298.46
       45.57     0.999998     14090922    436906.67
       45.57     0.999998     14090922    476625.45
       45.57     0.999998     14090922    524288.00
       45.57     0.999998     14090922    551882.11
       45.57     0.999998     14090922    582542.22
       45.57     0.999998     14090922    616809.41
       45.57     0.999998     14090922    655360.00
       45.57     0.999999     14090922    699050.67
       45.57     0.999999     14090922    748982.86
       45.57     0.999999     14090922    806596.92
       45.57     0.999999     14090922    873813.33
       45.57     0.999999     14090922    953250.91
       45.57     0.999999     14090922   1048576.00
       45.57     0.999999     14090922   1103764.21
       45.57     0.999999     14090922   1165084.44
       45.57     0.999999     14090922   1233618.82
       45.57     0.999999     14090922   1310720.00
       45.57     0.999999     14090922   1398101.33
       45.57     0.999999     14090922   1497965.71
       46.59     0.999999     14090924   1613193.85
       46.59     0.999999     14090924   1747626.67
       46.59     0.999999     14090924   1906501.82
       60.67     1.000000     14090926   2097152.00
       60.67     1.000000     14090926   2207528.42
       60.67     1.000000     14090926   2330168.89
       60.67     1.000000     14090926   2467237.65
       60.67     1.000000     14090926   2621440.00
       60.67     1.000000     14090926   2796202.67
       61.18     1.000000     14090931   2995931.43
       61.18     1.000000     14090931          inf
#[Mean    =        0.825, StdDeviation   =        0.236]
#[Max     =       61.183, Total count    =     14090931]
#[Buckets =           20, SubBuckets     =          256]
