       Value   Percentile   TotalCount 1/(1-Percentile)

        0.02     0.000000         7413         1.00
        0.45     0.050000       713823         1.05
        0.69     0.100000      1419924         1.11
        0.77     0.150000      2241624         1.18
        0.78     0.200000      2933579         1.25
        0.80     0.250000      3985401         1.33
        0.81     0.300000      4651372         1.43
        0.81     0.350000      5390749         1.54
        0.82     0.400000      6180493         1.67
        0.83     0.450000      7001578         1.82
        0.84     0.500000      7827247         2.00
        0.84     0.525000      7827247         2.11
        0.84     0.550000      7827247         2.22
        0.85     0.575000      8628127         2.35
        0.85     0.600000      8628127         2.50
        0.85     0.625000      9377596         2.67
        0.85     0.650000      9377596         2.86
        0.86     0.675000     10056847         3.08
        0.86     0.700000     10056847         3.33
        0.87     0.725000     10663781         3.64
        0.87     0.750000     10663781         4.00
        0.88     0.762500     11199628         4.21
        0.88     0.775000     11199628         4.44
        0.88     0.787500     11199628         4.71
        0.89     0.800000     11657073         5.00
        0.89     0.812500     11657073         5.33
        0.89     0.825000     11657073         5.71
        0.90     0.837500     12045498         6.15
        0.90     0.850000     12045498         6.67
        0.90     0.862500     12365586         7.27
        0.90     0.875000     12365586         8.00
        0.91     0.881250     12623182         8.42
        0.91     0.887500     12623182         8.89
        0.91     0.893750     12623182         9.41
        0.92     0.900000     12832683        10.00
        0.92     0.906250     12832683        10.67
        0.93     0.912500     12995778        11.43
        0.93     0.918750     12995778        12.31
        0.94     0.925000     13122440        13.33
        0.94     0.931250     13122440        14.55
        0.94     0.937500     13220936        16.00
        0.95     0.940625     13294735        16.84
        0.96     0.943750     13350434        17.78
        0.96     0.946875     13350434        18.82
        0.97     0.950000     13392185        20.00
        0.98     0.953125     13448289        21.33
        1.00     0.956250     13483496        22.86
        1.03     0.959375     13526148        24.62
        1.08     0.962500     13565899        26.67
        1.14     0.965625     13607125        29.09
        1.19     0.968750     13657880        32.00
        1.21     0.970313     13672494        33.68
        1.24     0.971875     13698777        35.56
        1.27     0.973437     13719894        37.65
        1.31     0.975000     13739575        40.00
        1.40     0.976562     13761018        42.67
        1.53     0.978125     13784779        45.71
        1.57     0.979688     13806510        49.23
        1.60     0.981250     13834492        53.33
        1.61     0.982812     13852734        58.18
        1.63     0.984375     13873158        64.00
        1.64     0.985156     13884119        67.37
        1.65     0.985938     13895413        71.11
        1.66     0.986719     13907229        75.29
        1.66     0.987500     13918886        80.00
        1.67     0.988281     13930438        85.33
        1.68     0.989062     13941574        91.43
        1.69     0.989844     13952405        98.46
        1.70     0.990625     13962755       106.67
        1.70     0.991406     13972651       116.36
        1.71     0.992188     13981876       128.00
        1.72     0.992578     13990749       134.74
        1.73     0.992969     13999076       142.22
        1.73     0.993359     13999076       150.59
        1.74     0.993750     14006856       160.00
        1.74     0.994141     14013983       170.67
        1.74     0.994531     14013983       182.86
        1.75     0.994922     14020728       196.92
        1.76     0.995313     14026753       213.33
        1.77     0.995703     14032345       232.73
        1.77     0.996094     14037472       256.00
        1.78     0.996289     14042107       269.47
        1.78     0.996484     14042107       284.44
        1.79     0.996680     14046294       301.18
        1.80     0.996875     14050099       320.00
        1.80     0.997070     14050099       341.33
        1.81     0.997266     14053377       365.71
        1.81     0.997461     14056181       393.85
        1.82     0.997656     14058676       426.67
        1.83     0.997852     14060816       465.45
        1.85     0.998047     14064169       512.00
        1.85     0.998145     14065484       538.95
        1.86     0.998242     14066542       568.89
        1.87     0.998340     14067408       602.35
        1.90     0.998437     14068930       640.00
        1.94     0.998535     14070270       682.67
        1.96     0.998633     14071846       731.43
        1.98     0.998730     14073246       787.69
        1.99     0.998828     14074927       853.33
        2.00     0.998926     14075972       930.91
        2.01     0.999023     14077199      1024.00
        2.02     0.999072     14078437      1077.89
        2.02     0.999121     14078437      1137.78
        2.02     0.999170     14079622      1204.71
        2.03     0.999219     14080834      1280.00
        2.03     0.999268     14080834      1365.33
        2.04     0.999316     14081894      1462.86
        2.04     0.999365     14081894      1575.38
        2.05     0.999414     14082778      1706.67
        2.06     0.999463     14084583      1861.82
        2.06     0.999512     14084583      2048.00
        2.06     0.999536     14084583      2155.79
        2.06     0.999561     14084583      2275.56
        2.08     0.999585     14085844      2409.41
        2.08     0.999609     14085844      2560.00
        2.08     0.999634     14085844      2730.67
        2.10     0.999658     14086972      2925.71
        2.10     0.999683     14086972      3150.77
        2.10     0.999707     14086972      3413.33
        2.10     0.999731     14086972      3723.64
        2.11     0.999756     14087741      4096.00
        2.11     0.999768     14087741      4311.58
        2.11     0.999780     14087741      4551.11
        2.13     0.999792     14088168      4818.82
        2.13     0.999805     14088168      5120.00
        2.13     0.999817     14088168      5461.33
        2.14     0.999829     14088426      5851.43
        2.16     0.999841     14088618      6301.54
        2.17     0.999854     14088705      6826.67
        2.22     0.999866     14088867      7447.27
        2.30     0.999878     14089023      8192.00
        2.35     0.999884     14089129      8623.16
        2.37     0.999890     14089176      9102.22
        2.40     0.999896     14089281      9637.65
        2.43     0.999902     14089395     10240.00
        2.45     0.999908     14089457     10922.67
        2.48     0.999915     14089525     11702.86
        2.56     0.999921     14089605     12603.08
        2.70     0.999927     14089709     13653.33
        2.78     0.999933     14089807     14894.55
        2.81     0.999939     14089912     16384.00
        2.81     0.999942     14089912     17246.32
        2.83     0.999945     14089981     18204.44
        2.85     0.999948     14090050     19275.29
        2.85     0.999951     14090050     20480.00
        2.86     0.999954     14090116     21845.33
        2.88     0.999957     14090204     23405.71
        2.88     0.999960     14090204     25206.15
        2.90     0.999963     14090268     27306.67
        2.90     0.999966     14090268     29789.09
        2.91     0.999969     14090325     32768.00
        2.91     0.999971     14090325     34492.63
        2.93     0.999973     14090385     36408.89
        2.93     0.999974     14090385     38550.59
        2.93     0.999976     14090385     40960.00
        2.94     0.999977     14090434     43690.67
        2.94     0.999979     14090434     46811.43
        2.96     0.999980     14090479     50412.31
        2.96     0.999982     14090479     54613.33
        2.98     0.999983     14090516     59578.18
        2.98     0.999985     14090516     65536.00
        2.99     0.999986     14090540     68985.26
        2.99     0.999986     14090540     72817.78
        3.01     0.999987     14090560     77101.18
        3.01     0.999988     14090560     81920.00
        3.02     0.999989     14090585     87381.33
        3.02     0.999989     14090585     93622.86
        3.02     0.999990     14090585    100824.62
        3.06     0.999991     14090601    109226.67
        3.07     0.999992     14090608    119156.36
        3.10     0.999992     14090620    131072.00
        3.20     0.999993     14090621    137970.53
        9.86     0.999993     14090629    145635.56
        9.92     0.999994     14090646    154202.35
        9.92     0.999994     14090646    163840.00
        9.92     0.999994     14090646    174762.67
        9.98     0.999995     14090672    187245.71
        9.98     0.999995     14090672    201649.23
        9.98     0.999995     14090672    218453.33
        9.98     0.999996     14090672    238312.73
        9.98     0.999996     14090672    262144.00
        9.98     0.999996     14090672    275941.05
       51.20     0.999997     14090720    291271.11
       51.20     0.999997     14090720    308404.71
       51.20     0.999997     14090720    327680.00
       51.20     0.999997     14090720    349525.33
       51.20     0.999997     14090720    374491.43
       51.20     0.999998     14090720    403298.46
       51.20     0.999998     14090720    436906.67
       51.20     0.999998     14090720    476625.45
       51.20     0.999998     14090720    524288.00
       51.20     0.999998     14090720    551882.11
       51.20     0.999998     14090720    582542.22
       51.20     0.999998     14090720    616809.41
       51.20     0.999998     14090720    655360.00
       51.20     0.999999     14090720    699050.67
       51.20     0.999999     14090720    748982.86
       51.20     0.999999     14090720    806596.92
       51.20     0.999999     14090720    873813.33
       51.20     0.999999     14090720    953250.91
       51.20     0.999999     14090720   1048576.00
       51.20     0.999999     14090720   1103764.21
       51.20     0.999999     14090720   1165084.44
       51.20     0.999999     14090720   1233618.82
       51.20     0.999999     14090720   1310720.00
       51.20     0.999999     14090720   1398101.33
       51.20     0.999999     14090720   1497965.71
       51.20     0.999999     14090720   1613193.85
       51.20     0.999999     14090720   1747626.67
       51.20     0.999999     14090720   1906501.82
       51.20     1.000000     14090720   2097152.00
       51.20     1.000000     14090720   2207528.42
       51.20     1.000000     14090720   2330168.89
       51.20     1.000000     14090720   2467237.65
       51.20     1.000000     14090720   2621440.00
       51.20     1.000000     14090720   2796202.67
       51.20     1.000000     14090720   2995931.43
       51.20     1.000000     14090720   3226387.69
       51.20     1.000000     14090720   3495253.33
       51.20     1.000000     14090720   3813003.64
       51.20     1.000000     14090720   4194304.00
       51.20     1.000000     14090720   4415056.84
       51.20     1.000000     14090720   4660337.78
       51.97     1.000000     14090721   4934475.29
       51.97     1.000000     14090721   5242880.00
       51.97     1.000000     14090721   5592405.33
       51.97     1.000000     14090721   5991862.86
       51.97     1.000000     14090721   6452775.39
       51.97     1.000000     14090721   6990506.67
       60.93     1.000000     14090723   7626007.28
       60.93     1.000000     14090723          inf
#[Mean    =        0.821, StdDeviation   =        0.232]
#[Max     =       60.927, Total count    =     14090723]
#[Buckets =           20, SubBuckets     =          256]
