       Value   Percentile   TotalCount 1/(1-Percentile)

        0.02     0.000000         6830         1.00
        0.46     0.050000      1411345         1.05
        0.71     0.100000      2824695         1.11
        0.78     0.150000      4728917         1.18
        0.80     0.200000      6315902         1.25
        0.81     0.250000      7381203         1.33
        0.81     0.300000      8625422         1.43
        0.82     0.350000     10025170         1.54
        0.83     0.400000     11535467         1.67
        0.84     0.450000     13114467         1.82
        0.85     0.500000     14716750         2.00
        0.85     0.525000     16283550         2.11
        0.85     0.550000     16283550         2.22
        0.85     0.575000     16283550         2.35
        0.86     0.600000     17779962         2.50
        0.86     0.625000     17779962         2.67
        0.87     0.650000     19168986         2.86
        0.87     0.675000     19168986         3.08
        0.88     0.700000     20430562         3.33
        0.88     0.725000     20430562         3.64
        0.89     0.750000     21547623         4.00
        0.89     0.762500     21547623         4.21
        0.90     0.775000     22528457         4.44
        0.90     0.787500     22528457         4.71
        0.90     0.800000     23371583         5.00
        0.90     0.812500     23371583         5.33
        0.90     0.825000     23371583         5.71
        0.91     0.837500     24076270         6.15
        0.91     0.850000     24076270         6.67
        0.92     0.862500     24673129         7.27
        0.92     0.875000     24673129         8.00
        0.93     0.881250     25165257         8.42
        0.93     0.887500     25165257         8.89
        0.94     0.893750     25563757         9.41
        0.94     0.900000     25563757        10.00
        0.94     0.906250     25563757        10.67
        0.94     0.912500     25886970        11.43
        0.94     0.918750     25886970        12.31
        0.95     0.925000     26138577        13.33
        0.96     0.931250     26329693        14.55
        0.97     0.937500     26479954        16.00
        0.97     0.940625     26592434        16.84
        0.97     0.943750     26592434        17.78
        0.98     0.946875     26676336        18.82
        1.00     0.950000     26795706        20.00
        1.01     0.953125     26869710        21.33
        1.05     0.956250     26953692        22.86
        1.09     0.959375     27035109        24.62
        1.15     0.962500     27119416        26.67
        1.20     0.965625     27209543        29.09
        1.24     0.968750     27289020        32.00
        1.27     0.970313     27344049        33.68
        1.29     0.971875     27378703        35.56
        1.33     0.973437     27423840        37.65
        1.40     0.975000     27467104        40.00
        1.52     0.976562     27509508        42.67
        1.57     0.978125     27555390        45.71
        1.61     0.979688     27605716        49.23
        1.63     0.981250     27657963        53.33
        1.65     0.982812     27698953        58.18
        1.66     0.984375     27742740        64.00
        1.67     0.985156     27765746        67.37
        1.68     0.985938     27789128        71.11
        1.69     0.986719     27812428        75.29
        1.70     0.987500     27835786        80.00
        1.70     0.988281     27858620        85.33
        1.71     0.989062     27880626        91.43
        1.72     0.989844     27901705        98.46
        1.73     0.990625     27921738       106.67
        1.74     0.991406     27940583       116.36
        1.74     0.992188     27958163       128.00
        1.75     0.992578     27974785       134.74
        1.75     0.992969     27974785       142.22
        1.76     0.993359     27990353       150.59
        1.77     0.993750     28004720       160.00
        1.77     0.994141     28004720       170.67
        1.77     0.994531     28018146       182.86
        1.78     0.994922     28030505       196.92
        1.79     0.995313     28041857       213.33
        1.80     0.995703     28052199       232.73
        1.81     0.996094     28061877       256.00
        1.81     0.996289     28070653       269.47
        1.81     0.996484     28070653       284.44
        1.82     0.996680     28078378       301.18
        1.83     0.996875     28085562       320.00
        1.84     0.997070     28091897       341.33
        1.85     0.997266     28097434       365.71
        1.85     0.997461     28102405       393.85
        1.86     0.997656     28106614       426.67
        1.87     0.997852     28110166       465.45
        1.89     0.998047     28115739       512.00
        1.90     0.998145     28117825       538.95
        1.91     0.998242     28120974       568.89
        1.93     0.998340     28122980       602.35
        1.96     0.998437     28125799       640.00
        1.98     0.998535     28128940       682.67
        2.00     0.998633     28132936       731.43
        2.01     0.998730     28135145       787.69
        2.02     0.998828     28136907       853.33
        2.03     0.998926     28140837       930.91
        2.04     0.999023     28143301      1024.00
        2.04     0.999072     28143301      1077.89
        2.05     0.999121     28146386      1137.78
        2.05     0.999170     28146386      1204.71
        2.06     0.999219     28150878      1280.00
        2.06     0.999268     28150878      1365.33
        2.06     0.999316     28150878      1462.86
        2.08     0.999365     28154555      1575.38
        2.08     0.999414     28154555      1706.67
        2.08     0.999463     28154555      1861.82
        2.10     0.999512     28157970      2048.00
        2.10     0.999536     28157970      2155.79
        2.10     0.999561     28157970      2275.56
        2.10     0.999585     28157970      2409.41
        2.11     0.999609     28160804      2560.00
        2.11     0.999634     28160804      2730.67
        2.11     0.999658     28160804      2925.71
        2.11     0.999683     28160804      3150.77
        2.13     0.999707     28162253      3413.33
        2.13     0.999731     28162253      3723.64
        2.14     0.999756     28163205      4096.00
        2.14     0.999768     28163205      4311.58
        2.14     0.999780     28163205      4551.11
        2.16     0.999792     28163690      4818.82
        2.17     0.999805     28164107      5120.00
        2.17     0.999817     28164107      5461.33
        2.21     0.999829     28164626      5851.43
        2.24     0.999841     28164881      6301.54
        2.30     0.999854     28165177      6826.67
        2.38     0.999866     28165512      7447.27
        2.43     0.999878     28165873      8192.00
        2.46     0.999884     28166101      8623.16
        2.48     0.999890     28166192      9102.22
        2.51     0.999896     28166354      9637.65
        2.56     0.999902     28166538     10240.00
        2.64     0.999908     28166690     10922.67
        2.75     0.999915     28166931     11702.86
        2.80     0.999921     28167065     12603.08
        2.83     0.999927     28167216     13653.33
        2.86     0.999933     28167444     14894.55
        2.88     0.999939     28167599     16384.00
        2.90     0.999942     28167711     17246.32
        2.91     0.999945     28167868     18204.44
        2.91     0.999948     28167868     19275.29
        2.93     0.999951     28168053     20480.00
        2.93     0.999954     28168053     21845.33
        2.94     0.999957     28168227     23405.71
        2.94     0.999960     28168227     25206.15
        2.96     0.999963     28168384     27306.67
        2.96     0.999966     28168384     29789.09
        2.98     0.999969     28168512     32768.00
        2.98     0.999971     28168512     34492.63
        2.98     0.999973     28168512     36408.89
        2.99     0.999974     28168601     38550.59
        2.99     0.999976     28168601     40960.00
        3.01     0.999977     28168722     43690.67
        3.01     0.999979     28168722     46811.43
        3.01     0.999980     28168722     50412.31
        3.02     0.999982     28168833     54613.33
        3.02     0.999983     28168833     59578.18
        3.02     0.999985     28168833     65536.00
        3.04     0.999986     28168875     68985.26
        3.04     0.999986     28168875     72817.78
        3.06     0.999987     28168914     77101.18
        3.07     0.999988     28168939     81920.00
        3.07     0.999989     28168939     87381.33
        3.10     0.999989     28168964     93622.86
        3.13     0.999990     28168984    100824.62
        3.18     0.999991     28169008    109226.67
        3.25     0.999992     28169025    119156.36
        3.50     0.999992     28169048    131072.00
        3.79     0.999993     28169057    137970.53
        9.54     0.999993     28169111    145635.56
        9.54     0.999994     28169111    154202.35
        9.54     0.999994     28169111    163840.00
        9.54     0.999994     28169111    174762.67
        9.54     0.999995     28169111    187245.71
        9.60     0.999995     28169159    201649.23
        9.60     0.999995     28169159    218453.33
        9.60     0.999996     28169159    238312.73
        9.60     0.999996     28169159    262144.00
        9.60     0.999996     28169159    275941.05
       52.48     0.999997     28169191    291271.11
       52.48     0.999997     28169191    308404.71
       52.48     0.999997     28169191    327680.00
       52.48     0.999997     28169191    349525.33
       52.48     0.999997     28169191    374491.43
       52.73     0.999998     28169255    403298.46
       52.73     0.999998     28169255    436906.67
       52.73     0.999998     28169255    476625.45
       52.73     0.999998     28169255    524288.00
       52.73     0.999998     28169255    551882.11
       52.73     0.999998     28169255    582542.22
       52.73     0.999998     28169255    616809.41
       52.73     0.999998     28169255    655360.00
       52.73     0.999999     28169255    699050.67
       52.73     0.999999     28169255    748982.86
       52.73     0.999999     28169255    806596.92
       52.73     0.999999     28169255    873813.33
       52.73     0.999999     28169255    953250.91
       52.73     0.999999     28169255   1048576.00
       52.73     0.999999     28169255   1103764.21
       52.73     0.999999     28169255   1165084.44
       52.73     0.999999     28169255   1233618.82
       52.73     0.999999     28169255   1310720.00
       52.73     0.999999     28169255   1398101.33
       52.73     0.999999     28169255   1497965.71
       52.73     0.999999     28169255   1613193.85
       52.73     0.999999     28169255   1747626.67
       52.73     0.999999     28169255   1906501.82
       52.73     1.000000     28169255   2097152.00
       52.73     1.000000     28169255   2207528.42
       52.73     1.000000     28169255   2330168.89
       52.73     1.000000     28169255   2467237.65
       52.73     1.000000     28169255   2621440.00
       52.73     1.000000     28169255   2796202.67
       52.73     1.000000     28169255   2995931.43
       52.73     1.000000     28169255   3226387.69
       52.73     1.000000     28169255   3495253.33
       52.73     1.000000     28169255   3813003.64
       52.73     1.000000     28169255   4194304.00
       52.73     1.000000     28169255   4415056.84
       52.73     1.000000     28169255   4660337.78
       55.04     1.000000     28169256   4934475.29
       55.04     1.000000     28169256   5242880.00
       55.04     1.000000     28169256   5592405.33
       55.55     1.000000     28169258   5991862.86
       55.55     1.000000     28169258   6452775.39
       55.55     1.000000     28169258   6990506.67
       55.55     1.000000     28169258   7626007.28
       55.55     1.000000     28169258   8388608.00
       55.55     1.000000     28169258   8830113.68
       55.55     1.000000     28169258   9320675.55
       62.21     1.000000     28169261   9868950.59
       62.21     1.000000     28169261          inf
#[Mean    =        0.836, StdDeviation   =        0.238]
#[Max     =       62.207, Total count    =     28169261]
#[Buckets =           20, SubBuckets     =          256]
