       Value   Percentile   TotalCount 1/(1-Percentile)

        0.02     0.000000        12015         1.00
        0.41     0.050000       851091         1.05
        0.61     0.100000      1691436         1.11
        0.69     0.150000      2855102         1.18
        0.69     0.200000      3409391         1.25
        0.71     0.250000      5148428         1.33
        0.71     0.300000      5148428         1.43
        0.72     0.350000      6405380         1.54
        0.73     0.400000      7928022         1.67
        0.73     0.450000      7928022         1.82
        0.73     0.500000      9624258         2.00
        0.73     0.525000      9624258         2.11
        0.73     0.550000      9624258         2.22
        0.74     0.575000     11286971         2.35
        0.74     0.600000     11286971         2.50
        0.74     0.625000     11286971         2.67
        0.74     0.650000     11286971         2.86
        0.75     0.675000     12670631         3.08
        0.75     0.700000     12670631         3.33
        0.75     0.725000     12670631         3.64
        0.76     0.750000     13620341         4.00
        0.76     0.762500     13620341         4.21
        0.76     0.775000     13620341         4.44
        0.76     0.787500     13620341         4.71
        0.76     0.800000     13620341         5.00
        0.77     0.812500     14187056         5.33
        0.77     0.825000     14187056         5.71
        0.77     0.837500     14187056         6.15
        0.78     0.850000     14495828         6.67
        0.78     0.862500     14677218         7.27
        0.79     0.875000     14807687         8.00
        0.80     0.881250     14926034         8.42
        0.81     0.887500     15044984         8.89
        0.81     0.893750     15168501         9.41
        0.82     0.900000     15299728        10.00
        0.83     0.906250     15438973        10.67
        0.83     0.912500     15438973        11.43
        0.84     0.918750     15578358        12.31
        0.85     0.925000     15719571        13.33
        0.85     0.931250     15847515        14.55
        0.86     0.937500     15958331        16.00
        0.86     0.940625     15958331        16.84
        0.86     0.943750     15958331        17.78
        0.87     0.946875     16048961        18.82
        0.88     0.950000     16117023        20.00
        0.88     0.953125     16117023        21.33
        0.90     0.956250     16208951        22.86
        0.90     0.959375     16240644        24.62
        0.92     0.962500     16287690        26.67
        0.94     0.965625     16336051        29.09
        0.97     0.968750     16393368        32.00
        0.99     0.970313     16418495        33.68
        1.01     0.971875     16440869        35.56
        1.03     0.973437     16468025        37.65
        1.06     0.975000     16488935        40.00
        1.15     0.976562     16514100        42.67
        1.26     0.978125     16541177        45.71
        1.35     0.979688     16569336        49.23
        1.38     0.981250     16594168        53.33
        1.41     0.982812     16622533        58.18
        1.42     0.984375     16647418        64.00
        1.43     0.985156     16661998        67.37
        1.44     0.985938     16677941        71.11
        1.45     0.986719     16695181        75.29
        1.46     0.987500     16713442        80.00
        1.46     0.988281     16713442        85.33
        1.46     0.989062     16733181        91.43
        1.47     0.989844     16753762        98.46
        1.47     0.990625     16753762       106.67
        1.48     0.991406     16774612       116.36
        1.49     0.992188     16794342       128.00
        1.49     0.992578     16794342       134.74
        1.49     0.992969     16794342       142.22
        1.50     0.993359     16812152       150.59
        1.50     0.993750     16812152       160.00
        1.50     0.994141     16812152       170.67
        1.50     0.994531     16827066       182.86
        1.50     0.994922     16827066       196.92
        1.51     0.995313     16839080       213.33
        1.51     0.995703     16839080       232.73
        1.52     0.996094     16848203       256.00
        1.52     0.996289     16848203       269.47
        1.53     0.996484     16855077       284.44
        1.53     0.996680     16855077       301.18
        1.53     0.996875     16860155       320.00
        1.53     0.997070     16860155       341.33
        1.54     0.997266     16863928       365.71
        1.55     0.997461     16866766       393.85
        1.57     0.997656     16870890       426.67
        1.58     0.997852     16874348       465.45
        1.60     0.998047     16877476       512.00
        1.61     0.998145     16879129       538.95
        1.61     0.998242     16880785       568.89
        1.62     0.998340     16882328       602.35
        1.63     0.998437     16883864       640.00
        1.64     0.998535     16885366       682.67
        1.65     0.998633     16886915       731.43
        1.66     0.998730     16888469       787.69
        1.66     0.998828     16890010       853.33
        1.67     0.998926     16891566       930.91
        1.68     0.999023     16893258      1024.00
        1.69     0.999072     16894891      1077.89
        1.69     0.999121     16894891      1137.78
        1.70     0.999170     16896417      1204.71
        1.70     0.999219     16896417      1280.00
        1.70     0.999268     16897922      1365.33
        1.70     0.999316     16897922      1462.86
        1.71     0.999365     16899344      1575.38
        1.72     0.999414     16900652      1706.67
        1.72     0.999463     16900652      1861.82
        1.73     0.999512     16901787      2048.00
        1.73     0.999536     16901787      2155.79
        1.74     0.999561     16902778      2275.56
        1.74     0.999585     16902778      2409.41
        1.74     0.999609     16902778      2560.00
        1.74     0.999634     16903612      2730.67
        1.74     0.999658     16903612      2925.71
        1.75     0.999683     16904347      3150.77
        1.75     0.999707     16904347      3413.33
        1.76     0.999731     16904959      3723.64
        1.77     0.999756     16905448      4096.00
        1.77     0.999768     16905448      4311.58
        1.77     0.999780     16905853      4551.11
        1.77     0.999792     16905853      4818.82
        1.78     0.999805     16906194      5120.00
        1.79     0.999817     16906505      5461.33
        1.79     0.999829     16906505      5851.43
        1.80     0.999841     16906774      6301.54
        1.81     0.999854     16907010      6826.67
        1.81     0.999866     16907204      7447.27
        1.82     0.999878     16907367      8192.00
        1.82     0.999884     16907367      8623.16
        1.83     0.999890     16907501      9102.22
        1.84     0.999896     16907629      9637.65
        1.85     0.999902     16907758     10240.00
        1.85     0.999908     16907758     10922.67
        1.85     0.999915     16907866     11702.86
        1.86     0.999921     16907988     12603.08
        1.87     0.999927     16908112     13653.33
        1.88     0.999933     16908201     14894.55
        1.89     0.999939     16908274     16384.00
        1.90     0.999942     16908342     17246.32
        1.90     0.999945     16908417     18204.44
        1.91     0.999948     16908475     19275.29
        1.91     0.999951     16908475     20480.00
        1.92     0.999954     16908533     21845.33
        1.94     0.999957     16908618     23405.71
        1.94     0.999960     16908653     25206.15
        1.96     0.999963     16908696     27306.67
        1.98     0.999966     16908747     29789.09
        1.99     0.999969     16908788     32768.00
        2.01     0.999971     16908823     34492.63
        2.02     0.999973     16908836     36408.89
        2.03     0.999974     16908861     38550.59
        2.06     0.999976     16908903     40960.00
        2.08     0.999977     16908913     43690.67
        2.13     0.999979     16908962     46811.43
        2.14     0.999980     16908975     50412.31
        2.16     0.999982     16908996     54613.33
        2.19     0.999983     16909036     59578.18
        2.21     0.999985     16909043     65536.00
        2.22     0.999986     16909057     68985.26
        2.24     0.999986     16909080     72817.78
        2.24     0.999987     16909080     77101.18
        2.25     0.999988     16909100     81920.00
        2.27     0.999989     16909111     87381.33
        2.29     0.999989     16909132     93622.86
        2.29     0.999990     16909132    100824.62
        2.32     0.999991     16909157    109226.67
        2.33     0.999992     16909163    119156.36
        2.35     0.999992     16909171    131072.00
        2.37     0.999993     16909182    137970.53
        2.38     0.999993     16909187    145635.56
        2.40     0.999994     16909194    154202.35
        2.42     0.999994     16909198    163840.00
        2.43     0.999994     16909204    174762.67
        2.46     0.999995     16909209    187245.71
        2.50     0.999995     16909216    201649.23
        2.53     0.999995     16909223    218453.33
        2.54     0.999996     16909229    238312.73
        2.61     0.999996     16909235    262144.00
      166.91     0.999996     16909297    275941.05
      166.91     0.999997     16909297    291271.11
      166.91     0.999997     16909297    308404.71
      166.91     0.999997     16909297    327680.00
      166.91     0.999997     16909297    349525.33
      166.91     0.999997     16909297    374491.43
      166.91     0.999998     16909297    403298.46
      166.91     0.999998     16909297    436906.67
      166.91     0.999998     16909297    476625.45
      166.91     0.999998     16909297    524288.00
      166.91     0.999998     16909297    551882.11
      166.91     0.999998     16909297    582542.22
      166.91     0.999998     16909297    616809.41
      166.91     0.999998     16909297    655360.00
      166.91     0.999999     16909297    699050.67
      166.91     0.999999     16909297    748982.86
      166.91     0.999999     16909297    806596.92
      166.91     0.999999     16909297    873813.33
      166.91     0.999999     16909297    953250.91
      166.91     0.999999     16909297   1048576.00
      166.91     0.999999     16909297   1103764.21
      166.91     0.999999     16909297   1165084.44
      166.91     0.999999     16909297   1233618.82
      166.91     0.999999     16909297   1310720.00
      166.91     0.999999     16909297   1398101.33
      166.91     0.999999     16909297   1497965.71
      166.91     0.999999     16909297   1613193.85
      166.91     0.999999     16909297   1747626.67
      166.91     0.999999     16909297   1906501.82
      166.91     1.000000     16909297   2097152.00
      166.91     1.000000     16909297   2207528.42
      166.91     1.000000     16909297   2330168.89
      166.91     1.000000     16909297   2467237.65
      166.91     1.000000     16909297   2621440.00
      166.91     1.000000     16909297   2796202.67
      166.91     1.000000     16909297   2995931.43
      166.91     1.000000     16909297   3226387.69
      166.91     1.000000     16909297   3495253.33
      166.91     1.000000     16909297   3813003.64
      166.91     1.000000     16909297   4194304.00
      166.91     1.000000     16909297   4415056.84
      166.91     1.000000     16909297   4660337.78
      166.91     1.000000     16909297   4934475.29
      166.91     1.000000     16909297   5242880.00
      166.91     1.000000     16909297   5592405.33
      166.91     1.000000     16909297   5991862.86
      166.91     1.000000     16909297   6452775.39
      166.91     1.000000     16909297   6990506.67
      166.91     1.000000     16909297   7626007.28
      166.91     1.000000     16909297   8388608.00
      167.94     1.000000     16909299   8830113.68
      167.94     1.000000     16909299          inf
#[Mean    =        0.721, StdDeviation   =        0.365]
#[Max     =      167.935, Total count    =     16909299]
#[Buckets =           20, SubBuckets     =          256]
