       Value   Percentile   TotalCount 1/(1-Percentile)

        0.02     0.000000         6099         1.00
        0.46     0.050000       705409         1.05
        0.71     0.100000      1426956         1.11
        0.78     0.150000      2203791         1.18
        0.79     0.200000      2884507         1.25
        0.81     0.250000      3933829         1.33
        0.81     0.300000      4595711         1.43
        0.82     0.350000      5332483         1.54
        0.83     0.400000      6128686         1.67
        0.84     0.450000      6951699         1.82
        0.85     0.500000      7771402         2.00
        0.85     0.525000      7771402         2.11
        0.85     0.550000      7771402         2.22
        0.85     0.575000      8562326         2.35
        0.85     0.600000      8562326         2.50
        0.86     0.625000      9304232         2.67
        0.86     0.650000      9304232         2.86
        0.87     0.675000      9980490         3.08
        0.87     0.700000      9980490         3.33
        0.88     0.725000     10580595         3.64
        0.88     0.750000     10580595         4.00
        0.89     0.762500     11099590         4.21
        0.89     0.775000     11099590         4.44
        0.89     0.787500     11099590         4.71
        0.90     0.800000     11548700         5.00
        0.90     0.812500     11548700         5.33
        0.90     0.825000     11932108         5.71
        0.90     0.837500     11932108         6.15
        0.91     0.850000     12247807         6.67
        0.91     0.862500     12247807         7.27
        0.92     0.875000     12510542         8.00
        0.92     0.881250     12510542         8.42
        0.92     0.887500     12510542         8.89
        0.93     0.893750     12726638         9.41
        0.93     0.900000     12726638        10.00
        0.94     0.906250     12900509        10.67
        0.94     0.912500     12900509        11.43
        0.94     0.918750     13035688        12.31
        0.94     0.925000     13035688        13.33
        0.95     0.931250     13143095        14.55
        0.96     0.937500     13222464        16.00
        0.97     0.940625     13283206        16.84
        0.97     0.943750     13328919        17.78
        0.98     0.946875     13364467        18.82
        0.99     0.950000     13392287        20.00
        1.01     0.953125     13432035        21.33
        1.03     0.956250     13470681        22.86
        1.08     0.959375     13517795        24.62
        1.14     0.962500     13562369        26.67
        1.18     0.965625     13608073        29.09
        1.22     0.968750     13649337        32.00
        1.25     0.970313     13671777        33.68
        1.27     0.971875     13691303        35.56
        1.31     0.973437     13717182        37.65
        1.35     0.975000     13735144        40.00
        1.46     0.976562     13756913        42.67
        1.55     0.978125     13782179        45.71
        1.58     0.979688     13802215        49.23
        1.61     0.981250     13823109        53.33
        1.63     0.982812     13850023        58.18
        1.65     0.984375     13870560        64.00
        1.66     0.985156     13881321        67.37
        1.66     0.985938     13892386        71.11
        1.67     0.986719     13903403        75.29
        1.68     0.987500     13914691        80.00
        1.69     0.988281     13925928        85.33
        1.70     0.989062     13936872        91.43
        1.70     0.989844     13947326        98.46
        1.71     0.990625     13957376       106.67
        1.72     0.991406     13967039       116.36
        1.74     0.992188     13984619       128.00
        1.74     0.992578     13984619       134.74
        1.74     0.992969     13992770       142.22
        1.75     0.993359     14000264       150.59
        1.75     0.993750     14000264       160.00
        1.76     0.994141     14007360       170.67
        1.77     0.994531     14013759       182.86
        1.77     0.994922     14019777       196.92
        1.78     0.995313     14025215       213.33
        1.79     0.995703     14030342       232.73
        1.80     0.996094     14034926       256.00
        1.80     0.996289     14034926       269.47
        1.81     0.996484     14039121       284.44
        1.81     0.996680     14043006       301.18
        1.81     0.996875     14043006       320.00
        1.82     0.997070     14046483       341.33
        1.83     0.997266     14049338       365.71
        1.84     0.997461     14051783       393.85
        1.85     0.997656     14053995       426.67
        1.86     0.997852     14057624       465.45
        1.88     0.998047     14060179       512.00
        1.89     0.998145     14061213       538.95
        1.90     0.998242     14062013       568.89
        1.92     0.998340     14063644       602.35
        1.94     0.998437     14064728       640.00
        1.98     0.998535     14066639       682.67
        1.98     0.998633     14067508       731.43
        2.00     0.998730     14069578       787.69
        2.01     0.998828     14070858       853.33
        2.02     0.998926     14072090       930.91
        2.02     0.999023     14073480      1024.00
        2.03     0.999072     14074840      1077.89
        2.03     0.999121     14074840      1137.78
        2.04     0.999170     14076032      1204.71
        2.04     0.999219     14076032      1280.00
        2.05     0.999268     14077048      1365.33
        2.06     0.999316     14078929      1462.86
        2.06     0.999365     14078929      1575.38
        2.06     0.999414     14078929      1706.67
        2.08     0.999463     14080390      1861.82
        2.08     0.999512     14080390      2048.00
        2.08     0.999536     14080390      2155.79
        2.10     0.999561     14081602      2275.56
        2.10     0.999585     14081602      2409.41
        2.10     0.999609     14081602      2560.00
        2.10     0.999634     14081602      2730.67
        2.11     0.999658     14082683      2925.71
        2.11     0.999683     14082683      3150.77
        2.11     0.999707     14082683      3413.33
        2.13     0.999731     14083328      3723.64
        2.13     0.999756     14083328      4096.00
        2.14     0.999768     14083814      4311.58
        2.14     0.999780     14083814      4551.11
        2.14     0.999792     14083814      4818.82
        2.16     0.999805     14084002      5120.00
        2.19     0.999817     14084198      5461.33
        2.22     0.999829     14084332      5851.43
        2.29     0.999841     14084502      6301.54
        2.35     0.999854     14084685      6826.67
        2.40     0.999866     14084862      7447.27
        2.45     0.999878     14085060      8192.00
        2.46     0.999884     14085123      8623.16
        2.50     0.999890     14085209      9102.22
        2.53     0.999896     14085287      9637.65
        2.59     0.999902     14085371     10240.00
        2.65     0.999908     14085452     10922.67
        2.77     0.999915     14085538     11702.86
        2.81     0.999921     14085662     12603.08
        2.83     0.999927     14085720     13653.33
        2.86     0.999933     14085846     14894.55
        2.88     0.999939     14085910     16384.00
        2.90     0.999942     14085994     17246.32
        2.90     0.999945     14085994     18204.44
        2.91     0.999948     14086061     19275.29
        2.91     0.999951     14086061     20480.00
        2.93     0.999954     14086144     21845.33
        2.93     0.999957     14086144     23405.71
        2.94     0.999960     14086208     25206.15
        2.96     0.999963     14086261     27306.67
        2.98     0.999966     14086317     29789.09
        2.98     0.999969     14086317     32768.00
        2.99     0.999971     14086356     34492.63
        2.99     0.999973     14086356     36408.89
        3.01     0.999974     14086407     38550.59
        3.01     0.999976     14086407     40960.00
        3.02     0.999977     14086443     43690.67
        3.02     0.999979     14086443     46811.43
        3.04     0.999980     14086463     50412.31
        3.07     0.999982     14086480     54613.33
        3.36     0.999983     14086514     59578.18
        3.38     0.999985     14086534     65536.00
        3.38     0.999986     14086534     68985.26
        4.09     0.999986     14086554     72817.78
        4.13     0.999987     14086589     77101.18
        4.13     0.999988     14086589     81920.00
        4.13     0.999989     14086589     87381.33
        4.13     0.999989     14086589     93622.86
        4.86     0.999990     14086612    100824.62
        4.86     0.999991     14086612    109226.67
        4.89     0.999992     14086634    119156.36
        4.89     0.999992     14086634    131072.00
        4.93     0.999993     14086635    137970.53
       16.06     0.999993     14086654    145635.56
       16.06     0.999994     14086654    154202.35
       16.06     0.999994     14086654    163840.00
       16.13     0.999994     14086687    174762.67
       16.13     0.999995     14086687    187245.71
       16.13     0.999995     14086687    201649.23
       16.13     0.999995     14086687    218453.33
       16.13     0.999996     14086687    238312.73
       16.13     0.999996     14086687    262144.00
       16.13     0.999996     14086687    275941.05
       16.19     0.999997     14086689    291271.11
       48.13     0.999997     14086733    308404.71
       48.13     0.999997     14086733    327680.00
       48.13     0.999997     14086733    349525.33
       48.13     0.999997     14086733    374491.43
       48.13     0.999998     14086733    403298.46
       48.13     0.999998     14086733    436906.67
       48.13     0.999998     14086733    476625.45
       48.13     0.999998     14086733    524288.00
       48.13     0.999998     14086733    551882.11
       48.13     0.999998     14086733    582542.22
       48.13     0.999998     14086733    616809.41
       48.13     0.999998     14086733    655360.00
       48.13     0.999999     14086733    699050.67
       48.13     0.999999     14086733    748982.86
       48.13     0.999999     14086733    806596.92
       48.13     0.999999     14086733    873813.33
       48.13     0.999999     14086733    953250.91
       48.13     0.999999     14086733   1048576.00
       48.13     0.999999     14086733   1103764.21
       48.13     0.999999     14086733   1165084.44
       48.13     0.999999     14086733   1233618.82
       48.13     0.999999     14086733   1310720.00
       48.13     0.999999     14086733   1398101.33
       48.13     0.999999     14086733   1497965.71
       48.13     0.999999     14086733   1613193.85
       48.13     0.999999     14086733   1747626.67
       48.13     0.999999     14086733   1906501.82
       48.13     1.000000     14086733   2097152.00
       48.13     1.000000     14086733   2207528.42
       48.13     1.000000     14086733   2330168.89
       48.13     1.000000     14086733   2467237.65
       48.13     1.000000     14086733   2621440.00
       48.13     1.000000     14086733   2796202.67
       48.13     1.000000     14086733   2995931.43
       48.13     1.000000     14086733   3226387.69
       48.13     1.000000     14086733   3495253.33
       48.64     1.000000     14086734   3813003.64
       48.64     1.000000     14086734   4194304.00
       48.64     1.000000     14086734   4415056.84
       48.64     1.000000     14086734   4660337.78
       63.74     1.000000     14086736   4934475.29
       63.74     1.000000     14086736   5242880.00
       63.74     1.000000     14086736   5592405.33
       63.74     1.000000     14086736   5991862.86
       63.74     1.000000     14086736   6452775.39
       63.74     1.000000     14086736   6990506.67
       63.74     1.000000     14086736   7626007.28
       63.74     1.000000     14086736   8388608.00
       63.74     1.000000     14086736   8830113.68
       63.74     1.000000     14086736   9320675.55
       63.74     1.000000     14086736   9868950.59
       63.74     1.000000     14086736  10485760.00
       63.74     1.000000     14086736  11184810.67
       63.74     1.000000     14086736  11983725.71
       63.74     1.000000     14086736  12905550.76
       63.74     1.000000     14086736  13981013.34
       64.25     1.000000     14086737  15252014.55
       64.25     1.000000     14086737          inf
#[Mean    =        0.832, StdDeviation   =        0.232]
#[Max     =       64.255, Total count    =     14086737]
#[Buckets =           20, SubBuckets     =          256]
