       Value   Percentile   TotalCount 1/(1-Percentile)

        0.37     0.000000            1         1.00
        1.83     0.050000      3219975         1.05
        1.86     0.100000      5840333         1.11
        1.90     0.150000      9468962         1.18
        1.91     0.200000     11583020         1.25
        1.94     0.250000     14944654         1.33
        1.95     0.300000     17211461         1.43
        1.98     0.350000     20463137         1.54
        2.00     0.400000     23371861         1.67
        2.02     0.450000     25796395         1.82
        2.06     0.500000     28726278         2.00
        2.10     0.525000     30185653         2.11
        2.16     0.550000     31611056         2.22
        2.81     0.575000     32875094         2.35
        2.94     0.600000     34318439         2.50
        3.02     0.625000     36113113         2.67
        3.07     0.650000     37597157         2.86
        3.10     0.675000     38753526         3.08
        3.13     0.700000     40034479         3.33
        3.18     0.725000     42128707         3.64
        3.20     0.750000     42851490         4.00
        3.21     0.762500     43573460         4.21
        3.23     0.775000     44292669         4.44
        3.25     0.787500     44992646         4.71
        3.28     0.800000     46315195         5.00
        3.29     0.812500     46923766         5.33
        3.31     0.825000     47493369         5.71
        3.33     0.837500     48019492         6.15
        3.36     0.850000     48968241         6.67
        3.38     0.862500     49402872         7.27
        3.41     0.875000     50239185         8.00
        3.42     0.881250     50658587         8.42
        3.44     0.887500     51084730         8.89
        3.44     0.893750     51084730         9.41
        3.46     0.900000     51520949        10.00
        3.47     0.906250     51968893        10.67
        3.49     0.912500     52426519        11.43
        3.50     0.918750     52876230        12.31
        3.50     0.925000     52876230        13.33
        3.52     0.931250     53318974        14.55
        3.54     0.937500     53747383        16.00
        3.54     0.940625     53747383        16.84
        3.55     0.943750     54154809        17.78
        3.55     0.946875     54154809        18.82
        3.57     0.950000     54528016        20.00
        3.57     0.953125     54528016        21.33
        3.58     0.956250     54864709        22.86
        3.58     0.959375     54864709        24.62
        3.60     0.962500     55166083        26.67
        3.60     0.965625     55166083        29.09
        3.62     0.968750     55428032        32.00
        3.63     0.970313     55653612        33.68
        3.63     0.971875     55653612        35.56
        3.63     0.973437     55653612        37.65
        3.65     0.975000     55844951        40.00
        3.65     0.976562     55844951        42.67
        3.66     0.978125     56007133        45.71
        3.66     0.979688     56007133        49.23
        3.68     0.981250     56143615        53.33
        3.69     0.982812     56261281        58.18
        3.69     0.984375     56261281        64.00
        3.71     0.985156     56363008        67.37
        3.71     0.985938     56363008        71.11
        3.73     0.986719     56451328        75.29
        3.73     0.987500     56451328        80.00
        3.74     0.988281     56529954        85.33
        3.74     0.989062     56529954        91.43
        3.76     0.989844     56599730        98.46
        3.76     0.990625     56599730       106.67
        3.77     0.991406     56663365       116.36
        3.79     0.992188     56722391       128.00
        3.79     0.992578     56722391       134.74
        3.81     0.992969     56776457       142.22
        3.81     0.993359     56776457       150.59
        3.81     0.993750     56776457       160.00
        3.82     0.994141     56824911       170.67
        3.82     0.994531     56824911       182.86
        3.84     0.994922     56867641       196.92
        3.84     0.995313     56867641       213.33
        3.85     0.995703     56906079       232.73
        3.87     0.996094     56940491       256.00
        3.87     0.996289     56940491       269.47
        3.87     0.996484     56940491       284.44
        3.87     0.996680     56940491       301.18
        3.89     0.996875     56969933       320.00
        3.89     0.997070     56969933       341.33
        3.90     0.997266     56995640       365.71
        3.90     0.997461     56995640       393.85
        3.90     0.997656     56995640       426.67
        3.92     0.997852     57017053       465.45
        3.94     0.998047     57034819       512.00
        3.94     0.998145     57034819       538.95
        3.94     0.998242     57034819       568.89
        3.94     0.998340     57034819       602.35
        3.95     0.998437     57049722       640.00
        3.95     0.998535     57049722       682.67
        3.97     0.998633     57061852       731.43
        3.97     0.998730     57061852       787.69
        3.98     0.998828     57071631       853.33
        3.98     0.998926     57071631       930.91
        4.00     0.999023     57079836      1024.00
        4.00     0.999072     57079836      1077.89
        4.00     0.999121     57079836      1137.78
        4.01     0.999170     57086270      1204.71
        4.01     0.999219     57086270      1280.00
        4.03     0.999268     57091497      1365.33
        4.03     0.999316     57091497      1462.86
        4.05     0.999365     57095805      1575.38
        4.06     0.999414     57099272      1706.67
        4.06     0.999463     57099272      1861.82
        4.08     0.999512     57102281      2048.00
        4.09     0.999536     57104554      2155.79
        4.09     0.999561     57104554      2275.56
        4.13     0.999585     57108120      2409.41
        4.13     0.999609     57108120      2560.00
        4.16     0.999634     57110867      2730.67
        4.16     0.999658     57110867      2925.71
        4.19     0.999683     57113106      3150.77
        4.19     0.999707     57113106      3413.33
        4.22     0.999731     57115000      3723.64
        4.25     0.999756     57116631      4096.00
        4.25     0.999768     57116631      4311.58
        4.29     0.999780     57118117      4551.11
        4.29     0.999792     57118117      4818.82
        4.32     0.999805     57119311      5120.00
        4.32     0.999817     57119311      5461.33
        4.35     0.999829     57120386      5851.43
        4.35     0.999841     57120386      6301.54
        4.38     0.999854     57121402      6826.67
        4.42     0.999866     57122352      7447.27
        4.45     0.999878     57123155      8192.00
        4.45     0.999884     57123155      8623.16
        4.45     0.999890     57123155      9102.22
        4.48     0.999896     57123833      9637.65
        4.48     0.999902     57123833     10240.00
        4.51     0.999908     57124407     10922.67
        4.54     0.999915     57125026     11702.86
        4.54     0.999921     57125026     12603.08
        4.58     0.999927     57125648     13653.33
        4.58     0.999933     57125648     14894.55
        4.61     0.999939     57126190     16384.00
        4.61     0.999942     57126190     17246.32
        4.64     0.999945     57126579     18204.44
        4.64     0.999948     57126579     19275.29
        4.64     0.999951     57126579     20480.00
        4.67     0.999954     57126906     21845.33
        4.67     0.999957     57126906     23405.71
        4.70     0.999960     57127269     25206.15
        4.70     0.999963     57127269     27306.67
        4.74     0.999966     57127574     29789.09
        4.77     0.999969     57127804     32768.00
        4.77     0.999971     57127804     34492.63
        4.77     0.999973     57127804     36408.89
        4.80     0.999974     57127990     38550.59
        4.80     0.999976     57127990     40960.00
        4.83     0.999977     57128149     43690.67
        4.83     0.999979     57128149     46811.43
        4.86     0.999980     57128253     50412.31
        4.89     0.999982     57128406     54613.33
        4.89     0.999983     57128406     59578.18
        4.93     0.999985     57128510     65536.00
        4.96     0.999986     57128595     68985.26
        4.96     0.999986     57128595     72817.78
        4.99     0.999987     57128687     77101.18
        4.99     0.999988     57128687     81920.00
        5.02     0.999989     57128718     87381.33
        5.05     0.999989     57128797     93622.86
        5.05     0.999990     57128797    100824.62
        5.09     0.999991     57128854    109226.67
        5.12     0.999992     57128893    119156.36
        5.15     0.999992     57128935    131072.00
        5.15     0.999993     57128935    137970.53
        5.18     0.999993     57128991    145635.56
        5.18     0.999994     57128991    154202.35
        5.21     0.999994     57129029    163840.00
        5.21     0.999994     57129029    174762.67
        5.25     0.999995     57129054    187245.71
        5.28     0.999995     57129082    201649.23
        5.28     0.999995     57129082    218453.33
        5.31     0.999996     57129115    238312.73
        5.34     0.999996     57129157    262144.00
        5.34     0.999996     57129157    275941.05
        5.34     0.999997     57129157    291271.11
        5.38     0.999997     57129167    308404.71
        5.41     0.999997     57129177    327680.00
        5.44     0.999997     57129183    349525.33
        5.47     0.999997     57129194    374491.43
        5.50     0.999998     57129207    403298.46
        5.54     0.999998     57129230    436906.67
        5.54     0.999998     57129230    476625.45
        5.57     0.999998     57129242    524288.00
        5.57     0.999998     57129242    551882.11
        5.60     0.999998     57129253    582542.22
        5.60     0.999998     57129253    616809.41
        5.63     0.999998     57129268    655360.00
        5.63     0.999999     57129268    699050.67
        5.63     0.999999     57129268    748982.86
        5.70     0.999999     57129274    806596.92
        5.73     0.999999     57129286    873813.33
        5.73     0.999999     57129286    953250.91
        5.76     0.999999     57129294   1048576.00
        5.76     0.999999     57129294   1103764.21
        5.76     0.999999     57129294   1165084.44
        5.79     0.999999     57129301   1233618.82
        5.79     0.999999     57129301   1310720.00
        5.82     0.999999     57129311   1398101.33
        5.82     0.999999     57129311   1497965.71
        5.82     0.999999     57129311   1613193.85
        5.82     0.999999     57129311   1747626.67
        5.89     0.999999     57129319   1906501.82
        5.89     1.000000     57129319   2097152.00
        5.89     1.000000     57129319   2207528.42
        5.89     1.000000     57129319   2330168.89
        5.92     1.000000     57129328   2467237.65
        5.92     1.000000     57129328   2621440.00
        5.92     1.000000     57129328   2796202.67
        5.92     1.000000     57129328   2995931.43
        5.92     1.000000     57129328   3226387.69
        5.92     1.000000     57129328   3495253.33
        5.95     1.000000     57129329   3813003.64
        5.98     1.000000     57129333   4194304.00
        5.98     1.000000     57129333   4415056.84
        5.98     1.000000     57129333   4660337.78
        5.98     1.000000     57129333   4934475.29
        5.98     1.000000     57129333   5242880.00
        5.98     1.000000     57129333   5592405.33
        6.01     1.000000     57129337   5991862.86
        6.01     1.000000     57129337   6452775.39
        6.01     1.000000     57129337   6990506.67
        6.01     1.000000     57129337   7626007.28
        6.01     1.000000     57129337   8388608.00
        6.01     1.000000     57129337   8830113.68
        6.01     1.000000     57129337   9320675.55
        6.17     1.000000     57129341   9868950.59
        6.17     1.000000     57129341  10485760.00
        6.17     1.000000     57129341  11184810.67
        6.17     1.000000     57129341  11983725.71
        6.17     1.000000     57129341  12905550.76
        6.17     1.000000     57129341  13981013.34
        6.17     1.000000     57129341  15252014.55
        6.17     1.000000     57129341  16777216.00
        6.17     1.000000     57129341  17660227.38
        6.17     1.000000     57129341  18641351.10
        6.17     1.000000     57129341  19737901.19
        6.17     1.000000     57129341  20971519.98
        6.17     1.000000     57129341  22369621.33
        6.17     1.000000     57129341  23967451.45
        6.17     1.000000     57129341  25811101.52
        6.17     1.000000     57129341  27962026.68
        6.27     1.000000     57129342  30504029.05
        6.27     1.000000     57129342  33554432.00
        6.27     1.000000     57129342  35320454.76
        6.27     1.000000     57129342  37282702.28
        6.27     1.000000     57129342  39475802.28
        6.27     1.000000     57129342  41943039.96
        6.27     1.000000     57129342  44739242.67
        6.27     1.000000     57129342  47934902.91
        6.27     1.000000     57129342  51622203.20
        6.27     1.000000     57129342  55924053.19
        7.17     1.000000     57129343  61008058.10
        7.17     1.000000     57129343          inf
#[Mean    =        2.519, StdDeviation   =        0.674]
#[Max     =        7.167, Total count    =     57129343]
#[Buckets =           20, SubBuckets     =          256]
