       Value   Percentile   TotalCount 1/(1-Percentile)

        0.02     0.000000          485         1.00
        0.34     0.050000       130361         1.05
        0.57     0.100000       256768         1.11
        0.66     0.150000       394508         1.18
        0.68     0.200000       542384         1.25
        0.69     0.250000       651721         1.33
        0.69     0.300000       780340         1.43
        0.70     0.350000       933087         1.54
        0.71     0.400000      1116176         1.67
        0.72     0.450000      1339033         1.82
        0.72     0.500000      1339033         2.00
        0.73     0.525000      1598476         2.11
        0.73     0.550000      1598476         2.22
        0.73     0.575000      1598476         2.35
        0.73     0.600000      1598476         2.50
        0.73     0.625000      1872077         2.67
        0.73     0.650000      1872077         2.86
        0.73     0.675000      1872077         3.08
        0.73     0.700000      1872077         3.33
        0.73     0.725000      1872077         3.64
        0.74     0.750000      2107845         4.00
        0.74     0.762500      2107845         4.21
        0.74     0.775000      2107845         4.44
        0.74     0.787500      2107845         4.71
        0.74     0.800000      2107845         5.00
        0.74     0.812500      2107845         5.33
        0.75     0.825000      2268814         5.71
        0.75     0.837500      2268814         6.15
        0.75     0.850000      2268814         6.67
        0.75     0.862500      2268814         7.27
        0.75     0.875000      2268814         8.00
        0.75     0.881250      2268814         8.42
        0.76     0.887500      2354704         8.89
        0.76     0.893750      2354704         9.41
        0.76     0.900000      2354704        10.00
        0.76     0.906250      2354704        10.67
        0.76     0.912500      2354704        11.43
        0.77     0.918750      2393888        12.31
        0.77     0.925000      2393888        13.33
        0.77     0.931250      2393888        14.55
        0.78     0.937500      2411291        16.00
        0.78     0.940625      2420920        16.84
        0.78     0.943750      2420920        17.78
        0.80     0.946875      2432218        18.82
        0.81     0.950000      2436785        20.00
        0.82     0.953125      2443947        21.33
        0.85     0.956250      2453381        22.86
        0.87     0.959375      2461908        24.62
        0.90     0.962500      2469152        26.67
        0.94     0.965625      2477425        29.09
        0.96     0.968750      2484942        32.00
        0.97     0.970313      2489702        33.68
        0.98     0.971875      2491829        35.56
        1.01     0.973437      2496681        37.65
        1.05     0.975000      2499970        40.00
        1.18     0.976562      2503762        42.67
        1.29     0.978125      2507961        45.71
        1.33     0.979688      2512511        49.23
        1.36     0.981250      2517347        53.33
        1.38     0.982812      2521180        58.18
        1.39     0.984375      2525650        64.00
        1.40     0.985156      2527954        67.37
        1.40     0.985938      2527954        71.11
        1.41     0.986719      2530595        75.29
        1.42     0.987500      2533516        80.00
        1.42     0.988281      2536676        85.33
        1.42     0.989062      2536676        91.43
        1.43     0.989844      2540235        98.46
        1.43     0.990625      2540235       106.67
        1.44     0.991406      2544241       116.36
        1.44     0.992188      2544241       128.00
        1.45     0.992578      2548324       134.74
        1.45     0.992969      2548324       142.22
        1.45     0.993359      2548324       150.59
        1.45     0.993750      2548324       160.00
        1.46     0.994141      2552156       170.67
        1.46     0.994531      2552156       182.86
        1.46     0.994922      2552156       196.92
        1.46     0.995313      2552156       213.33
        1.46     0.995703      2555575       232.73
        1.46     0.996094      2555575       256.00
        1.46     0.996289      2555575       269.47
        1.46     0.996484      2555575       284.44
        1.46     0.996680      2555575       301.18
        1.47     0.996875      2558161       320.00
        1.47     0.997070      2558161       341.33
        1.47     0.997266      2558161       365.71
        1.47     0.997461      2558161       393.85
        1.47     0.997656      2558161       426.67
        1.48     0.997852      2559969       465.45
        1.48     0.998047      2559969       512.00
        1.48     0.998145      2559969       538.95
        1.48     0.998242      2559969       568.89
        1.48     0.998340      2559969       602.35
        1.48     0.998437      2559969       640.00
        1.49     0.998535      2561086       682.67
        1.49     0.998633      2561086       731.43
        1.49     0.998730      2561086       787.69
        1.49     0.998828      2561086       853.33
        1.49     0.998926      2561086       930.91
        1.50     0.999023      2561803      1024.00
        1.50     0.999072      2561803      1077.89
        1.50     0.999121      2561803      1137.78
        1.50     0.999170      2561803      1204.71
        1.50     0.999219      2561803      1280.00
        1.50     0.999268      2562221      1365.33
        1.50     0.999316      2562221      1462.86
        1.50     0.999365      2562221      1575.38
        1.51     0.999414      2562506      1706.67
        1.51     0.999463      2562506      1861.82
        1.52     0.999512      2562728      2048.00
        1.52     0.999536      2562728      2155.79
        1.52     0.999561      2562728      2275.56
        1.53     0.999585      2562884      2409.41
        1.53     0.999609      2562884      2560.00
        1.53     0.999634      2562884      2730.67
        1.53     0.999658      2563025      2925.71
        1.53     0.999683      2563025      3150.77
        1.54     0.999707      2563164      3413.33
        1.54     0.999731      2563164      3723.64
        1.55     0.999756      2563257      4096.00
        1.55     0.999768      2563257      4311.58
        1.55     0.999780      2563257      4551.11
        1.56     0.999792      2563342      4818.82
        1.56     0.999805      2563342      5120.00
        1.56     0.999817      2563342      5461.33
        1.57     0.999829      2563428      5851.43
        1.57     0.999841      2563428      6301.54
        1.57     0.999854      2563428      6826.67
        1.57     0.999866      2563492      7447.27
        1.57     0.999878      2563492      8192.00
        1.58     0.999884      2563565      8623.16
        1.58     0.999890      2563565      9102.22
        1.58     0.999896      2563565      9637.65
        1.58     0.999902      2563565     10240.00
        1.59     0.999908      2563614     10922.67
        1.59     0.999915      2563614     11702.86
        1.59     0.999921      2563614     12603.08
        1.59     0.999927      2563614     13653.33
        1.60     0.999933      2563639     14894.55
        1.61     0.999939      2563665     16384.00
        1.61     0.999942      2563665     17246.32
        1.61     0.999945      2563665     18204.44
        1.61     0.999948      2563683     19275.29
        1.61     0.999951      2563683     20480.00
        1.61     0.999954      2563683     21845.33
        1.62     0.999957      2563693     23405.71
        1.64     0.999960      2563700     25206.15
        1.66     0.999963      2563708     27306.67
        1.70     0.999966      2563714     29789.09
        1.74     0.999969      2563722     32768.00
        1.74     0.999971      2563726     34492.63
        1.76     0.999973      2563732     36408.89
        1.77     0.999974      2563734     38550.59
        1.79     0.999976      2563738     40960.00
        1.81     0.999977      2563742     43690.67
        1.84     0.999979      2563746     46811.43
        1.87     0.999980      2563750     50412.31
        1.90     0.999982      2563756     54613.33
        1.91     0.999983      2563757     59578.18
        1.97     0.999985      2563763     65536.00
        1.97     0.999986      2563763     68985.26
        2.03     0.999986      2563766     72817.78
        2.04     0.999987      2563767     77101.18
        2.06     0.999988      2563770     81920.00
        2.08     0.999989      2563771     87381.33
        2.10     0.999989      2563775     93622.86
        2.10     0.999990      2563775    100824.62
        2.11     0.999991      2563779    109226.67
        2.11     0.999992      2563779    119156.36
        2.13     0.999992      2563782    131072.00
        2.13     0.999993      2563782    137970.53
        2.14     0.999993      2563783    145635.56
        2.16     0.999994      2563786    154202.35
        2.16     0.999994      2563786    163840.00
        2.16     0.999994      2563786    174762.67
        2.17     0.999995      2563789    187245.71
        2.17     0.999995      2563789    201649.23
        2.17     0.999995      2563789    218453.33
        2.19     0.999996      2563792    238312.73
        2.19     0.999996      2563792    262144.00
        2.19     0.999996      2563792    275941.05
        2.19     0.999997      2563792    291271.11
        2.19     0.999997      2563792    308404.71
        2.21     0.999997      2563795    327680.00
        2.21     0.999997      2563795    349525.33
        2.21     0.999997      2563795    374491.43
        2.21     0.999998      2563795    403298.46
        2.21     0.999998      2563795    436906.67
        2.21     0.999998      2563795    476625.45
        2.22     0.999998      2563798    524288.00
        2.22     0.999998      2563798    551882.11
        2.22     0.999998      2563798    582542.22
        2.22     0.999998      2563798    616809.41
        2.22     0.999998      2563798    655360.00
        2.22     0.999999      2563798    699050.67
        2.22     0.999999      2563798    748982.86
        2.22     0.999999      2563798    806596.92
        2.22     0.999999      2563798    873813.33
        2.22     0.999999      2563798    953250.91
        2.22     0.999999      2563798   1048576.00
        2.22     0.999999      2563798   1103764.21
        2.22     0.999999      2563798   1165084.44
        2.22     0.999999      2563798   1233618.82
        2.24     0.999999      2563799   1310720.00
        2.24     0.999999      2563799   1398101.33
        2.24     0.999999      2563799   1497965.71
        2.24     0.999999      2563799   1613193.85
        2.24     0.999999      2563799   1747626.67
        2.24     0.999999      2563799   1906501.82
        2.24     1.000000      2563799   2097152.00
        2.24     1.000000      2563799   2207528.42
        2.24     1.000000      2563799   2330168.89
        2.24     1.000000      2563799   2467237.65
        2.93     1.000000      2563800   2621440.00
        2.93     1.000000      2563800          inf
#[Mean    =        0.698, StdDeviation   =        0.176]
#[Max     =        2.927, Total count    =      2563800]
#[Buckets =           20, SubBuckets     =          256]
