       Value   Percentile   TotalCount 1/(1-Percentile)

        0.02     0.000000         2462         1.00
        0.35     0.050000       861599         1.05
        0.61     0.100000      1728056         1.11
        0.69     0.150000      2614867         1.18
        0.71     0.200000      3582806         1.25
        0.72     0.250000      4353563         1.33
        0.73     0.300000      5327733         1.43
        0.73     0.350000      6494494         1.54
        0.74     0.400000      7829073         1.67
        0.74     0.450000      7829073         1.82
        0.75     0.500000      9295851         2.00
        0.75     0.525000      9295851         2.11
        0.76     0.550000     10801254         2.22
        0.76     0.575000     10801254         2.35
        0.76     0.600000     10801254         2.50
        0.76     0.625000     10801254         2.67
        0.77     0.650000     12167675         2.86
        0.77     0.675000     12167675         3.08
        0.77     0.700000     12167675         3.33
        0.78     0.725000     13201466         3.64
        0.78     0.750000     13201466         4.00
        0.78     0.762500     13201466         4.21
        0.78     0.775000     13201466         4.44
        0.78     0.787500     13858717         4.71
        0.78     0.800000     13858717         5.00
        0.78     0.812500     13858717         5.33
        0.79     0.825000     14235039         5.71
        0.79     0.837500     14235039         6.15
        0.80     0.850000     14449846         6.67
        0.81     0.862500     14591490         7.27
        0.82     0.875000     14828887         8.00
        0.83     0.881250     14953180         8.42
        0.84     0.887500     15086490         8.89
        0.85     0.893750     15225917         9.41
        0.85     0.900000     15225917        10.00
        0.85     0.906250     15369225        10.67
        0.86     0.912500     15512615        11.43
        0.87     0.918750     15649551        12.31
        0.87     0.925000     15649551        13.33
        0.88     0.931250     15770439        14.55
        0.89     0.937500     15876113        16.00
        0.90     0.940625     15961372        16.84
        0.90     0.943750     15961372        17.78
        0.90     0.946875     16026405        18.82
        0.91     0.950000     16077384        20.00
        0.92     0.953125     16118785        21.33
        0.94     0.956250     16182912        22.86
        0.95     0.959375     16232400        24.62
        0.97     0.962500     16290780        26.67
        0.99     0.965625     16326744        29.09
        1.01     0.968750     16379099        32.00
        1.03     0.970313     16409376        33.68
        1.05     0.971875     16435024        35.56
        1.07     0.973437     16462114        37.65
        1.11     0.975000     16485231        40.00
        1.20     0.976562     16511622        42.67
        1.29     0.978125     16537672        45.71
        1.38     0.979688     16563975        49.23
        1.42     0.981250     16597242        53.33
        1.43     0.982812     16617340        58.18
        1.46     0.984375     16654616        64.00
        1.46     0.985156     16668853        67.37
        1.47     0.985938     16684107        71.11
        1.47     0.986719     16684107        75.29
        1.48     0.987500     16700231        80.00
        1.49     0.988281     16717006        85.33
        1.50     0.989062     16734365        91.43
        1.50     0.989844     16752407        98.46
        1.50     0.990625     16752407       106.67
        1.51     0.991406     16770354       116.36
        1.52     0.992188     16787740       128.00
        1.52     0.992578     16787740       134.74
        1.53     0.992969     16803881       142.22
        1.53     0.993359     16803881       150.59
        1.53     0.993750     16803881       160.00
        1.53     0.994141     16818162       170.67
        1.53     0.994531     16818162       182.86
        1.54     0.994922     16830385       196.92
        1.54     0.995313     16830385       213.33
        1.55     0.995703     16840394       232.73
        1.56     0.996094     16848135       256.00
        1.56     0.996289     16848135       269.47
        1.56     0.996484     16848135       284.44
        1.57     0.996680     16853997       301.18
        1.57     0.996875     16858517       320.00
        1.57     0.997070     16858517       341.33
        1.58     0.997266     16861924       365.71
        1.59     0.997461     16864557       393.85
        1.61     0.997656     16868523       426.67
        1.62     0.997852     16871748       465.45
        1.64     0.998047     16874825       512.00
        1.65     0.998145     16876398       538.95
        1.66     0.998242     16877943       568.89
        1.66     0.998340     16879493       602.35
        1.67     0.998437     16881047       640.00
        1.68     0.998535     16882586       682.67
        1.69     0.998633     16884247       731.43
        1.70     0.998730     16885802       787.69
        1.70     0.998828     16887413       853.33
        1.72     0.998926     16890541       930.91
        1.73     0.999023     16892093      1024.00
        1.73     0.999072     16892093      1077.89
        1.74     0.999121     16893552      1137.78
        1.74     0.999170     16893552      1204.71
        1.74     0.999219     16894980      1280.00
        1.74     0.999268     16894980      1365.33
        1.75     0.999316     16896314      1462.86
        1.76     0.999365     16897501      1575.38
        1.76     0.999414     16897501      1706.67
        1.77     0.999463     16898557      1861.82
        1.77     0.999512     16899492      2048.00
        1.77     0.999536     16899492      2155.79
        1.78     0.999561     16900317      2275.56
        1.78     0.999585     16900317      2409.41
        1.79     0.999609     16901031      2560.00
        1.79     0.999634     16901031      2730.67
        1.80     0.999658     16901645      2925.71
        1.81     0.999683     16902189      3150.77
        1.81     0.999707     16902664      3413.33
        1.81     0.999731     16902664      3723.64
        1.82     0.999756     16903079      4096.00
        1.83     0.999768     16903422      4311.58
        1.84     0.999780     16903760      4551.11
        1.84     0.999792     16903760      4818.82
        1.85     0.999805     16904062      5120.00
        1.85     0.999817     16904346      5461.33
        1.85     0.999829     16904346      5851.43
        1.86     0.999841     16904613      6301.54
        1.87     0.999854     16904866      6826.67
        1.88     0.999866     16905064      7447.27
        1.89     0.999878     16905245      8192.00
        1.89     0.999884     16905245      8623.16
        1.90     0.999890     16905400      9102.22
        1.90     0.999896     16905536      9637.65
        1.91     0.999902     16905660     10240.00
        1.91     0.999908     16905660     10922.67
        1.93     0.999915     16905835     11702.86
        1.94     0.999921     16905926     12603.08
        1.94     0.999927     16906034     13653.33
        1.95     0.999933     16906104     14894.55
        1.96     0.999939     16906196     16384.00
        1.97     0.999942     16906274     17246.32
        1.98     0.999945     16906348     18204.44
        1.98     0.999948     16906348     19275.29
        1.98     0.999951     16906409     20480.00
        1.99     0.999954     16906453     21845.33
        2.00     0.999957     16906487     23405.71
        2.02     0.999960     16906559     25206.15
        2.02     0.999963     16906586     27306.67
        2.05     0.999966     16906643     29789.09
        2.10     0.999969     16906689     32768.00
        2.14     0.999971     16906724     34492.63
        2.17     0.999973     16906750     36408.89
        2.22     0.999974     16906773     38550.59
        2.25     0.999976     16906794     40960.00
        2.32     0.999977     16906826     43690.67
        2.35     0.999979     16906843     46811.43
        2.43     0.999980     16906872     50412.31
        2.51     0.999982     16906895     54613.33
        2.65     0.999983     16906921     59578.18
        3.82     0.999985     16906997     65536.00
        3.82     0.999986     16906997     68985.26
        3.82     0.999986     16906997     72817.78
        3.82     0.999987     16906997     77101.18
        4.61     0.999988     16906999     81920.00
        4.80     0.999989     16907023     87381.33
        4.83     0.999989     16907051     93622.86
        4.83     0.999990     16907051    100824.62
        4.83     0.999991     16907051    109226.67
        4.89     0.999992     16907075    119156.36
        4.93     0.999992     16907097    131072.00
        4.93     0.999993     16907097    137970.53
        4.93     0.999993     16907097    145635.56
        4.93     0.999994     16907097    154202.35
        5.57     0.999994     16907101    163840.00
       72.19     0.999994     16907111    174762.67
       72.70     0.999995     16907133    187245.71
       72.70     0.999995     16907133    201649.23
       72.70     0.999995     16907133    218453.33
       73.22     0.999996     16907142    238312.73
       73.22     0.999996     16907142    262144.00
       73.73     0.999996     16907143    275941.05
       79.36     0.999997     16907148    291271.11
       80.89     0.999997     16907150    308404.71
      167.94     0.999997     16907196    327680.00
      167.94     0.999997     16907196    349525.33
      167.94     0.999997     16907196    374491.43
      167.94     0.999998     16907196    403298.46
      167.94     0.999998     16907196    436906.67
      167.94     0.999998     16907196    476625.45
      167.94     0.999998     16907196    524288.00
      167.94     0.999998     16907196    551882.11
      167.94     0.999998     16907196    582542.22
      167.94     0.999998     16907196    616809.41
      167.94     0.999998     16907196    655360.00
      167.94     0.999999     16907196    699050.67
      167.94     0.999999     16907196    748982.86
      167.94     0.999999     16907196    806596.92
      167.94     0.999999     16907196    873813.33
      167.94     0.999999     16907196    953250.91
      167.94     0.999999     16907196   1048576.00
      167.94     0.999999     16907196   1103764.21
      167.94     0.999999     16907196   1165084.44
      167.94     0.999999     16907196   1233618.82
      167.94     0.999999     16907196   1310720.00
      167.94     0.999999     16907196   1398101.33
      167.94     0.999999     16907196   1497965.71
      167.94     0.999999     16907196   1613193.85
      167.94     0.999999     16907196   1747626.67
      167.94     0.999999     16907196   1906501.82
      167.94     1.000000     16907196   2097152.00
      168.96     1.000000     16907200   2207528.42
      168.96     1.000000     16907200   2330168.89
      168.96     1.000000     16907200   2467237.65
      168.96     1.000000     16907200   2621440.00
      168.96     1.000000     16907200   2796202.67
      168.96     1.000000     16907200   2995931.43
      168.96     1.000000     16907200   3226387.69
      168.96     1.000000     16907200   3495253.33
      168.96     1.000000     16907200   3813003.64
      168.96     1.000000     16907200   4194304.00
      169.98     1.000000     16907204   4415056.84
      169.98     1.000000     16907204          inf
#[Mean    =        0.736, StdDeviation   =        0.373]
#[Max     =      169.983, Total count    =     16907204]
#[Buckets =           20, SubBuckets     =          256]
