       Value   Percentile   TotalCount 1/(1-Percentile)

        0.02     0.000000         4388         1.00
        0.34     0.050000       848065         1.05
        0.59     0.100000      1709682         1.11
        0.69     0.150000      2585848         1.18
        0.70     0.200000      3451533         1.25
        0.72     0.250000      4923325         1.33
        0.73     0.300000      5890147         1.43
        0.73     0.350000      7026834         1.54
        0.73     0.400000      7026834         1.67
        0.74     0.450000      8354457         1.82
        0.75     0.500000      9861757         2.00
        0.75     0.525000      9861757         2.11
        0.75     0.550000      9861757         2.22
        0.75     0.575000      9861757         2.35
        0.76     0.600000     11434121         2.50
        0.76     0.625000     11434121         2.67
        0.76     0.650000     11434121         2.86
        0.76     0.675000     11434121         3.08
        0.77     0.700000     12759603         3.33
        0.77     0.725000     12759603         3.64
        0.77     0.750000     12759603         4.00
        0.78     0.762500     13668111         4.21
        0.78     0.775000     13668111         4.44
        0.78     0.787500     13668111         4.71
        0.78     0.800000     13668111         5.00
        0.78     0.812500     14199601         5.33
        0.78     0.825000     14199601         5.71
        0.78     0.837500     14199601         6.15
        0.79     0.850000     14488459         6.67
        0.80     0.862500     14656581         7.27
        0.81     0.875000     14896443         8.00
        0.82     0.881250     15015072         8.42
        0.82     0.887500     15015072         8.89
        0.83     0.893750     15143614         9.41
        0.84     0.900000     15277505        10.00
        0.85     0.906250     15416122        10.67
        0.85     0.912500     15558892        11.43
        0.85     0.918750     15558892        12.31
        0.86     0.925000     15695255        13.33
        0.87     0.931250     15821257        14.55
        0.88     0.937500     15929097        16.00
        0.88     0.940625     15929097        16.84
        0.89     0.943750     16016321        17.78
        0.89     0.946875     16016321        18.82
        0.90     0.950000     16082261        20.00
        0.90     0.953125     16131773        21.33
        0.91     0.956250     16170432        22.86
        0.93     0.959375     16225195        24.62
        0.95     0.962500     16284751        26.67
        0.97     0.965625     16338587        29.09
        1.00     0.968750     16389061        32.00
        1.01     0.970313     16418354        33.68
        1.03     0.971875     16443221        35.56
        1.05     0.973437     16462257        37.65
        1.08     0.975000     16486275        40.00
        1.16     0.976562     16513042        42.67
        1.25     0.978125     16538810        45.71
        1.36     0.979688     16568306        49.23
        1.39     0.981250     16591694        53.33
        1.42     0.982812     16626831        58.18
        1.44     0.984375     16648396        64.00
        1.45     0.985156     16660160        67.37
        1.46     0.985938     16672929        71.11
        1.46     0.986719     16686184        75.29
        1.47     0.987500     16700330        80.00
        1.48     0.988281     16715446        85.33
        1.49     0.989062     16731686        91.43
        1.50     0.989844     16748728        98.46
        1.50     0.990625     16766860       106.67
        1.50     0.991406     16766860       116.36
        1.51     0.992188     16785005       128.00
        1.51     0.992578     16785005       134.74
        1.52     0.992969     16802393       142.22
        1.52     0.993359     16802393       150.59
        1.53     0.993750     16817833       160.00
        1.53     0.994141     16817833       170.67
        1.53     0.994531     16817833       182.86
        1.53     0.994922     16831208       196.92
        1.53     0.995313     16831208       213.33
        1.54     0.995703     16842188       232.73
        1.55     0.996094     16850743       256.00
        1.55     0.996289     16850743       269.47
        1.55     0.996484     16850743       284.44
        1.56     0.996680     16857130       301.18
        1.56     0.996875     16857130       320.00
        1.57     0.997070     16861757       341.33
        1.57     0.997266     16865259       365.71
        1.58     0.997461     16867933       393.85
        1.59     0.997656     16870058       426.67
        1.61     0.997852     16873504       465.45
        1.62     0.998047     16876533       512.00
        1.63     0.998145     16878026       538.95
        1.64     0.998242     16879493       568.89
        1.65     0.998340     16881082       602.35
        1.66     0.998437     16882558       640.00
        1.66     0.998535     16884039       682.67
        1.67     0.998633     16885563       731.43
        1.68     0.998730     16887092       787.69
        1.69     0.998828     16888666       853.33
        1.70     0.998926     16891837       930.91
        1.71     0.999023     16893465      1024.00
        1.71     0.999072     16893465      1077.89
        1.72     0.999121     16895000      1137.78
        1.72     0.999170     16895000      1204.71
        1.73     0.999219     16896384      1280.00
        1.73     0.999268     16896384      1365.33
        1.74     0.999316     16897729      1462.86
        1.74     0.999365     16899037      1575.38
        1.74     0.999414     16899037      1706.67
        1.75     0.999463     16900192      1861.82
        1.76     0.999512     16901175      2048.00
        1.76     0.999536     16901175      2155.79
        1.76     0.999561     16901175      2275.56
        1.77     0.999585     16902064      2409.41
        1.77     0.999609     16902064      2560.00
        1.77     0.999634     16902790      2730.67
        1.77     0.999658     16902790      2925.71
        1.78     0.999683     16903422      3150.77
        1.79     0.999707     16903945      3413.33
        1.79     0.999731     16903945      3723.64
        1.80     0.999756     16904392      4096.00
        1.81     0.999768     16904709      4311.58
        1.81     0.999780     16905018      4551.11
        1.81     0.999792     16905018      4818.82
        1.82     0.999805     16905247      5120.00
        1.83     0.999817     16905474      5461.33
        1.84     0.999829     16905704      5851.43
        1.85     0.999841     16905931      6301.54
        1.85     0.999854     16906120      6826.67
        1.86     0.999866     16906282      7447.27
        1.87     0.999878     16906434      8192.00
        1.88     0.999884     16906582      8623.16
        1.89     0.999890     16906705      9102.22
        1.90     0.999896     16906832      9637.65
        1.90     0.999902     16906832     10240.00
        1.90     0.999908     16906927     10922.67
        1.92     0.999915     16907108     11702.86
        1.93     0.999921     16907175     12603.08
        1.94     0.999927     16907246     13653.33
        1.95     0.999933     16907365     14894.55
        1.97     0.999939     16907478     16384.00
        1.98     0.999942     16907534     17246.32
        1.98     0.999945     16907586     18204.44
        1.99     0.999948     16907626     19275.29
        2.00     0.999951     16907655     20480.00
        2.02     0.999954     16907703     21845.33
        2.05     0.999957     16907750     23405.71
        2.10     0.999960     16907807     25206.15
        2.14     0.999963     16907857     27306.67
        2.21     0.999966     16907908     29789.09
        2.25     0.999969     16907961     32768.00
        2.29     0.999971     16907989     34492.63
        2.32     0.999973     16908017     36408.89
        2.35     0.999974     16908035     38550.59
        2.40     0.999976     16908063     40960.00
        2.54     0.999977     16908089     43690.67
        2.65     0.999979     16908111     46811.43
        3.68     0.999980     16908148     50412.31
        3.71     0.999982     16908178     54613.33
        3.73     0.999983     16908194     59578.18
        3.74     0.999985     16908223     65536.00
        3.76     0.999986     16908239     68985.26
        3.77     0.999986     16908241     72817.78
        3.79     0.999987     16908256     77101.18
        3.81     0.999988     16908286     81920.00
        3.81     0.999989     16908286     87381.33
        4.05     0.999989     16908306     93622.86
        4.05     0.999990     16908306    100824.62
        4.06     0.999991     16908319    109226.67
        4.58     0.999992     16908331    119156.36
        4.77     0.999992     16908344    131072.00
        4.80     0.999993     16908380    137970.53
        4.80     0.999993     16908380    145635.56
        4.80     0.999994     16908380    154202.35
        4.80     0.999994     16908380    163840.00
        4.80     0.999994     16908380    174762.67
        4.83     0.999995     16908382    187245.71
       72.19     0.999995     16908390    201649.23
       72.70     0.999995     16908397    218453.33
       73.22     0.999996     16908408    238312.73
       73.22     0.999996     16908408    262144.00
       73.73     0.999996     16908418    275941.05
       73.73     0.999997     16908418    291271.11
       73.73     0.999997     16908418    308404.71
       74.24     0.999997     16908422    327680.00
      167.94     0.999997     16908471    349525.33
      167.94     0.999997     16908471    374491.43
      167.94     0.999998     16908471    403298.46
      167.94     0.999998     16908471    436906.67
      167.94     0.999998     16908471    476625.45
      167.94     0.999998     16908471    524288.00
      167.94     0.999998     16908471    551882.11
      167.94     0.999998     16908471    582542.22
      167.94     0.999998     16908471    616809.41
      167.94     0.999998     16908471    655360.00
      167.94     0.999999     16908471    699050.67
      167.94     0.999999     16908471    748982.86
      167.94     0.999999     16908471    806596.92
      167.94     0.999999     16908471    873813.33
      167.94     0.999999     16908471    953250.91
      167.94     0.999999     16908471   1048576.00
      167.94     0.999999     16908471   1103764.21
      167.94     0.999999     16908471   1165084.44
      167.94     0.999999     16908471   1233618.82
      167.94     0.999999     16908471   1310720.00
      167.94     0.999999     16908471   1398101.33
      167.94     0.999999     16908471   1497965.71
      167.94     0.999999     16908471   1613193.85
      167.94     0.999999     16908471   1747626.67
      167.94     0.999999     16908471   1906501.82
      167.94     1.000000     16908471   2097152.00
      167.94     1.000000     16908471   2207528.42
      167.94     1.000000     16908471   2330168.89
      167.94     1.000000     16908471   2467237.65
      167.94     1.000000     16908471   2621440.00
      167.94     1.000000     16908471   2796202.67
      167.94     1.000000     16908471   2995931.43
      167.94     1.000000     16908471   3226387.69
      167.94     1.000000     16908471   3495253.33
      167.94     1.000000     16908471   3813003.64
      167.94     1.000000     16908471   4194304.00
      167.94     1.000000     16908471   4415056.84
      167.94     1.000000     16908471   4660337.78
      167.94     1.000000     16908471   4934475.29
      167.94     1.000000     16908471   5242880.00
      167.94     1.000000     16908471   5592405.33
      167.94     1.000000     16908471   5991862.86
      167.94     1.000000     16908471   6452775.39
      167.94     1.000000     16908471   6990506.67
      167.94     1.000000     16908471   7626007.28
      167.94     1.000000     16908471   8388608.00
      167.94     1.000000     16908471   8830113.68
      167.94     1.000000     16908471   9320675.55
      167.94     1.000000     16908471   9868950.59
      167.94     1.000000     16908471  10485760.00
      167.94     1.000000     16908471  11184810.67
      167.94     1.000000     16908471  11983725.71
      167.94     1.000000     16908471  12905550.76
      167.94     1.000000     16908471  13981013.34
      167.94     1.000000     16908471  15252014.55
      167.94     1.000000     16908471  16777216.00
      168.96     1.000000     16908472  17660227.38
      168.96     1.000000     16908472          inf
#[Mean    =        0.730, StdDeviation   =        0.359]
#[Max     =      168.959, Total count    =     16908472]
#[Buckets =           20, SubBuckets     =          256]
