       Value   Percentile   TotalCount 1/(1-Percentile)

        0.02     0.000000        17275         1.00
        0.33     0.050000      1318329         1.05
        0.55     0.100000      2598824         1.11
        0.66     0.150000      4026316         1.18
        0.67     0.200000      5617834         1.25
        0.68     0.250000      6765187         1.33
        0.69     0.300000      8090445         1.43
        0.69     0.350000      9647982         1.54
        0.70     0.400000     11560735         1.67
        0.70     0.450000     11560735         1.82
        0.71     0.500000     13927490         2.00
        0.71     0.525000     13927490         2.11
        0.72     0.550000     16889507         2.22
        0.72     0.575000     16889507         2.35
        0.72     0.600000     16889507         2.50
        0.72     0.625000     16889507         2.67
        0.72     0.650000     16889507         2.86
        0.73     0.675000     20109875         3.08
        0.73     0.700000     20109875         3.33
        0.73     0.725000     20109875         3.64
        0.73     0.750000     20109875         4.00
        0.73     0.762500     20109875         4.21
        0.73     0.775000     20109875         4.44
        0.73     0.787500     22397169         4.71
        0.73     0.800000     22397169         5.00
        0.73     0.812500     22397169         5.33
        0.73     0.825000     22397169         5.71
        0.73     0.837500     22397169         6.15
        0.73     0.850000     22397169         6.67
        0.73     0.862500     22397169         7.27
        0.74     0.875000     23495489         8.00
        0.74     0.881250     23495489         8.42
        0.74     0.887500     23495489         8.89
        0.74     0.893750     23495489         9.41
        0.74     0.900000     23495489        10.00
        0.74     0.906250     23495489        10.67
        0.74     0.912500     23495489        11.43
        0.75     0.918750     23958471        12.31
        0.75     0.925000     23958471        13.33
        0.75     0.931250     23958471        14.55
        0.76     0.937500     24180583        16.00
        0.76     0.940625     24180583        16.84
        0.77     0.943750     24299716        17.78
        0.77     0.946875     24299716        18.82
        0.78     0.950000     24374927        20.00
        0.79     0.953125     24480974        21.33
        0.80     0.956250     24518181        22.86
        0.82     0.959375     24608995        24.62
        0.85     0.962500     24712022        26.67
        0.86     0.965625     24763873        29.09
        0.90     0.968750     24844436        32.00
        0.92     0.970313     24881663        33.68
        0.94     0.971875     24919700        35.56
        0.96     0.973437     24969452        37.65
        0.97     0.975000     24997080        40.00
        1.01     0.976562     25039038        42.67
        1.13     0.978125     25076268        45.71
        1.27     0.979688     25118319        49.23
        1.32     0.981250     25161386        53.33
        1.34     0.982812     25200799        58.18
        1.37     0.984375     25248428        64.00
        1.38     0.985156     25265546        67.37
        1.38     0.985938     25283564        71.11
        1.39     0.986719     25302941        75.29
        1.40     0.987500     25324239        80.00
        1.41     0.988281     25347096        85.33
        1.42     0.989062     25372166        91.43
        1.42     0.989844     25399244        98.46
        1.42     0.990625     25399244       106.67
        1.43     0.991406     25429135       116.36
        1.44     0.992188     25461814       128.00
        1.44     0.992578     25461814       134.74
        1.44     0.992969     25461814       142.22
        1.45     0.993359     25496353       150.59
        1.45     0.993750     25496353       160.00
        1.45     0.994141     25496353       170.67
        1.46     0.994531     25530318       182.86
        1.46     0.994922     25530318       196.92
        1.46     0.995313     25530318       213.33
        1.46     0.995703     25530318       232.73
        1.46     0.996094     25559847       256.00
        1.46     0.996289     25559847       269.47
        1.46     0.996484     25559847       284.44
        1.46     0.996680     25559847       301.18
        1.46     0.996875     25559847       320.00
        1.47     0.997070     25582810       341.33
        1.47     0.997266     25582810       365.71
        1.47     0.997461     25582810       393.85
        1.47     0.997656     25582810       426.67
        1.47     0.997852     25582810       465.45
        1.48     0.998047     25599366       512.00
        1.48     0.998145     25599366       538.95
        1.48     0.998242     25599366       568.89
        1.48     0.998340     25599366       602.35
        1.48     0.998437     25599366       640.00
        1.48     0.998535     25599366       682.67
        1.49     0.998633     25610475       731.43
        1.49     0.998730     25610475       787.69
        1.49     0.998828     25610475       853.33
        1.49     0.998926     25610475       930.91
        1.50     0.999023     25617846      1024.00
        1.50     0.999072     25617846      1077.89
        1.50     0.999121     25617846      1137.78
        1.50     0.999170     25617846      1204.71
        1.50     0.999219     25617846      1280.00
        1.50     0.999268     25622569      1365.33
        1.50     0.999316     25622569      1462.86
        1.50     0.999365     25622569      1575.38
        1.50     0.999414     25622569      1706.67
        1.51     0.999463     25625601      1861.82
        1.51     0.999512     25625601      2048.00
        1.51     0.999536     25625601      2155.79
        1.52     0.999561     25627730      2275.56
        1.52     0.999585     25627730      2409.41
        1.52     0.999609     25627730      2560.00
        1.52     0.999634     25627730      2730.67
        1.53     0.999658     25629227      2925.71
        1.53     0.999683     25629227      3150.77
        1.53     0.999707     25630322      3413.33
        1.53     0.999731     25630322      3723.64
        1.54     0.999756     25631222      4096.00
        1.54     0.999768     25631222      4311.58
        1.55     0.999780     25631977      4551.11
        1.55     0.999792     25631977      4818.82
        1.55     0.999805     25631977      5120.00
        1.56     0.999817     25632684      5461.33
        1.56     0.999829     25632684      5851.43
        1.57     0.999841     25633337      6301.54
        1.57     0.999854     25633337      6826.67
        1.57     0.999866     25633974      7447.27
        1.57     0.999878     25633974      8192.00
        1.57     0.999884     25633974      8623.16
        1.58     0.999890     25634530      9102.22
        1.58     0.999896     25634530      9637.65
        1.58     0.999902     25634530     10240.00
        1.58     0.999908     25634530     10922.67
        1.59     0.999915     25634969     11702.86
        1.59     0.999921     25634969     12603.08
        1.60     0.999927     25635277     13653.33
        1.60     0.999933     25635277     14894.55
        1.61     0.999939     25635491     16384.00
        1.61     0.999942     25635491     17246.32
        1.61     0.999945     25635491     18204.44
        1.61     0.999948     25635675     19275.29
        1.61     0.999951     25635675     20480.00
        1.62     0.999954     25635777     21845.33
        1.62     0.999957     25635777     23405.71
        1.63     0.999960     25635872     25206.15
        1.64     0.999963     25635934     27306.67
        1.66     0.999966     25636027     29789.09
        1.70     0.999969     25636097     32768.00
        1.73     0.999971     25636138     34492.63
        1.77     0.999973     25636175     36408.89
        1.81     0.999974     25636208     38550.59
        1.86     0.999976     25636246     40960.00
        1.91     0.999977     25636287     43690.67
        1.98     0.999979     25636324     46811.43
        2.05     0.999980     25636393     50412.31
        2.06     0.999982     25636441     54613.33
        2.06     0.999983     25636441     59578.18
        2.11     0.999985     25636484     65536.00
        2.16     0.999986     25636503     68985.26
        2.21     0.999986     25636526     72817.78
        2.25     0.999987     25636545     77101.18
        2.32     0.999988     25636560     81920.00
        2.78     0.999989     25636579     87381.33
        2.90     0.999989     25636604     93622.86
        2.91     0.999990     25636657    100824.62
        2.91     0.999991     25636657    109226.67
        2.91     0.999992     25636657    119156.36
        2.93     0.999992     25636676    131072.00
        3.77     0.999993     25636693    137970.53
        3.79     0.999993     25636713    145635.56
        3.79     0.999994     25636713    154202.35
        3.81     0.999994     25636726    163840.00
        3.81     0.999994     25636726    174762.67
        3.82     0.999995     25636767    187245.71
        3.82     0.999995     25636767    201649.23
        3.82     0.999995     25636767    218453.33
        3.82     0.999996     25636767    238312.73
        4.74     0.999996     25636864    262144.00
        4.74     0.999996     25636864    275941.05
        4.74     0.999997     25636864    291271.11
        4.74     0.999997     25636864    308404.71
        4.74     0.999997     25636864    327680.00
        4.74     0.999997     25636864    349525.33
        4.74     0.999997     25636864    374491.43
        4.74     0.999998     25636864    403298.46
        4.74     0.999998     25636864    436906.67
        4.74     0.999998     25636864    476625.45
        4.74     0.999998     25636864    524288.00
        4.74     0.999998     25636864    551882.11
        4.74     0.999998     25636864    582542.22
        4.74     0.999998     25636864    616809.41
        4.74     0.999998     25636864    655360.00
        4.74     0.999999     25636864    699050.67
        4.74     0.999999     25636864    748982.86
        4.74     0.999999     25636864    806596.92
        4.74     0.999999     25636864    873813.33
        4.74     0.999999     25636864    953250.91
        4.74     0.999999     25636864   1048576.00
        4.74     0.999999     25636864   1103764.21
        4.74     0.999999     25636864   1165084.44
        4.74     0.999999     25636864   1233618.82
        4.74     0.999999     25636864   1310720.00
        4.74     0.999999     25636864   1398101.33
        4.74     0.999999     25636864   1497965.71
        4.74     0.999999     25636864   1613193.85
        4.74     0.999999     25636864   1747626.67
        4.74     0.999999     25636864   1906501.82
        4.74     1.000000     25636864   2097152.00
        4.74     1.000000     25636864   2207528.42
        4.74     1.000000     25636864   2330168.89
        4.74     1.000000     25636864   2467237.65
        4.74     1.000000     25636864   2621440.00
        4.74     1.000000     25636864   2796202.67
        4.74     1.000000     25636864   2995931.43
        4.74     1.000000     25636864   3226387.69
        4.74     1.000000     25636864   3495253.33
        4.99     1.000000     25636865   3813003.64
        4.99     1.000000     25636865   4194304.00
        5.02     1.000000     25636866   4415056.84
        5.02     1.000000     25636866   4660337.78
        5.02     1.000000     25636866   4934475.29
        5.41     1.000000     25636871   5242880.00
        5.41     1.000000     25636871          inf
#[Mean    =        0.684, StdDeviation   =        0.173]
#[Max     =        5.407, Total count    =     25636871]
#[Buckets =           20, SubBuckets     =          256]
