       Value   Percentile   TotalCount 1/(1-Percentile)

        0.02     0.000000        17816         1.00
        0.33     0.050000      1443269         1.05
        0.55     0.100000      2846748         1.11
        0.66     0.150000      4391606         1.18
        0.67     0.200000      6087076         1.25
        0.68     0.250000      7323516         1.33
        0.69     0.300000      8757909         1.43
        0.69     0.350000     10440369         1.54
        0.70     0.400000     12497111         1.67
        0.71     0.450000     15029377         1.82
        0.71     0.500000     15029377         2.00
        0.71     0.525000     15029377         2.11
        0.72     0.550000     18186470         2.22
        0.72     0.575000     18186470         2.35
        0.72     0.600000     18186470         2.50
        0.72     0.625000     18186470         2.67
        0.73     0.650000     21637369         2.86
        0.73     0.675000     21637369         3.08
        0.73     0.700000     21637369         3.33
        0.73     0.725000     21637369         3.64
        0.73     0.750000     21637369         4.00
        0.73     0.762500     21637369         4.21
        0.73     0.775000     24176963         4.44
        0.73     0.787500     24176963         4.71
        0.73     0.800000     24176963         5.00
        0.73     0.812500     24176963         5.33
        0.73     0.825000     24176963         5.71
        0.73     0.837500     24176963         6.15
        0.73     0.850000     24176963         6.67
        0.74     0.862500     25506796         7.27
        0.74     0.875000     25506796         8.00
        0.74     0.881250     25506796         8.42
        0.74     0.887500     25506796         8.89
        0.74     0.893750     25506796         9.41
        0.74     0.900000     25506796        10.00
        0.75     0.906250     26145232        10.67
        0.75     0.912500     26145232        11.43
        0.75     0.918750     26145232        12.31
        0.75     0.925000     26145232        13.33
        0.76     0.931250     26485219        14.55
        0.76     0.937500     26485219        16.00
        0.77     0.940625     26667585        16.84
        0.77     0.943750     26667585        17.78
        0.78     0.946875     26772294        18.82
        0.78     0.950000     26844406        20.00
        0.79     0.953125     26899417        21.33
        0.81     0.956250     26979971        22.86
        0.83     0.959375     27082362        24.62
        0.85     0.962500     27161164        26.67
        0.87     0.965625     27240318        29.09
        0.91     0.968750     27332434        32.00
        0.93     0.970313     27375223        33.68
        0.94     0.971875     27416624        35.56
        0.96     0.973437     27453788        37.65
        0.98     0.975000     27500299        40.00
        1.02     0.976562     27541976        42.67
        1.14     0.978125     27583716        45.71
        1.28     0.979688     27630405        49.23
        1.32     0.981250     27672641        53.33
        1.34     0.982812     27715968        58.18
        1.37     0.984375     27768868        64.00
        1.38     0.985156     27787817        67.37
        1.38     0.985938     27807741        71.11
        1.39     0.986719     27829248        75.29
        1.40     0.987500     27852687        80.00
        1.41     0.988281     27878028        85.33
        1.42     0.989062     27905752        91.43
        1.42     0.989844     27935697        98.46
        1.43     0.990625     27968889       106.67
        1.43     0.991406     27968889       116.36
        1.44     0.992188     28005171       128.00
        1.44     0.992578     28005171       134.74
        1.44     0.992969     28005171       142.22
        1.45     0.993359     28043634       150.59
        1.45     0.993750     28043634       160.00
        1.45     0.994141     28043634       170.67
        1.46     0.994531     28081448       182.86
        1.46     0.994922     28081448       196.92
        1.46     0.995313     28081448       213.33
        1.46     0.995703     28081448       232.73
        1.46     0.996094     28114363       256.00
        1.46     0.996289     28114363       269.47
        1.46     0.996484     28114363       284.44
        1.46     0.996680     28114363       301.18
        1.46     0.996875     28114363       320.00
        1.47     0.997070     28140058       341.33
        1.47     0.997266     28140058       365.71
        1.47     0.997461     28140058       393.85
        1.47     0.997656     28140058       426.67
        1.47     0.997852     28140058       465.45
        1.48     0.998047     28158556       512.00
        1.48     0.998145     28158556       538.95
        1.48     0.998242     28158556       568.89
        1.48     0.998340     28158556       602.35
        1.48     0.998437     28158556       640.00
        1.49     0.998535     28170991       682.67
        1.49     0.998633     28170991       731.43
        1.49     0.998730     28170991       787.69
        1.49     0.998828     28170991       853.33
        1.49     0.998926     28170991       930.91
        1.50     0.999023     28179205      1024.00
        1.50     0.999072     28179205      1077.89
        1.50     0.999121     28179205      1137.78
        1.50     0.999170     28179205      1204.71
        1.50     0.999219     28179205      1280.00
        1.50     0.999268     28184516      1365.33
        1.50     0.999316     28184516      1462.86
        1.50     0.999365     28184516      1575.38
        1.50     0.999414     28184516      1706.67
        1.51     0.999463     28187920      1861.82
        1.51     0.999512     28187920      2048.00
        1.51     0.999536     28187920      2155.79
        1.52     0.999561     28190325      2275.56
        1.52     0.999585     28190325      2409.41
        1.52     0.999609     28190325      2560.00
        1.52     0.999634     28190325      2730.67
        1.53     0.999658     28192019      2925.71
        1.53     0.999683     28192019      3150.77
        1.53     0.999707     28193264      3413.33
        1.53     0.999731     28193264      3723.64
        1.54     0.999756     28194282      4096.00
        1.54     0.999768     28194282      4311.58
        1.55     0.999780     28195134      4551.11
        1.55     0.999792     28195134      4818.82
        1.55     0.999805     28195134      5120.00
        1.56     0.999817     28195922      5461.33
        1.56     0.999829     28195922      5851.43
        1.57     0.999841     28196648      6301.54
        1.57     0.999854     28196648      6826.67
        1.57     0.999866     28197345      7447.27
        1.57     0.999878     28197345      8192.00
        1.57     0.999884     28197345      8623.16
        1.58     0.999890     28197981      9102.22
        1.58     0.999896     28197981      9637.65
        1.58     0.999902     28197981     10240.00
        1.59     0.999908     28198473     10922.67
        1.59     0.999915     28198473     11702.86
        1.59     0.999921     28198473     12603.08
        1.60     0.999927     28198815     13653.33
        1.60     0.999933     28198815     14894.55
        1.61     0.999939     28199060     16384.00
        1.61     0.999942     28199060     17246.32
        1.61     0.999945     28199060     18204.44
        1.61     0.999948     28199272     19275.29
        1.61     0.999951     28199272     20480.00
        1.62     0.999954     28199385     21845.33
        1.62     0.999957     28199385     23405.71
        1.63     0.999960     28199486     25206.15
        1.64     0.999963     28199557     27306.67
        1.66     0.999966     28199627     29789.09
        1.69     0.999969     28199719     32768.00
        1.71     0.999971     28199760     34492.63
        1.74     0.999973     28199797     36408.89
        1.79     0.999974     28199848     38550.59
        1.84     0.999976     28199887     40960.00
        1.89     0.999977     28199932     43690.67
        1.94     0.999979     28199973     46811.43
        2.01     0.999980     28200014     50412.31
        2.05     0.999982     28200065     54613.33
        2.06     0.999983     28200113     59578.18
        2.08     0.999985     28200141     65536.00
        2.14     0.999986     28200169     68985.26
        2.17     0.999986     28200185     72817.78
        2.22     0.999987     28200209     77101.18
        2.27     0.999988     28200229     81920.00
        2.43     0.999989     28200252     87381.33
        2.90     0.999989     28200293     93622.86
        2.90     0.999990     28200293    100824.62
        2.91     0.999991     28200346    109226.67
        2.91     0.999992     28200346    119156.36
        2.93     0.999992     28200365    131072.00
        3.04     0.999993     28200367    137970.53
        3.77     0.999993     28200382    145635.56
        3.79     0.999994     28200402    154202.35
        3.79     0.999994     28200402    163840.00
        3.81     0.999994     28200422    174762.67
        3.81     0.999995     28200422    187245.71
        3.82     0.999995     28200467    201649.23
        3.82     0.999995     28200467    218453.33
        3.82     0.999996     28200467    238312.73
        3.82     0.999996     28200467    262144.00
        4.51     0.999996     28200469    275941.05
        4.74     0.999997     28200564    291271.11
        4.74     0.999997     28200564    308404.71
        4.74     0.999997     28200564    327680.00
        4.74     0.999997     28200564    349525.33
        4.74     0.999997     28200564    374491.43
        4.74     0.999998     28200564    403298.46
        4.74     0.999998     28200564    436906.67
        4.74     0.999998     28200564    476625.45
        4.74     0.999998     28200564    524288.00
        4.74     0.999998     28200564    551882.11
        4.74     0.999998     28200564    582542.22
        4.74     0.999998     28200564    616809.41
        4.74     0.999998     28200564    655360.00
        4.74     0.999999     28200564    699050.67
        4.74     0.999999     28200564    748982.86
        4.74     0.999999     28200564    806596.92
        4.74     0.999999     28200564    873813.33
        4.74     0.999999     28200564    953250.91
        4.74     0.999999     28200564   1048576.00
        4.74     0.999999     28200564   1103764.21
        4.74     0.999999     28200564   1165084.44
        4.74     0.999999     28200564   1233618.82
        4.74     0.999999     28200564   1310720.00
        4.74     0.999999     28200564   1398101.33
        4.74     0.999999     28200564   1497965.71
        4.74     0.999999     28200564   1613193.85
        4.74     0.999999     28200564   1747626.67
        4.74     0.999999     28200564   1906501.82
        4.74     1.000000     28200564   2097152.00
        4.74     1.000000     28200564   2207528.42
        4.74     1.000000     28200564   2330168.89
        4.74     1.000000     28200564   2467237.65
        4.74     1.000000     28200564   2621440.00
        4.74     1.000000     28200564   2796202.67
        4.74     1.000000     28200564   2995931.43
        4.74     1.000000     28200564   3226387.69
        4.74     1.000000     28200564   3495253.33
        4.74     1.000000     28200564   3813003.64
        4.99     1.000000     28200565   4194304.00
        4.99     1.000000     28200565   4415056.84
        4.99     1.000000     28200565   4660337.78
        5.02     1.000000     28200566   4934475.29
        5.02     1.000000     28200566   5242880.00
        5.02     1.000000     28200566   5592405.33
        5.41     1.000000     28200571   5991862.86
        5.41     1.000000     28200571          inf
#[Mean    =        0.686, StdDeviation   =        0.173]
#[Max     =        5.407, Total count    =     28200571]
#[Buckets =           20, SubBuckets     =          256]
