       Value   Percentile   TotalCount 1/(1-Percentile)

        0.34     0.000000            1         1.00
        1.85     0.050000      2836917         1.05
        1.89     0.100000      6093324         1.11
        1.91     0.150000      8836118         1.18
        1.94     0.200000     12029559         1.25
        1.95     0.250000     14299886         1.33
        1.98     0.300000     17735340         1.43
        1.99     0.350000     19923067         1.54
        2.02     0.400000     22913694         1.67
        2.05     0.450000     26134141         1.82
        2.08     0.500000     28425209         2.00
        2.11     0.525000     29913202         2.11
        2.16     0.550000     31111803         2.22
        2.86     0.575000     32577354         2.35
        2.99     0.600000     34138844         2.50
        3.06     0.625000     35594726         2.67
        3.10     0.650000     37042226         2.86
        3.13     0.675000     38175594         3.08
        3.18     0.700000     40099816         3.33
        3.21     0.725000     41499070         3.64
        3.25     0.750000     42936337         4.00
        3.26     0.762500     43654011         4.21
        3.28     0.775000     44356020         4.44
        3.29     0.787500     45038830         4.71
        3.31     0.800000     45689849         5.00
        3.33     0.812500     46306505         5.33
        3.34     0.825000     46882371         5.71
        3.36     0.837500     47420084         6.15
        3.39     0.850000     48384093         6.67
        3.41     0.862500     48822694         7.27
        3.44     0.875000     49656098         8.00
        3.46     0.881250     50066853         8.42
        3.47     0.887500     50483453         8.89
        3.49     0.893750     50912317         9.41
        3.49     0.900000     50912317        10.00
        3.50     0.906250     51350854        10.67
        3.52     0.912500     51796943        11.43
        3.54     0.918750     52245726        12.31
        3.55     0.925000     52689812        13.33
        3.55     0.931250     52689812        14.55
        3.57     0.937500     53118797        16.00
        3.58     0.940625     53525376        16.84
        3.58     0.943750     53525376        17.78
        3.60     0.946875     53904543        18.82
        3.60     0.950000     53904543        20.00
        3.60     0.953125     53904543        21.33
        3.62     0.956250     54249524        22.86
        3.62     0.959375     54249524        24.62
        3.63     0.962500     54558114        26.67
        3.65     0.965625     54827643        29.09
        3.65     0.968750     54827643        32.00
        3.66     0.970313     55060948        33.68
        3.66     0.971875     55060948        35.56
        3.66     0.973437     55060948        37.65
        3.68     0.975000     55258938        40.00
        3.68     0.976562     55258938        42.67
        3.69     0.978125     55424770        45.71
        3.69     0.979688     55424770        49.23
        3.71     0.981250     55563985        53.33
        3.73     0.982812     55682225        58.18
        3.73     0.984375     55682225        64.00
        3.74     0.985156     55783819        67.37
        3.74     0.985938     55783819        71.11
        3.76     0.986719     55872078        75.29
        3.76     0.987500     55872078        80.00
        3.77     0.988281     55950216        85.33
        3.77     0.989062     55950216        91.43
        3.79     0.989844     56018915        98.46
        3.79     0.990625     56018915       106.67
        3.81     0.991406     56082262       116.36
        3.82     0.992188     56140080       128.00
        3.82     0.992578     56140080       134.74
        3.84     0.992969     56192705       142.22
        3.84     0.993359     56192705       150.59
        3.84     0.993750     56192705       160.00
        3.85     0.994141     56240580       170.67
        3.85     0.994531     56240580       182.86
        3.87     0.994922     56283679       196.92
        3.87     0.995313     56283679       213.33
        3.89     0.995703     56322119       232.73
        3.89     0.996094     56322119       256.00
        3.90     0.996289     56356187       269.47
        3.90     0.996484     56356187       284.44
        3.90     0.996680     56356187       301.18
        3.92     0.996875     56386056       320.00
        3.92     0.997070     56386056       341.33
        3.92     0.997266     56386056       365.71
        3.94     0.997461     56411494       393.85
        3.94     0.997656     56411494       426.67
        3.95     0.997852     56432987       465.45
        3.95     0.998047     56432987       512.00
        3.97     0.998145     56450920       538.95
        3.97     0.998242     56450920       568.89
        3.97     0.998340     56450920       602.35
        3.97     0.998437     56450920       640.00
        3.98     0.998535     56465557       682.67
        3.98     0.998633     56465557       731.43
        4.00     0.998730     56478150       787.69
        4.00     0.998828     56478150       853.33
        4.01     0.998926     56487966       930.91
        4.01     0.999023     56487966      1024.00
        4.01     0.999072     56487966      1077.89
        4.03     0.999121     56495826      1137.78
        4.03     0.999170     56495826      1204.71
        4.03     0.999219     56495826      1280.00
        4.05     0.999268     56502140      1365.33
        4.05     0.999316     56502140      1462.86
        4.06     0.999365     56507301      1575.38
        4.06     0.999414     56507301      1706.67
        4.08     0.999463     56511118      1861.82
        4.09     0.999512     56514551      2048.00
        4.09     0.999536     56514551      2155.79
        4.09     0.999561     56514551      2275.56
        4.13     0.999585     56519019      2409.41
        4.13     0.999609     56519019      2560.00
        4.13     0.999634     56519019      2730.67
        4.16     0.999658     56522054      2925.71
        4.16     0.999683     56522054      3150.77
        4.19     0.999707     56524147      3413.33
        4.19     0.999731     56524147      3723.64
        4.22     0.999756     56525792      4096.00
        4.25     0.999768     56527211      4311.58
        4.25     0.999780     56527211      4551.11
        4.29     0.999792     56528350      4818.82
        4.29     0.999805     56528350      5120.00
        4.32     0.999817     56529321      5461.33
        4.35     0.999829     56530281      5851.43
        4.35     0.999841     56530281      6301.54
        4.38     0.999854     56531183      6826.67
        4.42     0.999866     56531963      7447.27
        4.45     0.999878     56532690      8192.00
        4.45     0.999884     56532690      8623.16
        4.48     0.999890     56533464      9102.22
        4.48     0.999896     56533464      9637.65
        4.51     0.999902     56534023     10240.00
        4.51     0.999908     56534023     10922.67
        4.54     0.999915     56534527     11702.86
        4.58     0.999921     56535033     12603.08
        4.58     0.999927     56535033     13653.33
        4.61     0.999933     56535613     14894.55
        4.64     0.999939     56536094     16384.00
        4.64     0.999942     56536094     17246.32
        4.64     0.999945     56536094     18204.44
        4.67     0.999948     56536474     19275.29
        4.67     0.999951     56536474     20480.00
        4.70     0.999954     56536802     21845.33
        4.70     0.999957     56536802     23405.71
        4.74     0.999960     56537098     25206.15
        4.74     0.999963     56537098     27306.67
        4.77     0.999966     56537394     29789.09
        4.80     0.999969     56537688     32768.00
        4.80     0.999971     56537688     34492.63
        4.80     0.999973     56537688     36408.89
        4.80     0.999974     56537688     38550.59
        4.83     0.999976     56537896     40960.00
        4.83     0.999977     56537896     43690.67
        4.86     0.999979     56538095     46811.43
        4.86     0.999980     56538095     50412.31
        4.86     0.999982     56538095     54613.33
        4.89     0.999983     56538218     59578.18
        4.93     0.999985     56538311     65536.00
        4.93     0.999986     56538311     68985.26
        4.96     0.999986     56538464     72817.78
        4.96     0.999987     56538464     77101.18
        4.96     0.999988     56538464     81920.00
        4.99     0.999989     56538579     87381.33
        4.99     0.999989     56538579     93622.86
        4.99     0.999990     56538579    100824.62
        5.02     0.999991     56538638    109226.67
        5.05     0.999992     56538719    119156.36
        5.05     0.999992     56538719    131072.00
        5.05     0.999993     56538719    137970.53
        5.09     0.999993     56538780    145635.56
        5.09     0.999994     56538780    154202.35
        5.12     0.999994     56538835    163840.00
        5.12     0.999994     56538835    174762.67
        5.12     0.999995     56538835    187245.71
        5.15     0.999995     56538880    201649.23
        5.15     0.999995     56538880    218453.33
        5.18     0.999996     56538945    238312.73
        5.18     0.999996     56538945    262144.00
        5.18     0.999996     56538945    275941.05
        5.18     0.999997     56538945    291271.11
        5.18     0.999997     56538945    308404.71
        5.21     0.999997     56538965    327680.00
        5.25     0.999997     56538974    349525.33
        5.28     0.999997     56538999    374491.43
        5.28     0.999998     56538999    403298.46
        5.28     0.999998     56538999    436906.67
        5.31     0.999998     56539021    476625.45
        5.31     0.999998     56539021    524288.00
        5.34     0.999998     56539046    551882.11
        5.34     0.999998     56539046    582542.22
        5.34     0.999998     56539046    616809.41
        5.34     0.999998     56539046    655360.00
        5.38     0.999999     56539058    699050.67
        5.38     0.999999     56539058    748982.86
        5.38     0.999999     56539058    806596.92
        5.41     0.999999     56539068    873813.33
        5.44     0.999999     56539077    953250.91
        5.44     0.999999     56539077   1048576.00
        5.44     0.999999     56539077   1103764.21
        5.47     0.999999     56539082   1165084.44
        5.50     0.999999     56539093   1233618.82
        5.50     0.999999     56539093   1310720.00
        5.50     0.999999     56539093   1398101.33
        5.50     0.999999     56539093   1497965.71
        5.50     0.999999     56539093   1613193.85
        5.54     0.999999     56539103   1747626.67
        5.54     0.999999     56539103   1906501.82
        5.54     1.000000     56539103   2097152.00
        5.54     1.000000     56539103   2207528.42
        5.57     1.000000     56539109   2330168.89
        5.57     1.000000     56539109   2467237.65
        5.57     1.000000     56539109   2621440.00
        5.57     1.000000     56539109   2796202.67
        5.60     1.000000     56539118   2995931.43
        5.60     1.000000     56539118   3226387.69
        5.60     1.000000     56539118   3495253.33
        5.60     1.000000     56539118   3813003.64
        5.60     1.000000     56539118   4194304.00
        5.60     1.000000     56539118   4415056.84
        5.60     1.000000     56539118   4660337.78
        5.60     1.000000     56539118   4934475.29
        5.60     1.000000     56539118   5242880.00
        5.60     1.000000     56539118   5592405.33
        5.63     1.000000     56539123   5991862.86
        5.63     1.000000     56539123   6452775.39
        5.63     1.000000     56539123   6990506.67
        5.63     1.000000     56539123   7626007.28
        5.63     1.000000     56539123   8388608.00
        5.63     1.000000     56539123   8830113.68
        5.63     1.000000     56539123   9320675.55
        5.63     1.000000     56539123   9868950.59
        5.63     1.000000     56539123  10485760.00
        5.63     1.000000     56539123  11184810.67
        5.70     1.000000     56539125  11983725.71
        5.70     1.000000     56539125  12905550.76
        5.70     1.000000     56539125  13981013.34
        5.70     1.000000     56539125  15252014.55
        5.70     1.000000     56539125  16777216.00
        5.70     1.000000     56539125  17660227.38
        5.70     1.000000     56539125  18641351.10
        5.76     1.000000     56539126  19737901.19
        5.76     1.000000     56539126  20971519.98
        5.76     1.000000     56539126  22369621.33
        5.76     1.000000     56539126  23967451.45
        5.76     1.000000     56539126  25811101.52
        5.76     1.000000     56539126  27962026.68
        5.92     1.000000     56539127  30504029.05
        5.92     1.000000     56539127  33554432.00
        5.92     1.000000     56539127  35320454.76
        5.92     1.000000     56539127  37282702.28
        5.92     1.000000     56539127  39475802.28
        5.92     1.000000     56539127  41943039.96
        5.92     1.000000     56539127  44739242.67
        5.92     1.000000     56539127  47934902.91
        5.92     1.000000     56539127  51622203.20
        5.92     1.000000     56539127  55924053.19
        6.01     1.000000     56539128  61008058.10
        6.01     1.000000     56539128          inf
#[Mean    =        2.545, StdDeviation   =        0.681]
#[Max     =        6.015, Total count    =     56539128]
#[Buckets =           20, SubBuckets     =          256]
