       Value   Percentile   TotalCount 1/(1-Percentile)

        0.28     0.000000            1         1.00
        1.85     0.050000      2962676         1.05
        1.89     0.100000      6210210         1.11
        1.91     0.150000      8908042         1.18
        1.94     0.200000     12031244         1.25
        1.95     0.250000     14260528         1.33
        1.98     0.300000     17644632         1.43
        2.00     0.350000     20856989         1.54
        2.02     0.400000     22814176         1.67
        2.05     0.450000     26094874         1.82
        2.08     0.500000     28475900         2.00
        2.11     0.525000     30052396         2.11
        2.16     0.550000     31353125         2.22
        2.78     0.575000     32621765         2.35
        2.96     0.600000     34021169         2.50
        3.04     0.625000     35591112         2.67
        3.09     0.650000     36919164         2.86
        3.13     0.675000     38548799         3.08
        3.17     0.700000     39792605         3.33
        3.20     0.725000     41131758         3.64
        3.23     0.750000     42538355         4.00
        3.25     0.762500     43249124         4.21
        3.26     0.775000     43953357         4.44
        3.28     0.787500     44644401         4.71
        3.31     0.800000     45950020         5.00
        3.33     0.812500     46550344         5.33
        3.34     0.825000     47113073         5.71
        3.36     0.837500     47631678         6.15
        3.39     0.850000     48559510         6.67
        3.41     0.862500     48979539         7.27
        3.44     0.875000     49769475         8.00
        3.46     0.881250     50158783         8.42
        3.47     0.887500     50554827         8.89
        3.49     0.893750     50962145         9.41
        3.50     0.900000     51379808        10.00
        3.50     0.906250     51379808        10.67
        3.52     0.912500     51808908        11.43
        3.54     0.918750     52243558        12.31
        3.55     0.925000     52677356        13.33
        3.57     0.931250     53108516        14.55
        3.58     0.937500     53521856        16.00
        3.58     0.940625     53521856        16.84
        3.58     0.943750     53521856        17.78
        3.60     0.946875     53906447        18.82
        3.60     0.950000     53906447        20.00
        3.62     0.953125     54259639        21.33
        3.62     0.956250     54259639        22.86
        3.63     0.959375     54579622        24.62
        3.63     0.962500     54579622        26.67
        3.65     0.965625     54859404        29.09
        3.66     0.968750     55102938        32.00
        3.66     0.970313     55102938        33.68
        3.66     0.971875     55102938        35.56
        3.68     0.973437     55312340        37.65
        3.68     0.975000     55312340        40.00
        3.69     0.976562     55490146        42.67
        3.69     0.978125     55490146        45.71
        3.71     0.979688     55638470        49.23
        3.71     0.981250     55638470        53.33
        3.73     0.982812     55763050        58.18
        3.74     0.984375     55869478        64.00
        3.74     0.985156     55869478        67.37
        3.76     0.985938     55961866        71.11
        3.76     0.986719     55961866        75.29
        3.76     0.987500     55961866        80.00
        3.77     0.988281     56041508        85.33
        3.79     0.989062     56113941        91.43
        3.79     0.989844     56113941        98.46
        3.81     0.990625     56178739       106.67
        3.82     0.991406     56238351       116.36
        3.82     0.992188     56238351       128.00
        3.84     0.992578     56291319       134.74
        3.84     0.992969     56291319       142.22
        3.85     0.993359     56340922       150.59
        3.85     0.993750     56340922       160.00
        3.85     0.994141     56340922       170.67
        3.87     0.994531     56386443       182.86
        3.87     0.994922     56386443       196.92
        3.89     0.995313     56426884       213.33
        3.89     0.995703     56426884       232.73
        3.90     0.996094     56462292       256.00
        3.90     0.996289     56462292       269.47
        3.92     0.996484     56493995       284.44
        3.92     0.996680     56493995       301.18
        3.92     0.996875     56493995       320.00
        3.94     0.997070     56521770       341.33
        3.94     0.997266     56521770       365.71
        3.95     0.997461     56545374       393.85
        3.95     0.997656     56545374       426.67
        3.97     0.997852     56565058       465.45
        3.97     0.998047     56565058       512.00
        3.97     0.998145     56565058       538.95
        3.98     0.998242     56581522       568.89
        3.98     0.998340     56581522       602.35
        3.98     0.998437     56581522       640.00
        4.00     0.998535     56595170       682.67
        4.00     0.998633     56595170       731.43
        4.01     0.998730     56605979       787.69
        4.01     0.998828     56605979       853.33
        4.03     0.998926     56614640       930.91
        4.03     0.999023     56614640      1024.00
        4.05     0.999072     56621770      1077.89
        4.05     0.999121     56621770      1137.78
        4.05     0.999170     56621770      1204.71
        4.06     0.999219     56627520      1280.00
        4.06     0.999268     56627520      1365.33
        4.08     0.999316     56632381      1462.86
        4.08     0.999365     56632381      1575.38
        4.09     0.999414     56636153      1706.67
        4.13     0.999463     56641766      1861.82
        4.13     0.999512     56641766      2048.00
        4.13     0.999536     56641766      2155.79
        4.16     0.999561     56645641      2275.56
        4.16     0.999585     56645641      2409.41
        4.19     0.999609     56648594      2560.00
        4.19     0.999634     56648594      2730.67
        4.19     0.999658     56648594      2925.71
        4.22     0.999683     56650732      3150.77
        4.25     0.999707     56652564      3413.33
        4.29     0.999731     56654091      3723.64
        4.29     0.999756     56654091      4096.00
        4.32     0.999768     56655479      4311.58
        4.32     0.999780     56655479      4551.11
        4.35     0.999792     56656746      4818.82
        4.38     0.999805     56657860      5120.00
        4.38     0.999817     56657860      5461.33
        4.42     0.999829     56658923      5851.43
        4.42     0.999841     56658923      6301.54
        4.45     0.999854     56659910      6826.67
        4.48     0.999866     56660823      7447.27
        4.51     0.999878     56661586      8192.00
        4.51     0.999884     56661586      8623.16
        4.54     0.999890     56662361      9102.22
        4.54     0.999896     56662361      9637.65
        4.54     0.999902     56662361     10240.00
        4.58     0.999908     56662881     10922.67
        4.61     0.999915     56663386     11702.86
        4.61     0.999921     56663386     12603.08
        4.64     0.999927     56663919     13653.33
        4.67     0.999933     56664352     14894.55
        4.70     0.999939     56664820     16384.00
        4.70     0.999942     56664820     17246.32
        4.70     0.999945     56664820     18204.44
        4.74     0.999948     56665258     19275.29
        4.74     0.999951     56665258     20480.00
        4.74     0.999954     56665258     21845.33
        4.77     0.999957     56665659     23405.71
        4.77     0.999960     56665659     25206.15
        4.80     0.999963     56665948     27306.67
        4.80     0.999966     56665948     29789.09
        4.83     0.999969     56666199     32768.00
        4.83     0.999971     56666199     34492.63
        4.86     0.999973     56666429     36408.89
        4.86     0.999974     56666429     38550.59
        4.89     0.999976     56666615     40960.00
        4.89     0.999977     56666615     43690.67
        4.89     0.999979     56666615     46811.43
        4.96     0.999980     56666778     50412.31
        4.99     0.999982     56666907     54613.33
        4.99     0.999983     56666907     59578.18
        5.02     0.999985     56666977     65536.00
        5.05     0.999986     56667049     68985.26
        5.05     0.999986     56667049     72817.78
        5.09     0.999987     56667121     77101.18
        5.12     0.999988     56667225     81920.00
        5.12     0.999989     56667225     87381.33
        5.12     0.999989     56667225     93622.86
        5.15     0.999990     56667306    100824.62
        5.15     0.999991     56667306    109226.67
        5.18     0.999992     56667383    119156.36
        5.21     0.999992     56667424    131072.00
        5.21     0.999993     56667424    137970.53
        5.25     0.999993     56667455    145635.56
        5.25     0.999994     56667455    154202.35
        5.28     0.999994     56667484    163840.00
        5.31     0.999994     56667513    174762.67
        5.34     0.999995     56667532    187245.71
        5.38     0.999995     56667564    201649.23
        5.38     0.999995     56667564    218453.33
        5.44     0.999996     56667603    238312.73
        5.44     0.999996     56667603    262144.00
        5.47     0.999996     56667617    275941.05
        5.50     0.999997     56667623    291271.11
        5.57     0.999997     56667650    308404.71
        5.57     0.999997     56667650    327680.00
        5.60     0.999997     56667664    349525.33
        5.63     0.999997     56667672    374491.43
        5.66     0.999998     56667689    403298.46
        5.66     0.999998     56667689    436906.67
        5.70     0.999998     56667707    476625.45
        5.73     0.999998     56667716    524288.00
        5.73     0.999998     56667716    551882.11
        5.76     0.999998     56667728    582542.22
        5.76     0.999998     56667728    616809.41
        5.79     0.999998     56667744    655360.00
        5.79     0.999999     56667744    699050.67
        5.79     0.999999     56667744    748982.86
        5.82     0.999999     56667752    806596.92
        5.82     0.999999     56667752    873813.33
        5.86     0.999999     56667757    953250.91
        5.89     0.999999     56667763   1048576.00
        5.95     0.999999     56667768   1103764.21
        5.95     0.999999     56667768   1165084.44
        6.01     0.999999     56667771   1233618.82
        6.05     0.999999     56667773   1310720.00
        6.14     0.999999     56667776   1398101.33
        6.21     0.999999     56667780   1497965.71
        6.24     0.999999     56667781   1613193.85
        6.33     0.999999     56667786   1747626.67
        6.40     0.999999     56667789   1906501.82
        6.40     1.000000     56667789   2097152.00
        6.43     1.000000     56667792   2207528.42
        6.43     1.000000     56667792   2330168.89
        6.50     1.000000     56667795   2467237.65
        6.50     1.000000     56667795   2621440.00
        6.56     1.000000     56667796   2796202.67
        6.62     1.000000     56667799   2995931.43
        6.62     1.000000     56667799   3226387.69
        6.69     1.000000     56667800   3495253.33
        7.33     1.000000     56667804   3813003.64
        7.33     1.000000     56667804   4194304.00
        7.33     1.000000     56667804   4415056.84
        7.33     1.000000     56667804   4660337.78
        7.39     1.000000     56667814   4934475.29
        7.39     1.000000     56667814   5242880.00
        7.39     1.000000     56667814   5592405.33
        7.39     1.000000     56667814   5991862.86
        7.39     1.000000     56667814   6452775.39
        7.39     1.000000     56667814   6990506.67
        7.39     1.000000     56667814   7626007.28
        7.39     1.000000     56667814   8388608.00
        7.39     1.000000     56667814   8830113.68
        7.39     1.000000     56667814   9320675.55
        7.39     1.000000     56667814   9868950.59
        7.39     1.000000     56667814  10485760.00
        7.39     1.000000     56667814  11184810.67
        7.39     1.000000     56667814  11983725.71
        7.39     1.000000     56667814  12905550.76
        7.39     1.000000     56667814  13981013.34
        7.39     1.000000     56667814  15252014.55
        7.39     1.000000     56667814  16777216.00
        7.39     1.000000     56667814  17660227.38
        7.39     1.000000     56667814  18641351.10
        7.39     1.000000     56667814  19737901.19
        7.39     1.000000     56667814  20971519.98
        7.39     1.000000     56667814  22369621.33
        7.39     1.000000     56667814  23967451.45
        7.39     1.000000     56667814  25811101.52
        7.39     1.000000     56667814  27962026.68
        7.42     1.000000     56667815  30504029.05
        7.42     1.000000     56667815  33554432.00
        7.42     1.000000     56667815  35320454.76
        7.42     1.000000     56667815  37282702.28
        7.42     1.000000     56667815  39475802.28
        7.42     1.000000     56667815  41943039.96
        7.42     1.000000     56667815  44739242.67
        7.42     1.000000     56667815  47934902.91
        7.42     1.000000     56667815  51622203.20
        7.42     1.000000     56667815  55924053.19
        7.68     1.000000     56667816  61008058.10
        7.68     1.000000     56667816          inf
#[Mean    =        2.540, StdDeviation   =        0.681]
#[Max     =        7.679, Total count    =     56667816]
#[Buckets =           20, SubBuckets     =          256]
