ping
calls
1
histogram_usec
8
1
info
calls
23
histogram_usec
33
20
66
21
264
23
bgsave
calls
2
histogram_usec
135266
1
270532
2
get
calls
16907728
histogram_usec
1
12795516
2
16801844
4
16901923
8
16906564
16
16907302
33
16907705
66
16907717
132
16907719
264
16907724
528
16907728
dbsize
calls
1
histogram_usec
2
1
latency|histogram
calls
1
histogram_usec
132
1
latency|latest
calls
2
histogram_usec
4
2
set
calls
16907773
histogram_usec
1
13165083
2
16711158
4
16895237
8
16905608
16
16907296
33
16907747
66
16907763
132
16907765
264
16907766
528
16907773
