       Value   Percentile   TotalCount 1/(1-Percentile)

        0.02     0.000000        10474         1.00
        0.39     0.050000       855001         1.05
        0.61     0.100000      1726788         1.11
        0.69     0.150000      2866925         1.18
        0.71     0.200000      4082209         1.25
        0.72     0.250000      4988910         1.33
        0.73     0.300000      6095388         1.43
        0.73     0.350000      6095388         1.54
        0.73     0.400000      7414663         1.67
        0.74     0.450000      8919058         1.82
        0.74     0.500000      8919058         2.00
        0.74     0.525000      8919058         2.11
        0.75     0.550000     10489917         2.22
        0.75     0.575000     10489917         2.35
        0.75     0.600000     10489917         2.50
        0.76     0.625000     11968339         2.67
        0.76     0.650000     11968339         2.86
        0.76     0.675000     11968339         3.08
        0.76     0.700000     11968339         3.33
        0.77     0.725000     13141817         3.64
        0.77     0.750000     13141817         4.00
        0.77     0.762500     13141817         4.21
        0.77     0.775000     13141817         4.44
        0.78     0.787500     13898353         4.71
        0.78     0.800000     13898353         5.00
        0.78     0.812500     13898353         5.33
        0.78     0.825000     14320633         5.71
        0.78     0.837500     14320633         6.15
        0.79     0.850000     14550784         6.67
        0.80     0.862500     14693596         7.27
        0.81     0.875000     14809511         8.00
        0.81     0.881250     14925768         8.42
        0.82     0.887500     15049420         8.89
        0.83     0.893750     15179023         9.41
        0.84     0.900000     15312504        10.00
        0.85     0.906250     15452495        10.67
        0.85     0.912500     15452495        11.43
        0.85     0.918750     15595631        12.31
        0.86     0.925000     15731125        13.33
        0.87     0.931250     15852437        14.55
        0.87     0.937500     15852437        16.00
        0.88     0.940625     15959387        16.84
        0.88     0.943750     15959387        17.78
        0.89     0.946875     16045174        18.82
        0.90     0.950000     16112880        20.00
        0.90     0.953125     16164237        21.33
        0.91     0.956250     16202140        22.86
        0.92     0.959375     16230992        24.62
        0.94     0.962500     16277956        26.67
        0.96     0.965625     16332949        29.09
        0.98     0.968750     16380609        32.00
        1.00     0.970313     16408257        33.68
        1.01     0.971875     16433485        35.56
        1.04     0.973437     16464321        37.65
        1.06     0.975000     16485140        40.00
        1.14     0.976562     16511681        42.67
        1.24     0.978125     16538162        45.71
        1.35     0.979688     16566570        49.23
        1.39     0.981250     16591031        53.33
        1.42     0.982812     16624731        58.18
        1.44     0.984375     16647660        64.00
        1.45     0.985156     16660614        67.37
        1.46     0.985938     16674349        71.11
        1.46     0.986719     16688958        75.29
        1.47     0.987500     16704531        80.00
        1.48     0.988281     16721224        85.33
        1.49     0.989062     16738717        91.43
        1.49     0.989844     16738717        98.46
        1.50     0.990625     16757257       106.67
        1.50     0.991406     16776012       116.36
        1.50     0.992188     16776012       128.00
        1.51     0.992578     16794339       134.74
        1.51     0.992969     16794339       142.22
        1.52     0.993359     16811143       150.59
        1.52     0.993750     16811143       160.00
        1.52     0.994141     16811143       170.67
        1.53     0.994531     16825809       182.86
        1.53     0.994922     16825809       196.92
        1.53     0.995313     16837672       213.33
        1.53     0.995703     16837672       232.73
        1.54     0.996094     16846850       256.00
        1.54     0.996289     16846850       269.47
        1.55     0.996484     16853735       284.44
        1.55     0.996680     16853735       301.18
        1.56     0.996875     16858842       320.00
        1.56     0.997070     16858842       341.33
        1.57     0.997266     16862532       365.71
        1.57     0.997461     16865332       393.85
        1.59     0.997656     16869468       426.67
        1.61     0.997852     16872673       465.45
        1.62     0.998047     16875696       512.00
        1.63     0.998145     16877218       538.95
        1.64     0.998242     16878792       568.89
        1.65     0.998340     16880328       602.35
        1.66     0.998437     16881869       640.00
        1.66     0.998535     16883383       682.67
        1.67     0.998633     16884868       731.43
        1.68     0.998730     16886383       787.69
        1.69     0.998828     16887936       853.33
        1.70     0.998926     16889439       930.91
        1.70     0.999023     16891062      1024.00
        1.71     0.999072     16892638      1077.89
        1.71     0.999121     16892638      1137.78
        1.72     0.999170     16894191      1204.71
        1.73     0.999219     16895600      1280.00
        1.73     0.999268     16895600      1365.33
        1.74     0.999316     16896932      1462.86
        1.74     0.999365     16896932      1575.38
        1.74     0.999414     16898154      1706.67
        1.75     0.999463     16899257      1861.82
        1.75     0.999512     16899257      2048.00
        1.76     0.999536     16900169      2155.79
        1.76     0.999561     16900169      2275.56
        1.77     0.999585     16900986      2409.41
        1.77     0.999609     16900986      2560.00
        1.77     0.999634     16901751      2730.67
        1.77     0.999658     16901751      2925.71
        1.78     0.999683     16902422      3150.77
        1.79     0.999707     16902961      3413.33
        1.79     0.999731     16902961      3723.64
        1.80     0.999756     16903424      4096.00
        1.81     0.999768     16903804      4311.58
        1.81     0.999780     16903804      4551.11
        1.81     0.999792     16904146      4818.82
        1.82     0.999805     16904464      5120.00
        1.82     0.999817     16904464      5461.33
        1.83     0.999829     16904753      5851.43
        1.84     0.999841     16905010      6301.54
        1.84     0.999854     16905010      6826.67
        1.85     0.999866     16905243      7447.27
        1.85     0.999878     16905457      8192.00
        1.86     0.999884     16905645      8623.16
        1.86     0.999890     16905645      9102.22
        1.87     0.999896     16905814      9637.65
        1.88     0.999902     16905955     10240.00
        1.88     0.999908     16905955     10922.67
        1.89     0.999915     16906073     11702.86
        1.90     0.999921     16906185     12603.08
        1.90     0.999927     16906302     13653.33
        1.91     0.999933     16906401     14894.55
        1.92     0.999939     16906494     16384.00
        1.93     0.999942     16906569     17246.32
        1.93     0.999945     16906569     18204.44
        1.94     0.999948     16906645     19275.29
        1.94     0.999951     16906719     20480.00
        1.94     0.999954     16906719     21845.33
        1.95     0.999957     16906771     23405.71
        1.96     0.999960     16906814     25206.15
        1.97     0.999963     16906870     27306.67
        1.98     0.999966     16906930     29789.09
        2.00     0.999969     16906977     32768.00
        2.01     0.999971     16906995     34492.63
        2.02     0.999973     16907022     36408.89
        2.02     0.999974     16907041     38550.59
        2.04     0.999976     16907076     40960.00
        2.06     0.999977     16907109     43690.67
        2.08     0.999979     16907126     46811.43
        2.10     0.999980     16907142     50412.31
        2.16     0.999982     16907169     54613.33
        2.21     0.999983     16907198     59578.18
        2.24     0.999985     16907221     65536.00
        2.25     0.999986     16907231     68985.26
        2.29     0.999986     16907244     72817.78
        2.32     0.999987     16907258     77101.18
        2.37     0.999988     16907274     81920.00
        2.42     0.999989     16907283     87381.33
        2.62     0.999989     16907297     93622.86
        2.91     0.999990     16907309    100824.62
        4.83     0.999991     16907356    109226.67
        4.83     0.999992     16907356    119156.36
        4.83     0.999992     16907356    131072.00
        4.83     0.999993     16907356    137970.53
        4.86     0.999993     16907364    145635.56
       79.87     0.999994     16907367    154202.35
       80.38     0.999994     16907410    163840.00
       80.38     0.999994     16907410    174762.67
       80.38     0.999995     16907410    187245.71
       80.38     0.999995     16907410    201649.23
       80.38     0.999995     16907410    218453.33
       80.38     0.999996     16907410    238312.73
       80.89     0.999996     16907417    262144.00
       80.89     0.999996     16907417    275941.05
       81.41     0.999997     16907418    291271.11
      173.06     0.999997     16907473    308404.71
      173.06     0.999997     16907473    327680.00
      173.06     0.999997     16907473    349525.33
      173.06     0.999997     16907473    374491.43
      173.06     0.999998     16907473    403298.46
      173.06     0.999998     16907473    436906.67
      173.06     0.999998     16907473    476625.45
      173.06     0.999998     16907473    524288.00
      173.06     0.999998     16907473    551882.11
      173.06     0.999998     16907473    582542.22
      173.06     0.999998     16907473    616809.41
      173.06     0.999998     16907473    655360.00
      173.06     0.999999     16907473    699050.67
      173.06     0.999999     16907473    748982.86
      173.06     0.999999     16907473    806596.92
      173.06     0.999999     16907473    873813.33
      173.06     0.999999     16907473    953250.91
      173.06     0.999999     16907473   1048576.00
      173.06     0.999999     16907473   1103764.21
      173.06     0.999999     16907473   1165084.44
      173.06     0.999999     16907473   1233618.82
      173.06     0.999999     16907473   1310720.00
      173.06     0.999999     16907473   1398101.33
      173.06     0.999999     16907473   1497965.71
      173.06     0.999999     16907473   1613193.85
      173.06     0.999999     16907473   1747626.67
      173.06     0.999999     16907473   1906501.82
      173.06     1.000000     16907473   2097152.00
      173.06     1.000000     16907473   2207528.42
      173.06     1.000000     16907473   2330168.89
      173.06     1.000000     16907473   2467237.65
      173.06     1.000000     16907473   2621440.00
      173.06     1.000000     16907473   2796202.67
      173.06     1.000000     16907473   2995931.43
      173.06     1.000000     16907473   3226387.69
      173.06     1.000000     16907473   3495253.33
      173.06     1.000000     16907473   3813003.64
      173.06     1.000000     16907473   4194304.00
      173.06     1.000000     16907473   4415056.84
      173.06     1.000000     16907473   4660337.78
      173.06     1.000000     16907473   4934475.29
      173.06     1.000000     16907473   5242880.00
      173.06     1.000000     16907473   5592405.33
      174.08     1.000000     16907474   5991862.86
      174.08     1.000000     16907474   6452775.39
      174.08     1.000000     16907474   6990506.67
      174.08     1.000000     16907474   7626007.28
      174.08     1.000000     16907474   8388608.00
      175.10     1.000000     16907476   8830113.68
      175.10     1.000000     16907476          inf
#[Mean    =        0.731, StdDeviation   =        0.393]
#[Max     =      175.103, Total count    =     16907476]
#[Buckets =           20, SubBuckets     =          256]
