       Value   Percentile   TotalCount 1/(1-Percentile)

        0.10     0.000000            2         1.00
        0.68     0.050000      2287515         1.05
        0.68     0.100000      2287515         1.11
        0.69     0.150000      6002591         1.18
        0.69     0.200000      6002591         1.25
        0.69     0.250000      6002591         1.33
        0.69     0.300000     11854749         1.43
        0.69     0.350000     11854749         1.54
        0.69     0.400000     11854749         1.67
        0.69     0.450000     11854749         1.82
        0.69     0.500000     11854749         2.00
        0.70     0.525000     17046066         2.11
        0.70     0.550000     17046066         2.22
        0.70     0.575000     17046066         2.35
        0.70     0.600000     17046066         2.50
        0.70     0.625000     17046066         2.67
        0.70     0.650000     17046066         2.86
        0.70     0.675000     17046066         3.08
        0.70     0.700000     17046066         3.33
        0.70     0.725000     17046066         3.64
        0.71     0.750000     19725268         4.00
        0.71     0.762500     19725268         4.21
        0.71     0.775000     19725268         4.44
        0.71     0.787500     19725268         4.71
        0.71     0.800000     19725268         5.00
        0.71     0.812500     19725268         5.33
        0.71     0.825000     19725268         5.71
        0.71     0.837500     19725268         6.15
        0.71     0.850000     19725268         6.67
        0.71     0.862500     19725268         7.27
        0.72     0.875000     20906047         8.00
        0.72     0.881250     20906047         8.42
        0.72     0.887500     20906047         8.89
        0.72     0.893750     20906047         9.41
        0.72     0.900000     20906047        10.00
        0.72     0.906250     20906047        10.67
        0.72     0.912500     20906047        11.43
        0.73     0.918750     21391514        12.31
        0.73     0.925000     21391514        13.33
        0.73     0.931250     21391514        14.55
        0.73     0.937500     21391514        16.00
        0.73     0.940625     21602737        16.84
        0.73     0.943750     21602737        17.78
        0.73     0.946875     21602737        18.82
        0.74     0.950000     21714613        20.00
        0.75     0.953125     21790573        21.33
        0.76     0.956250     21847765        22.86
        0.77     0.959375     21889891        24.62
        0.80     0.962500     21966584        26.67
        0.81     0.965625     22035107        29.09
        0.84     0.968750     22111232        32.00
        0.88     0.970313     22135837        33.68
        0.94     0.971875     22175659        35.56
        0.96     0.973437     22209337        37.65
        1.07     0.975000     22241871        40.00
        1.33     0.976562     22277572        42.67
        1.36     0.978125     22330741        45.71
        1.37     0.979688     22372530        49.23
        1.38     0.981250     22429813        53.33
        1.38     0.982812     22429813        58.18
        1.38     0.984375     22499442        64.00
        1.38     0.985156     22499442        67.37
        1.38     0.985938     22499442        71.11
        1.39     0.986719     22574333        75.29
        1.39     0.987500     22574333        80.00
        1.39     0.988281     22574333        85.33
        1.39     0.989062     22574333        91.43
        1.40     0.989844     22643532        98.46
        1.40     0.990625     22643532       106.67
        1.40     0.991406     22643532       116.36
        1.40     0.992188     22643532       128.00
        1.40     0.992578     22643532       134.74
        1.41     0.992969     22697873       142.22
        1.41     0.993359     22697873       150.59
        1.41     0.993750     22697873       160.00
        1.41     0.994141     22697873       170.67
        1.41     0.994531     22697873       182.86
        1.41     0.994922     22697873       196.92
        1.42     0.995313     22735175       213.33
        1.42     0.995703     22735175       232.73
        1.42     0.996094     22735175       256.00
        1.42     0.996289     22735175       269.47
        1.42     0.996484     22735175       284.44
        1.42     0.996680     22758427       301.18
        1.42     0.996875     22758427       320.00
        1.42     0.997070     22758427       341.33
        1.42     0.997266     22758427       365.71
        1.42     0.997461     22758427       393.85
        1.42     0.997656     22758427       426.67
        1.43     0.997852     22772860       465.45
        1.43     0.998047     22772860       512.00
        1.43     0.998145     22772860       538.95
        1.43     0.998242     22772860       568.89
        1.44     0.998340     22782372       602.35
        1.44     0.998437     22782372       640.00
        1.44     0.998535     22782372       682.67
        1.44     0.998633     22782372       731.43
        1.45     0.998730     22788696       787.69
        1.45     0.998828     22788696       853.33
        1.45     0.998926     22788696       930.91
        1.46     0.999023     22792945      1024.00
        1.46     0.999072     22792945      1077.89
        1.46     0.999121     22792945      1137.78
        1.46     0.999170     22795990      1204.71
        1.46     0.999219     22795990      1280.00
        1.46     0.999268     22795990      1365.33
        1.47     0.999316     22798151      1462.86
        1.47     0.999365     22798151      1575.38
        1.48     0.999414     22799989      1706.67
        1.48     0.999463     22799989      1861.82
        1.49     0.999512     22801459      2048.00
        1.49     0.999536     22801459      2155.79
        1.50     0.999561     22802786      2275.56
        1.50     0.999585     22802786      2409.41
        1.50     0.999609     22804077      2560.00
        1.50     0.999634     22804077      2730.67
        1.51     0.999658     22805329      2925.71
        1.51     0.999683     22805329      3150.77
        1.51     0.999707     22805329      3413.33
        1.52     0.999731     22806506      3723.64
        1.52     0.999756     22806506      4096.00
        1.53     0.999768     22807541      4311.58
        1.53     0.999780     22807541      4551.11
        1.53     0.999792     22807541      4818.82
        1.53     0.999805     22807541      5120.00
        1.53     0.999817     22808368      5461.33
        1.53     0.999829     22808368      5851.43
        1.53     0.999841     22808368      6301.54
        1.54     0.999854     22808872      6826.67
        1.54     0.999866     22808872      7447.27
        1.55     0.999878     22809249      8192.00
        1.55     0.999884     22809249      8623.16
        1.56     0.999890     22809505      9102.22
        1.57     0.999896     22809678      9637.65
        1.57     0.999902     22809678     10240.00
        1.57     0.999908     22809802     10922.67
        1.59     0.999915     22810004     11702.86
        1.61     0.999921     22810139     12603.08
        1.63     0.999927     22810240     13653.33
        1.66     0.999933     22810376     14894.55
        1.70     0.999939     22810510     16384.00
        1.71     0.999942     22810568     17246.32
        1.74     0.999945     22810644     18204.44
        1.77     0.999948     22810706     19275.29
        1.80     0.999951     22810776     20480.00
        1.84     0.999954     22810845     21845.33
        1.89     0.999957     22810912     23405.71
        1.96     0.999960     22810986     25206.15
        2.02     0.999963     22811049     27306.67
        2.10     0.999966     22811138     29789.09
        2.14     0.999969     22811193     32768.00
        2.17     0.999971     22811230     34492.63
        2.22     0.999973     22811267     36408.89
        2.27     0.999974     22811297     38550.59
        2.32     0.999976     22811329     40960.00
        2.38     0.999977     22811364     43690.67
        2.45     0.999979     22811410     46811.43
        2.48     0.999980     22811434     50412.31
        2.53     0.999982     22811479     54613.33
        2.58     0.999983     22811508     59578.18
        2.64     0.999985     22811545     65536.00
        2.67     0.999986     22811557     68985.26
        2.70     0.999986     22811571     72817.78
        2.78     0.999987     22811590     77101.18
        2.85     0.999988     22811606     81920.00
        2.94     0.999989     22811623     87381.33
        3.06     0.999989     22811645     93622.86
        3.10     0.999990     22811662    100824.62
        3.18     0.999991     22811677    109226.67
        3.38     0.999992     22811693    119156.36
        3.95     0.999992     22811711    131072.00
        4.01     0.999993     22811719    137970.53
        4.05     0.999993     22811728    145635.56
        4.16     0.999994     22811737    154202.35
        4.48     0.999994     22811745    163840.00
        4.89     0.999994     22811758    174762.67
        5.09     0.999995     22811763    187245.71
        5.73     0.999995     22811773    201649.23
        5.86     0.999995     22811781    218453.33
        5.95     0.999996     22811793    238312.73
      552.96     0.999996     22811884    262144.00
      552.96     1.000000     22811884          inf
#[Mean    =        0.717, StdDeviation   =        1.092]
#[Max     =      552.959, Total count    =     22811884]
#[Buckets =           20, SubBuckets     =          256]
