       Value   Percentile   TotalCount 1/(1-Percentile)

        0.02     0.000000        13662         1.00
        0.34     0.050000      1306919         1.05
        0.57     0.100000      2587671         1.11
        0.66     0.150000      4189771         1.18
        0.68     0.200000      6299932         1.25
        0.69     0.250000      7911061         1.33
        0.69     0.300000      7911061         1.43
        0.69     0.350000      9885234         1.54
        0.70     0.400000     12253176         1.67
        0.70     0.450000     12253176         1.82
        0.71     0.500000     15090371         2.00
        0.71     0.525000     15090371         2.11
        0.71     0.550000     15090371         2.22
        0.71     0.575000     15090371         2.35
        0.72     0.600000     18278139         2.50
        0.72     0.625000     18278139         2.67
        0.72     0.650000     18278139         2.86
        0.72     0.675000     18278139         3.08
        0.72     0.700000     18278139         3.33
        0.73     0.725000     21136012         3.64
        0.73     0.750000     21136012         4.00
        0.73     0.762500     21136012         4.21
        0.73     0.775000     21136012         4.44
        0.73     0.787500     21136012         4.71
        0.73     0.800000     21136012         5.00
        0.73     0.812500     21136012         5.33
        0.73     0.825000     22924498         5.71
        0.73     0.837500     22924498         6.15
        0.73     0.850000     22924498         6.67
        0.73     0.862500     22924498         7.27
        0.73     0.875000     22924498         8.00
        0.73     0.881250     22924498         8.42
        0.73     0.887500     22924498         8.89
        0.73     0.893750     22924498         9.41
        0.74     0.900000     23745596        10.00
        0.74     0.906250     23745596        10.67
        0.74     0.912500     23745596        11.43
        0.74     0.918750     23745596        12.31
        0.74     0.925000     23745596        13.33
        0.75     0.931250     24079308        14.55
        0.75     0.937500     24079308        16.00
        0.76     0.940625     24231626        16.84
        0.76     0.943750     24231626        17.78
        0.77     0.946875     24319351        18.82
        0.78     0.950000     24382221        20.00
        0.79     0.953125     24474296        21.33
        0.81     0.956250     24539445        22.86
        0.82     0.959375     24603609        24.62
        0.85     0.962500     24706763        26.67
        0.87     0.965625     24765292        29.09
        0.91     0.968750     24841354        32.00
        0.93     0.970313     24878286        33.68
        0.95     0.971875     24933340        35.56
        0.97     0.973437     24966310        37.65
        0.99     0.975000     25004599        40.00
        1.05     0.976562     25037843        42.67
        1.19     0.978125     25076294        45.71
        1.30     0.979688     25121172        49.23
        1.33     0.981250     25161570        53.33
        1.36     0.982812     25209424        58.18
        1.38     0.984375     25251054        64.00
        1.38     0.985156     25274708        67.37
        1.39     0.985938     25300113        71.11
        1.39     0.986719     25300113        75.29
        1.40     0.987500     25326869        80.00
        1.41     0.988281     25355985        85.33
        1.42     0.989062     25387325        91.43
        1.42     0.989844     25387325        98.46
        1.42     0.990625     25420479       106.67
        1.42     0.991406     25420479       116.36
        1.43     0.992188     25455750       128.00
        1.43     0.992578     25455750       134.74
        1.44     0.992969     25491263       142.22
        1.44     0.993359     25491263       150.59
        1.44     0.993750     25491263       160.00
        1.44     0.994141     25491263       170.67
        1.45     0.994531     25525365       182.86
        1.45     0.994922     25525365       196.92
        1.45     0.995313     25525365       213.33
        1.46     0.995703     25555753       232.73
        1.46     0.996094     25555753       256.00
        1.46     0.996289     25555753       269.47
        1.46     0.996484     25555753       284.44
        1.46     0.996680     25555753       301.18
        1.46     0.996875     25579967       320.00
        1.46     0.997070     25579967       341.33
        1.46     0.997266     25579967       365.71
        1.46     0.997461     25579967       393.85
        1.46     0.997656     25579967       426.67
        1.47     0.997852     25597765       465.45
        1.47     0.998047     25597765       512.00
        1.47     0.998145     25597765       538.95
        1.47     0.998242     25597765       568.89
        1.47     0.998340     25597765       602.35
        1.47     0.998437     25597765       640.00
        1.48     0.998535     25609977       682.67
        1.48     0.998633     25609977       731.43
        1.48     0.998730     25609977       787.69
        1.48     0.998828     25609977       853.33
        1.48     0.998926     25609977       930.91
        1.49     0.999023     25617651      1024.00
        1.49     0.999072     25617651      1077.89
        1.49     0.999121     25617651      1137.78
        1.49     0.999170     25617651      1204.71
        1.49     0.999219     25617651      1280.00
        1.50     0.999268     25622416      1365.33
        1.50     0.999316     25622416      1462.86
        1.50     0.999365     25622416      1575.38
        1.50     0.999414     25622416      1706.67
        1.50     0.999463     25625446      1861.82
        1.50     0.999512     25625446      2048.00
        1.50     0.999536     25625446      2155.79
        1.51     0.999561     25627412      2275.56
        1.51     0.999585     25627412      2409.41
        1.51     0.999609     25627412      2560.00
        1.52     0.999634     25628952      2730.67
        1.52     0.999658     25628952      2925.71
        1.52     0.999683     25628952      3150.77
        1.53     0.999707     25630206      3413.33
        1.53     0.999731     25630206      3723.64
        1.53     0.999756     25631199      4096.00
        1.53     0.999768     25631199      4311.58
        1.54     0.999780     25632016      4551.11
        1.54     0.999792     25632016      4818.82
        1.55     0.999805     25632737      5120.00
        1.55     0.999817     25632737      5461.33
        1.55     0.999829     25632737      5851.43
        1.56     0.999841     25633375      6301.54
        1.56     0.999854     25633375      6826.67
        1.57     0.999866     25633981      7447.27
        1.57     0.999878     25633981      8192.00
        1.57     0.999884     25634515      8623.16
        1.57     0.999890     25634515      9102.22
        1.57     0.999896     25634515      9637.65
        1.58     0.999902     25634933     10240.00
        1.58     0.999908     25634933     10922.67
        1.58     0.999915     25634933     11702.86
        1.59     0.999921     25635273     12603.08
        1.59     0.999927     25635273     13653.33
        1.60     0.999933     25635517     14894.55
        1.60     0.999939     25635517     16384.00
        1.61     0.999942     25635715     17246.32
        1.61     0.999945     25635715     18204.44
        1.61     0.999948     25635839     19275.29
        1.61     0.999951     25635839     20480.00
        1.62     0.999954     25635918     21845.33
        1.63     0.999957     25635968     23405.71
        1.65     0.999960     25636063     25206.15
        1.66     0.999963     25636137     27306.67
        1.68     0.999966     25636200     29789.09
        1.70     0.999969     25636277     32768.00
        1.72     0.999971     25636316     34492.63
        1.74     0.999973     25636358     36408.89
        1.75     0.999974     25636401     38550.59
        1.77     0.999976     25636441     40960.00
        1.79     0.999977     25636474     43690.67
        1.81     0.999979     25636516     46811.43
        1.84     0.999980     25636554     50412.31
        1.87     0.999982     25636591     54613.33
        1.90     0.999983     25636634     59578.18
        1.94     0.999985     25636669     65536.00
        1.95     0.999986     25636698     68985.26
        1.96     0.999986     25636707     72817.78
        1.98     0.999987     25636727     77101.18
        2.00     0.999988     25636748     81920.00
        2.02     0.999989     25636766     87381.33
        2.04     0.999989     25636790     93622.86
        2.06     0.999990     25636821    100824.62
        2.08     0.999991     25636835    109226.67
        2.10     0.999992     25636855    119156.36
        2.11     0.999992     25636872    131072.00
        2.13     0.999993     25636891    137970.53
        2.13     0.999993     25636891    145635.56
        2.14     0.999994     25636903    154202.35
        2.14     0.999994     25636903    163840.00
        2.16     0.999994     25636927    174762.67
        2.16     0.999995     25636927    187245.71
        2.17     0.999995     25636950    201649.23
        2.17     0.999995     25636950    218453.33
        2.19     0.999996     25636960    238312.73
        2.21     0.999996     25636971    262144.00
        2.21     0.999996     25636971    275941.05
        2.21     0.999997     25636971    291271.11
        2.22     0.999997     25636982    308404.71
        2.22     0.999997     25636982    327680.00
        2.24     0.999997     25636997    349525.33
        2.24     0.999997     25636997    374491.43
        2.24     0.999998     25636997    403298.46
        2.25     0.999998     25637009    436906.67
        2.25     0.999998     25637009    476625.45
        2.27     0.999998     25637012    524288.00
        2.29     0.999998     25637020    551882.11
        2.29     0.999998     25637020    582542.22
        2.29     0.999998     25637020    616809.41
        2.29     0.999998     25637020    655360.00
        2.30     0.999999     25637023    699050.67
        2.32     0.999999     25637025    748982.86
        2.37     0.999999     25637028    806596.92
        2.38     0.999999     25637030    873813.33
        2.45     0.999999     25637033    953250.91
        2.46     0.999999     25637035   1048576.00
        2.50     0.999999     25637036   1103764.21
        2.51     0.999999     25637037   1165084.44
        2.54     0.999999     25637040   1233618.82
        2.54     0.999999     25637040   1310720.00
        2.56     0.999999     25637041   1398101.33
        2.59     0.999999     25637042   1497965.71
        2.62     0.999999     25637044   1613193.85
        2.64     0.999999     25637045   1747626.67
        2.65     0.999999     25637046   1906501.82
        2.72     1.000000     25637048   2097152.00
        2.72     1.000000     25637048   2207528.42
        2.72     1.000000     25637048   2330168.89
        2.73     1.000000     25637050   2467237.65
        2.73     1.000000     25637050   2621440.00
        2.73     1.000000     25637050   2796202.67
        2.77     1.000000     25637051   2995931.43
        2.78     1.000000     25637052   3226387.69
        2.78     1.000000     25637052   3495253.33
        2.81     1.000000     25637053   3813003.64
        2.81     1.000000     25637053   4194304.00
        2.83     1.000000     25637054   4415056.84
        2.83     1.000000     25637054   4660337.78
        2.83     1.000000     25637054   4934475.29
        2.85     1.000000     25637055   5242880.00
        2.85     1.000000     25637055   5592405.33
        2.85     1.000000     25637055   5991862.86
        2.94     1.000000     25637056   6452775.39
        2.94     1.000000     25637056   6990506.67
        2.94     1.000000     25637056   7626007.28
        2.94     1.000000     25637056   8388608.00
        3.01     1.000000     25637057   8830113.68
        3.01     1.000000     25637057   9320675.55
        3.01     1.000000     25637057   9868950.59
        3.01     1.000000     25637057  10485760.00
        3.01     1.000000     25637057  11184810.67
        3.01     1.000000     25637057  11983725.71
        3.06     1.000000     25637058  12905550.76
        3.06     1.000000     25637058  13981013.34
        3.06     1.000000     25637058  15252014.55
        3.06     1.000000     25637058  16777216.00
        3.06     1.000000     25637058  17660227.38
        3.06     1.000000     25637058  18641351.10
        3.06     1.000000     25637058  19737901.19
        3.06     1.000000     25637058  20971519.98
        3.06     1.000000     25637058  22369621.33
        3.06     1.000000     25637058  23967451.45
        3.36     1.000000     25637059  25811101.52
        3.36     1.000000     25637059          inf
#[Mean    =        0.686, StdDeviation   =        0.171]
#[Max     =        3.359, Total count    =     25637059]
#[Buckets =           20, SubBuckets     =          256]
