       Value   Percentile   TotalCount 1/(1-Percentile)

        0.37     0.000000            2         1.00
        1.81     0.050000      6251350         1.05
        1.85     0.100000     12747803         1.11
        1.88     0.150000     18037296         1.18
        1.90     0.200000     24098109         1.25
        1.93     0.250000     30572462         1.33
        1.94     0.300000     34875854         1.43
        1.97     0.350000     41032269         1.54
        1.99     0.400000     46497631         1.67
        2.02     0.450000     52409232         1.82
        2.06     0.500000     57518414         2.00
        2.11     0.525000     60952515         2.11
        2.19     0.550000     63090188         2.22
        2.86     0.575000     66114826         2.35
        2.96     0.600000     69323153         2.50
        3.01     0.625000     71772689         2.67
        3.06     0.650000     74831275         2.86
        3.10     0.675000     78486621         3.08
        3.13     0.700000     81201916         3.33
        3.17     0.725000     84077652         3.64
        3.20     0.750000     87015594         4.00
        3.21     0.762500     88462685         4.21
        3.23     0.775000     89881964         4.44
        3.25     0.787500     91253201         4.71
        3.26     0.800000     92570670         5.00
        3.28     0.812500     93817680         5.33
        3.29     0.825000     94991853         5.71
        3.31     0.837500     96095511         6.15
        3.34     0.850000     98125567         6.67
        3.36     0.862500     99075369         7.27
        3.39     0.875000    100908154         8.00
        3.39     0.881250    100908154         8.42
        3.41     0.887500    101824934         8.89
        3.42     0.893750    102748414         9.41
        3.44     0.900000    103687845        10.00
        3.46     0.906250    104633625        10.67
        3.46     0.912500    104633625        11.43
        3.47     0.918750    105573798        12.31
        3.49     0.925000    106491704        13.33
        3.50     0.931250    107377439        14.55
        3.50     0.937500    107377439        16.00
        3.52     0.940625    108213731        16.84
        3.52     0.943750    108213731        17.78
        3.54     0.946875    108989206        18.82
        3.54     0.950000    108989206        20.00
        3.55     0.953125    109701644        21.33
        3.55     0.956250    109701644        22.86
        3.57     0.959375    110332706        24.62
        3.57     0.962500    110332706        26.67
        3.58     0.965625    110884440        29.09
        3.60     0.968750    111363299        32.00
        3.60     0.970313    111363299        33.68
        3.60     0.971875    111363299        35.56
        3.62     0.973437    111776529        37.65
        3.62     0.975000    111776529        40.00
        3.63     0.976562    112121023        42.67
        3.63     0.978125    112121023        45.71
        3.65     0.979688    112416748        49.23
        3.65     0.981250    112416748        53.33
        3.66     0.982812    112671045        58.18
        3.68     0.984375    112888628        64.00
        3.68     0.985156    112888628        67.37
        3.68     0.985938    112888628        71.11
        3.69     0.986719    113076938        75.29
        3.69     0.987500    113076938        80.00
        3.71     0.988281    113245275        85.33
        3.71     0.989062    113245275        91.43
        3.73     0.989844    113393299        98.46
        3.74     0.990625    113526615       106.67
        3.74     0.991406    113526615       116.36
        3.76     0.992188    113646321       128.00
        3.76     0.992578    113646321       134.74
        3.77     0.992969    113753842       142.22
        3.77     0.993359    113753842       150.59
        3.79     0.993750    113852697       160.00
        3.79     0.994141    113852697       170.67
        3.81     0.994531    113941069       182.86
        3.81     0.994922    113941069       196.92
        3.82     0.995313    114020800       213.33
        3.82     0.995703    114020800       232.73
        3.84     0.996094    114091066       256.00
        3.84     0.996289    114091066       269.47
        3.84     0.996484    114091066       284.44
        3.85     0.996680    114153411       301.18
        3.85     0.996875    114153411       320.00
        3.85     0.997070    114153411       341.33
        3.87     0.997266    114207246       365.71
        3.87     0.997461    114207246       393.85
        3.89     0.997656    114251948       426.67
        3.89     0.997852    114251948       465.45
        3.90     0.998047    114289986       512.00
        3.90     0.998145    114289986       538.95
        3.90     0.998242    114289986       568.89
        3.92     0.998340    114320621       602.35
        3.92     0.998437    114320621       640.00
        3.92     0.998535    114320621       682.67
        3.94     0.998633    114346676       731.43
        3.94     0.998730    114346676       787.69
        3.95     0.998828    114367550       853.33
        3.95     0.998926    114367550       930.91
        3.97     0.999023    114384376      1024.00
        3.97     0.999072    114384376      1077.89
        3.97     0.999121    114384376      1137.78
        3.98     0.999170    114398305      1204.71
        3.98     0.999219    114398305      1280.00
        4.00     0.999268    114409735      1365.33
        4.00     0.999316    114409735      1462.86
        4.00     0.999365    114409735      1575.38
        4.01     0.999414    114418440      1706.67
        4.03     0.999463    114426118      1861.82
        4.05     0.999512    114432125      2048.00
        4.05     0.999536    114432125      2155.79
        4.05     0.999561    114432125      2275.56
        4.06     0.999585    114437066      2409.41
        4.08     0.999609    114441201      2560.00
        4.08     0.999634    114441201      2730.67
        4.09     0.999658    114444788      2925.71
        4.13     0.999683    114450303      3150.77
        4.13     0.999707    114450303      3413.33
        4.16     0.999731    114454327      3723.64
        4.19     0.999756    114457319      4096.00
        4.19     0.999768    114457319      4311.58
        4.19     0.999780    114457319      4551.11
        4.22     0.999792    114459777      4818.82
        4.25     0.999805    114462110      5120.00
        4.25     0.999817    114462110      5461.33
        4.29     0.999829    114464038      5851.43
        4.32     0.999841    114465994      6301.54
        4.32     0.999854    114465994      6826.67
        4.35     0.999866    114467840      7447.27
        4.38     0.999878    114469213      8192.00
        4.38     0.999884    114469213      8623.16
        4.42     0.999890    114470720      9102.22
        4.42     0.999896    114470720      9637.65
        4.45     0.999902    114472062     10240.00
        4.45     0.999908    114472062     10922.67
        4.48     0.999915    114473268     11702.86
        4.48     0.999921    114473268     12603.08
        4.51     0.999927    114474337     13653.33
        4.54     0.999933    114475463     14894.55
        4.54     0.999939    114475463     16384.00
        4.58     0.999942    114476457     17246.32
        4.58     0.999945    114476457     18204.44
        4.58     0.999948    114476457     19275.29
        4.61     0.999951    114477233     20480.00
        4.61     0.999954    114477233     21845.33
        4.64     0.999957    114478032     23405.71
        4.64     0.999960    114478032     25206.15
        4.67     0.999963    114478761     27306.67
        4.67     0.999966    114478761     29789.09
        4.70     0.999969    114479225     32768.00
        4.70     0.999971    114479225     34492.63
        4.70     0.999973    114479225     36408.89
        4.74     0.999974    114479617     38550.59
        4.74     0.999976    114479617     40960.00
        4.77     0.999977    114479994     43690.67
        4.77     0.999979    114479994     46811.43
        4.80     0.999980    114480284     50412.31
        4.80     0.999982    114480284     54613.33
        4.83     0.999983    114480559     59578.18
        4.83     0.999985    114480559     65536.00
        4.86     0.999986    114480785     68985.26
        4.86     0.999986    114480785     72817.78
        4.89     0.999987    114480962     77101.18
        4.89     0.999988    114480962     81920.00
        4.93     0.999989    114481188     87381.33
        4.93     0.999989    114481188     93622.86
        4.93     0.999990    114481188    100824.62
        4.96     0.999991    114481310    109226.67
        4.99     0.999992    114481418    119156.36
        5.02     0.999992    114481572    131072.00
        5.02     0.999993    114481572    137970.53
        5.02     0.999993    114481572    145635.56
        5.02     0.999994    114481572    154202.35
        5.05     0.999994    114481648    163840.00
        5.09     0.999994    114481742    174762.67
        5.09     0.999995    114481742    187245.71
        5.09     0.999995    114481742    201649.23
        5.12     0.999995    114481794    218453.33
        5.15     0.999996    114481890    238312.73
        5.15     0.999996    114481890    262144.00
        5.15     0.999996    114481890    275941.05
        5.18     0.999997    114481944    291271.11
        5.18     0.999997    114481944    308404.71
        5.21     0.999997    114481998    327680.00
        5.21     0.999997    114481998    349525.33
        5.25     0.999997    114482030    374491.43
        5.25     0.999998    114482030    403298.46
        5.28     0.999998    114482084    436906.67
        5.28     0.999998    114482084    476625.45
        5.31     0.999998    114482150    524288.00
        5.31     0.999998    114482150    551882.11
        5.31     0.999998    114482150    582542.22
        5.31     0.999998    114482150    616809.41
        5.31     0.999998    114482150    655360.00
        5.31     0.999999    114482150    699050.67
        5.34     0.999999    114482174    748982.86
        5.34     0.999999    114482174    806596.92
        5.34     0.999999    114482174    873813.33
        5.38     0.999999    114482204    953250.91
        5.38     0.999999    114482204   1048576.00
        5.38     0.999999    114482204   1103764.21
        5.41     0.999999    114482212   1165084.44
        5.41     0.999999    114482212   1233618.82
        5.44     0.999999    114482222   1310720.00
        5.47     0.999999    114482236   1398101.33
        5.47     0.999999    114482236   1497965.71
        5.47     0.999999    114482236   1613193.85
        5.50     0.999999    114482260   1747626.67
        5.50     0.999999    114482260   1906501.82
        5.50     1.000000    114482260   2097152.00
        5.50     1.000000    114482260   2207528.42
        5.50     1.000000    114482260   2330168.89
        5.50     1.000000    114482260   2467237.65
        5.54     1.000000    114482266   2621440.00
        5.54     1.000000    114482266   2796202.67
        5.54     1.000000    114482266   2995931.43
        5.57     1.000000    114482270   3226387.69
        5.60     1.000000    114482284   3495253.33
        5.60     1.000000    114482284   3813003.64
        5.60     1.000000    114482284   4194304.00
        5.60     1.000000    114482284   4415056.84
        5.60     1.000000    114482284   4660337.78
        5.60     1.000000    114482284   4934475.29
        5.60     1.000000    114482284   5242880.00
        5.60     1.000000    114482284   5592405.33
        5.63     1.000000    114482286   5991862.86
        5.66     1.000000    114482298   6452775.39
        5.66     1.000000    114482298   6990506.67
        5.66     1.000000    114482298   7626007.28
        5.66     1.000000    114482298   8388608.00
        5.66     1.000000    114482298   8830113.68
        5.66     1.000000    114482298   9320675.55
        5.66     1.000000    114482298   9868950.59
        5.66     1.000000    114482298  10485760.00
        5.66     1.000000    114482298  11184810.67
        5.66     1.000000    114482298  11983725.71
        5.66     1.000000    114482298  12905550.76
        5.66     1.000000    114482298  13981013.34
        5.66     1.000000    114482298  15252014.55
        5.66     1.000000    114482298  16777216.00
        5.66     1.000000    114482298  17660227.38
        5.66     1.000000    114482298  18641351.10
        5.76     1.000000    114482300  19737901.19
        5.76     1.000000    114482300  20971519.98
        5.76     1.000000    114482300  22369621.33
        5.76     1.000000    114482300  23967451.45
        5.76     1.000000    114482300  25811101.52
        5.76     1.000000    114482300  27962026.68
        6.01     1.000000    114482304  30504029.05
        6.01     1.000000    114482304          inf
#[Mean    =        2.514, StdDeviation   =        0.670]
#[Max     =        6.015, Total count    =    114482304]
#[Buckets =           20, SubBuckets     =          256]
