       Value   Percentile   TotalCount 1/(1-Percentile)

        0.37     0.000000            1         1.00
        1.81     0.050000      3125657         1.05
        1.85     0.100000      6373807         1.11
        1.88     0.150000      9018464         1.18
        1.90     0.200000     12048743         1.25
        1.93     0.250000     15285720         1.33
        1.94     0.300000     17437293         1.43
        1.97     0.350000     20515231         1.54
        1.99     0.400000     23247696         1.67
        2.02     0.450000     26203300         1.82
        2.06     0.500000     28757753         2.00
        2.11     0.525000     30474979         2.11
        2.19     0.550000     31544403         2.22
        2.86     0.575000     33057328         2.35
        2.96     0.600000     34661564         2.50
        3.01     0.625000     35886405         2.67
        3.06     0.650000     37415793         2.86
        3.10     0.675000     39243598         3.08
        3.13     0.700000     40601338         3.33
        3.17     0.725000     42039306         3.64
        3.20     0.750000     43508385         4.00
        3.21     0.762500     44231978         4.21
        3.23     0.775000     44941664         4.44
        3.25     0.787500     45627314         4.71
        3.26     0.800000     46286065         5.00
        3.28     0.812500     46909590         5.33
        3.29     0.825000     47496671         5.71
        3.31     0.837500     48048492         6.15
        3.34     0.850000     49063476         6.67
        3.36     0.862500     49538321         7.27
        3.39     0.875000     50454629         8.00
        3.39     0.881250     50454629         8.42
        3.41     0.887500     50912981         8.89
        3.42     0.893750     51374675         9.41
        3.44     0.900000     51844332        10.00
        3.46     0.906250     52317162        10.67
        3.46     0.912500     52317162        11.43
        3.47     0.918750     52787191        12.31
        3.49     0.925000     53246092        13.33
        3.50     0.931250     53688903        14.55
        3.50     0.937500     53688903        16.00
        3.52     0.940625     54106999        16.84
        3.52     0.943750     54106999        17.78
        3.54     0.946875     54494690        18.82
        3.54     0.950000     54494690        20.00
        3.55     0.953125     54850878        21.33
        3.55     0.956250     54850878        22.86
        3.57     0.959375     55166373        24.62
        3.57     0.962500     55166373        26.67
        3.58     0.965625     55442206        29.09
        3.60     0.968750     55681601        32.00
        3.60     0.970313     55681601        33.68
        3.60     0.971875     55681601        35.56
        3.62     0.973437     55888203        37.65
        3.62     0.975000     55888203        40.00
        3.63     0.976562     56060431        42.67
        3.63     0.978125     56060431        45.71
        3.65     0.979688     56208288        49.23
        3.65     0.981250     56208288        53.33
        3.66     0.982812     56335450        58.18
        3.68     0.984375     56444236        64.00
        3.68     0.985156     56444236        67.37
        3.68     0.985938     56444236        71.11
        3.69     0.986719     56538398        75.29
        3.69     0.987500     56538398        80.00
        3.71     0.988281     56622588        85.33
        3.71     0.989062     56622588        91.43
        3.73     0.989844     56696617        98.46
        3.74     0.990625     56763288       106.67
        3.74     0.991406     56763288       116.36
        3.76     0.992188     56823145       128.00
        3.76     0.992578     56823145       134.74
        3.77     0.992969     56876905       142.22
        3.77     0.993359     56876905       150.59
        3.79     0.993750     56926328       160.00
        3.79     0.994141     56926328       170.67
        3.81     0.994531     56970516       182.86
        3.81     0.994922     56970516       196.92
        3.82     0.995313     57010380       213.33
        3.82     0.995703     57010380       232.73
        3.84     0.996094     57045506       256.00
        3.84     0.996289     57045506       269.47
        3.84     0.996484     57045506       284.44
        3.85     0.996680     57076679       301.18
        3.85     0.996875     57076679       320.00
        3.85     0.997070     57076679       341.33
        3.87     0.997266     57103594       365.71
        3.87     0.997461     57103594       393.85
        3.89     0.997656     57125946       426.67
        3.89     0.997852     57125946       465.45
        3.90     0.998047     57144966       512.00
        3.90     0.998145     57144966       538.95
        3.90     0.998242     57144966       568.89
        3.92     0.998340     57160282       602.35
        3.92     0.998437     57160282       640.00
        3.92     0.998535     57160282       682.67
        3.94     0.998633     57173306       731.43
        3.94     0.998730     57173306       787.69
        3.95     0.998828     57183743       853.33
        3.95     0.998926     57183743       930.91
        3.97     0.999023     57192151      1024.00
        3.97     0.999072     57192151      1077.89
        3.97     0.999121     57192151      1137.78
        3.98     0.999170     57199116      1204.71
        3.98     0.999219     57199116      1280.00
        4.00     0.999268     57204830      1365.33
        4.00     0.999316     57204830      1462.86
        4.00     0.999365     57204830      1575.38
        4.01     0.999414     57209182      1706.67
        4.03     0.999463     57213019      1861.82
        4.05     0.999512     57216019      2048.00
        4.05     0.999536     57216019      2155.79
        4.05     0.999561     57216019      2275.56
        4.06     0.999585     57218487      2409.41
        4.08     0.999609     57220555      2560.00
        4.08     0.999634     57220555      2730.67
        4.09     0.999658     57222346      2925.71
        4.13     0.999683     57225102      3150.77
        4.13     0.999707     57225102      3413.33
        4.16     0.999731     57227113      3723.64
        4.19     0.999756     57228607      4096.00
        4.19     0.999768     57228607      4311.58
        4.19     0.999780     57228607      4551.11
        4.22     0.999792     57229836      4818.82
        4.25     0.999805     57231002      5120.00
        4.25     0.999817     57231002      5461.33
        4.29     0.999829     57231966      5851.43
        4.32     0.999841     57232944      6301.54
        4.32     0.999854     57232944      6826.67
        4.35     0.999866     57233868      7447.27
        4.38     0.999878     57234555      8192.00
        4.38     0.999884     57234555      8623.16
        4.42     0.999890     57235308      9102.22
        4.42     0.999896     57235308      9637.65
        4.45     0.999902     57235980     10240.00
        4.45     0.999908     57235980     10922.67
        4.48     0.999915     57236583     11702.86
        4.48     0.999921     57236583     12603.08
        4.51     0.999927     57237117     13653.33
        4.54     0.999933     57237680     14894.55
        4.54     0.999939     57237680     16384.00
        4.58     0.999942     57238178     17246.32
        4.58     0.999945     57238178     18204.44
        4.58     0.999948     57238178     19275.29
        4.61     0.999951     57238566     20480.00
        4.61     0.999954     57238566     21845.33
        4.64     0.999957     57238966     23405.71
        4.64     0.999960     57238966     25206.15
        4.67     0.999963     57239330     27306.67
        4.67     0.999966     57239330     29789.09
        4.70     0.999969     57239562     32768.00
        4.70     0.999971     57239562     34492.63
        4.70     0.999973     57239562     36408.89
        4.74     0.999974     57239758     38550.59
        4.74     0.999976     57239758     40960.00
        4.77     0.999977     57239946     43690.67
        4.77     0.999979     57239946     46811.43
        4.80     0.999980     57240091     50412.31
        4.80     0.999982     57240091     54613.33
        4.83     0.999983     57240229     59578.18
        4.83     0.999985     57240229     65536.00
        4.86     0.999986     57240342     68985.26
        4.86     0.999986     57240342     72817.78
        4.89     0.999987     57240431     77101.18
        4.89     0.999988     57240431     81920.00
        4.93     0.999989     57240544     87381.33
        4.93     0.999989     57240544     93622.86
        4.93     0.999990     57240544    100824.62
        4.96     0.999991     57240605    109226.67
        4.99     0.999992     57240659    119156.36
        5.02     0.999992     57240736    131072.00
        5.02     0.999993     57240736    137970.53
        5.02     0.999993     57240736    145635.56
        5.02     0.999994     57240736    154202.35
        5.05     0.999994     57240774    163840.00
        5.09     0.999994     57240821    174762.67
        5.09     0.999995     57240821    187245.71
        5.09     0.999995     57240821    201649.23
        5.12     0.999995     57240847    218453.33
        5.15     0.999996     57240895    238312.73
        5.15     0.999996     57240895    262144.00
        5.15     0.999996     57240895    275941.05
        5.18     0.999997     57240922    291271.11
        5.18     0.999997     57240922    308404.71
        5.21     0.999997     57240949    327680.00
        5.21     0.999997     57240949    349525.33
        5.25     0.999997     57240965    374491.43
        5.25     0.999998     57240965    403298.46
        5.28     0.999998     57240992    436906.67
        5.28     0.999998     57240992    476625.45
        5.31     0.999998     57241025    524288.00
        5.31     0.999998     57241025    551882.11
        5.31     0.999998     57241025    582542.22
        5.31     0.999998     57241025    616809.41
        5.31     0.999998     57241025    655360.00
        5.31     0.999999     57241025    699050.67
        5.34     0.999999     57241037    748982.86
        5.34     0.999999     57241037    806596.92
        5.34     0.999999     57241037    873813.33
        5.38     0.999999     57241052    953250.91
        5.38     0.999999     57241052   1048576.00
        5.38     0.999999     57241052   1103764.21
        5.41     0.999999     57241056   1165084.44
        5.41     0.999999     57241056   1233618.82
        5.44     0.999999     57241061   1310720.00
        5.47     0.999999     57241068   1398101.33
        5.47     0.999999     57241068   1497965.71
        5.47     0.999999     57241068   1613193.85
        5.50     0.999999     57241080   1747626.67
        5.50     0.999999     57241080   1906501.82
        5.50     1.000000     57241080   2097152.00
        5.50     1.000000     57241080   2207528.42
        5.50     1.000000     57241080   2330168.89
        5.50     1.000000     57241080   2467237.65
        5.54     1.000000     57241083   2621440.00
        5.54     1.000000     57241083   2796202.67
        5.54     1.000000     57241083   2995931.43
        5.57     1.000000     57241085   3226387.69
        5.60     1.000000     57241092   3495253.33
        5.60     1.000000     57241092   3813003.64
        5.60     1.000000     57241092   4194304.00
        5.60     1.000000     57241092   4415056.84
        5.60     1.000000     57241092   4660337.78
        5.60     1.000000     57241092   4934475.29
        5.60     1.000000     57241092   5242880.00
        5.60     1.000000     57241092   5592405.33
        5.63     1.000000     57241093   5991862.86
        5.66     1.000000     57241099   6452775.39
        5.66     1.000000     57241099   6990506.67
        5.66     1.000000     57241099   7626007.28
        5.66     1.000000     57241099   8388608.00
        5.66     1.000000     57241099   8830113.68
        5.66     1.000000     57241099   9320675.55
        5.66     1.000000     57241099   9868950.59
        5.66     1.000000     57241099  10485760.00
        5.66     1.000000     57241099  11184810.67
        5.66     1.000000     57241099  11983725.71
        5.66     1.000000     57241099  12905550.76
        5.66     1.000000     57241099  13981013.34
        5.66     1.000000     57241099  15252014.55
        5.66     1.000000     57241099  16777216.00
        5.66     1.000000     57241099  17660227.38
        5.66     1.000000     57241099  18641351.10
        5.76     1.000000     57241100  19737901.19
        5.76     1.000000     57241100  20971519.98
        5.76     1.000000     57241100  22369621.33
        5.76     1.000000     57241100  23967451.45
        5.76     1.000000     57241100  25811101.52
        5.76     1.000000     57241100  27962026.68
        6.01     1.000000     57241102  30504029.05
        6.01     1.000000     57241102          inf
#[Mean    =        2.514, StdDeviation   =        0.670]
#[Max     =        6.015, Total count    =     57241102]
#[Buckets =           20, SubBuckets     =          256]
