       Value   Percentile   TotalCount 1/(1-Percentile)

        0.02     0.000000          457         1.00
        0.36     0.050000       130386         1.05
        0.59     0.100000       260863         1.11
        0.68     0.150000       388160         1.18
        0.69     0.200000       532142         1.25
        0.71     0.250000       766554         1.33
        0.72     0.300000       918075         1.43
        0.72     0.350000       918075         1.54
        0.73     0.400000      1094146         1.67
        0.73     0.450000      1290248         1.82
        0.73     0.500000      1290248         2.00
        0.74     0.525000      1508681         2.11
        0.74     0.550000      1508681         2.22
        0.74     0.575000      1508681         2.35
        0.75     0.600000      1750080         2.50
        0.75     0.625000      1750080         2.67
        0.75     0.650000      1750080         2.86
        0.75     0.675000      1750080         3.08
        0.76     0.700000      1984600         3.33
        0.76     0.725000      1984600         3.64
        0.76     0.750000      1984600         4.00
        0.76     0.762500      1984600         4.21
        0.77     0.775000      2173333         4.44
        0.77     0.787500      2173333         4.71
        0.77     0.800000      2173333         5.00
        0.77     0.812500      2173333         5.33
        0.77     0.825000      2173333         5.71
        0.77     0.837500      2173333         6.15
        0.78     0.850000      2293763         6.67
        0.78     0.862500      2293763         7.27
        0.78     0.875000      2293763         8.00
        0.78     0.881250      2293763         8.42
        0.78     0.887500      2293763         8.89
        0.78     0.893750      2293763         9.41
        0.78     0.900000      2359974        10.00
        0.78     0.906250      2359974        10.67
        0.78     0.912500      2359974        11.43
        0.78     0.918750      2359974        12.31
        0.79     0.925000      2389691        13.33
        0.79     0.931250      2389691        14.55
        0.81     0.937500      2412789        16.00
        0.81     0.940625      2412789        16.84
        0.82     0.943750      2425093        17.78
        0.83     0.946875      2429709        18.82
        0.85     0.950000      2437296        20.00
        0.86     0.953125      2444825        21.33
        0.88     0.956250      2452273        22.86
        0.90     0.959375      2460208        24.62
        0.94     0.962500      2468329        26.67
        0.97     0.965625      2478182        29.09
        0.98     0.968750      2483802        32.00
        1.00     0.970313      2488980        33.68
        1.01     0.971875      2493741        35.56
        1.02     0.973437      2495744        37.65
        1.05     0.975000      2499811        40.00
        1.12     0.976562      2503849        42.67
        1.26     0.978125      2507824        45.71
        1.34     0.979688      2511737        49.23
        1.38     0.981250      2516070        53.33
        1.40     0.982812      2520739        58.18
        1.42     0.984375      2524406        64.00
        1.42     0.985156      2526385        67.37
        1.43     0.985938      2528532        71.11
        1.44     0.986719      2530722        75.29
        1.45     0.987500      2533145        80.00
        1.46     0.988281      2535761        85.33
        1.46     0.989062      2535761        91.43
        1.46     0.989844      2538553        98.46
        1.47     0.990625      2541491       106.67
        1.48     0.991406      2544604       116.36
        1.48     0.992188      2544604       128.00
        1.49     0.992578      2548008       134.74
        1.49     0.992969      2548008       142.22
        1.49     0.993359      2548008       150.59
        1.49     0.993750      2548008       160.00
        1.50     0.994141      2551476       170.67
        1.50     0.994531      2551476       182.86
        1.50     0.994922      2551476       196.92
        1.50     0.995313      2554560       213.33
        1.50     0.995703      2554560       232.73
        1.50     0.996094      2554560       256.00
        1.50     0.996289      2554560       269.47
        1.51     0.996484      2557090       284.44
        1.51     0.996680      2557090       301.18
        1.51     0.996875      2557090       320.00
        1.51     0.997070      2557090       341.33
        1.51     0.997266      2557090       365.71
        1.52     0.997461      2558998       393.85
        1.52     0.997656      2558998       426.67
        1.52     0.997852      2558998       465.45
        1.52     0.998047      2558998       512.00
        1.53     0.998145      2560335       538.95
        1.53     0.998242      2560335       568.89
        1.53     0.998340      2560335       602.35
        1.53     0.998437      2560335       640.00
        1.53     0.998535      2560335       682.67
        1.53     0.998633      2560335       731.43
        1.53     0.998730      2561232       787.69
        1.53     0.998828      2561232       853.33
        1.53     0.998926      2561232       930.91
        1.54     0.999023      2561822      1024.00
        1.54     0.999072      2561822      1077.89
        1.54     0.999121      2561822      1137.78
        1.54     0.999170      2561822      1204.71
        1.54     0.999219      2561822      1280.00
        1.55     0.999268      2562196      1365.33
        1.55     0.999316      2562196      1462.86
        1.55     0.999365      2562196      1575.38
        1.56     0.999414      2562461      1706.67
        1.56     0.999463      2562461      1861.82
        1.57     0.999512      2562650      2048.00
        1.57     0.999536      2562650      2155.79
        1.57     0.999561      2562650      2275.56
        1.57     0.999585      2562812      2409.41
        1.57     0.999609      2562812      2560.00
        1.58     0.999634      2562943      2730.67
        1.58     0.999658      2562943      2925.71
        1.59     0.999683      2563057      3150.77
        1.59     0.999707      2563057      3413.33
        1.60     0.999731      2563173      3723.64
        1.60     0.999756      2563173      4096.00
        1.60     0.999768      2563173      4311.58
        1.61     0.999780      2563250      4551.11
        1.61     0.999792      2563250      4818.82
        1.61     0.999805      2563316      5120.00
        1.61     0.999817      2563316      5461.33
        1.62     0.999829      2563385      5851.43
        1.62     0.999841      2563385      6301.54
        1.63     0.999854      2563451      6826.67
        1.63     0.999866      2563451      7447.27
        1.64     0.999878      2563494      8192.00
        1.64     0.999884      2563494      8623.16
        1.64     0.999890      2563494      9102.22
        1.65     0.999896      2563524      9637.65
        1.65     0.999902      2563524     10240.00
        1.66     0.999908      2563551     10922.67
        1.66     0.999915      2563551     11702.86
        1.66     0.999921      2563567     12603.08
        1.68     0.999927      2563582     13653.33
        1.69     0.999933      2563595     14894.55
        1.70     0.999939      2563609     16384.00
        1.72     0.999942      2563617     17246.32
        1.74     0.999945      2563626     18204.44
        1.77     0.999948      2563634     19275.29
        1.79     0.999951      2563641     20480.00
        1.84     0.999954      2563648     21845.33
        1.90     0.999957      2563656     23405.71
        1.98     0.999960      2563664     25206.15
        2.08     0.999963      2563674     27306.67
        2.13     0.999966      2563680     29789.09
        2.17     0.999969      2563688     32768.00
        2.21     0.999971      2563694     34492.63
        2.22     0.999973      2563697     36408.89
        2.24     0.999974      2563718     38550.59
        2.24     0.999976      2563718     40960.00
        2.24     0.999977      2563718     43690.67
        2.24     0.999979      2563718     46811.43
        2.24     0.999980      2563718     50412.31
        2.25     0.999982      2563722     54613.33
        2.25     0.999983      2563722     59578.18
        2.29     0.999985      2563739     65536.00
        2.29     0.999986      2563739     68985.26
        2.29     0.999986      2563739     72817.78
        2.29     0.999987      2563739     77101.18
        2.29     0.999988      2563739     81920.00
        2.29     0.999989      2563739     87381.33
        2.29     0.999989      2563739     93622.86
        2.30     0.999990      2563741    100824.62
        2.32     0.999991      2563743    109226.67
        2.33     0.999992      2563744    119156.36
        2.40     0.999992      2563746    131072.00
        2.43     0.999993      2563747    137970.53
        2.48     0.999993      2563748    145635.56
        2.51     0.999994      2563749    154202.35
        2.54     0.999994      2563750    163840.00
        2.56     0.999994      2563752    174762.67
        2.56     0.999995      2563752    187245.71
        2.59     0.999995      2563753    201649.23
        2.64     0.999995      2563754    218453.33
        2.65     0.999996      2563755    238312.73
        2.70     0.999996      2563756    262144.00
        2.70     0.999996      2563756    275941.05
        2.75     0.999997      2563757    291271.11
        2.75     0.999997      2563757    308404.71
        2.78     0.999997      2563758    327680.00
        2.78     0.999997      2563758    349525.33
        2.93     0.999997      2563759    374491.43
        2.93     0.999998      2563759    403298.46
        2.94     0.999998      2563760    436906.67
        2.94     0.999998      2563760    476625.45
        2.99     0.999998      2563761    524288.00
        2.99     0.999998      2563761    551882.11
        2.99     0.999998      2563761    582542.22
        2.99     0.999998      2563761    616809.41
        3.55     0.999998      2563762    655360.00
        3.55     0.999999      2563762    699050.67
        3.55     0.999999      2563762    748982.86
        3.55     0.999999      2563762    806596.92
        3.63     0.999999      2563763    873813.33
        3.63     0.999999      2563763    953250.91
        3.63     0.999999      2563763   1048576.00
        3.63     0.999999      2563763   1103764.21
        3.63     0.999999      2563763   1165084.44
        3.63     0.999999      2563763   1233618.82
        5.60     0.999999      2563765   1310720.00
        5.60     1.000000      2563765          inf
#[Mean    =        0.717, StdDeviation   =        0.178]
#[Max     =        5.599, Total count    =      2563765]
#[Buckets =           20, SubBuckets     =          256]
