       Value   Percentile   TotalCount 1/(1-Percentile)

        0.02     0.000000        17748         1.00
        0.34     0.050000      1293613         1.05
        0.57     0.100000      2617542         1.11
        0.66     0.150000      4337364         1.18
        0.67     0.200000      5190295         1.25
        0.69     0.250000      7698287         1.33
        0.69     0.300000      7698287         1.43
        0.69     0.350000      9381421         1.54
        0.70     0.400000     11423425         1.67
        0.71     0.450000     13932413         1.82
        0.71     0.500000     13932413         2.00
        0.71     0.525000     13932413         2.11
        0.72     0.550000     17011520         2.22
        0.72     0.575000     17011520         2.35
        0.72     0.600000     17011520         2.50
        0.72     0.625000     17011520         2.67
        0.72     0.650000     17011520         2.86
        0.73     0.675000     20211769         3.08
        0.73     0.700000     20211769         3.33
        0.73     0.725000     20211769         3.64
        0.73     0.750000     20211769         4.00
        0.73     0.762500     20211769         4.21
        0.73     0.775000     20211769         4.44
        0.73     0.787500     20211769         4.71
        0.73     0.800000     22475141         5.00
        0.73     0.812500     22475141         5.33
        0.73     0.825000     22475141         5.71
        0.73     0.837500     22475141         6.15
        0.73     0.850000     22475141         6.67
        0.73     0.862500     22475141         7.27
        0.73     0.875000     22475141         8.00
        0.74     0.881250     23568006         8.42
        0.74     0.887500     23568006         8.89
        0.74     0.893750     23568006         9.41
        0.74     0.900000     23568006        10.00
        0.74     0.906250     23568006        10.67
        0.74     0.912500     23568006        11.43
        0.74     0.918750     23568006        12.31
        0.75     0.925000     24014923        13.33
        0.75     0.931250     24014923        14.55
        0.76     0.937500     24203329        16.00
        0.76     0.940625     24203329        16.84
        0.76     0.943750     24203329        17.78
        0.77     0.946875     24304739        18.82
        0.78     0.950000     24374785        20.00
        0.79     0.953125     24479317        21.33
        0.80     0.956250     24516166        22.86
        0.82     0.959375     24608090        24.62
        0.85     0.962500     24710355        26.67
        0.86     0.965625     24767462        29.09
        0.90     0.968750     24845938        32.00
        0.92     0.970313     24880965        33.68
        0.94     0.971875     24918044        35.56
        0.96     0.973437     24968897        37.65
        0.97     0.975000     24998203        40.00
        1.01     0.976562     25038144        42.67
        1.12     0.978125     25077866        45.71
        1.26     0.979688     25116372        49.23
        1.32     0.981250     25158200        53.33
        1.35     0.982812     25209193        58.18
        1.37     0.984375     25241878        64.00
        1.38     0.985156     25259972        67.37
        1.38     0.985938     25279322        71.11
        1.39     0.986719     25300364        75.29
        1.40     0.987500     25323062        80.00
        1.41     0.988281     25347683        85.33
        1.42     0.989062     25374121        91.43
        1.42     0.989844     25403015        98.46
        1.42     0.990625     25403015       106.67
        1.43     0.991406     25434287       116.36
        1.44     0.992188     25468194       128.00
        1.44     0.992578     25468194       134.74
        1.44     0.992969     25468194       142.22
        1.44     0.993359     25468194       150.59
        1.45     0.993750     25502790       160.00
        1.45     0.994141     25502790       170.67
        1.45     0.994531     25502790       182.86
        1.46     0.994922     25535715       196.92
        1.46     0.995313     25535715       213.33
        1.46     0.995703     25535715       232.73
        1.46     0.996094     25564594       256.00
        1.46     0.996289     25564594       269.47
        1.46     0.996484     25564594       284.44
        1.46     0.996680     25564594       301.18
        1.46     0.996875     25564594       320.00
        1.46     0.997070     25564594       341.33
        1.47     0.997266     25587133       365.71
        1.47     0.997461     25587133       393.85
        1.47     0.997656     25587133       426.67
        1.47     0.997852     25587133       465.45
        1.47     0.998047     25587133       512.00
        1.48     0.998145     25603056       538.95
        1.48     0.998242     25603056       568.89
        1.48     0.998340     25603056       602.35
        1.48     0.998437     25603056       640.00
        1.48     0.998535     25603056       682.67
        1.48     0.998633     25603056       731.43
        1.49     0.998730     25613383       787.69
        1.49     0.998828     25613383       853.33
        1.49     0.998926     25613383       930.91
        1.49     0.999023     25613383      1024.00
        1.49     0.999072     25613383      1077.89
        1.50     0.999121     25619723      1137.78
        1.50     0.999170     25619723      1204.71
        1.50     0.999219     25619723      1280.00
        1.50     0.999268     25619723      1365.33
        1.50     0.999316     25619723      1462.86
        1.50     0.999365     25623715      1575.38
        1.50     0.999414     25623715      1706.67
        1.50     0.999463     25623715      1861.82
        1.51     0.999512     25626190      2048.00
        1.51     0.999536     25626190      2155.79
        1.51     0.999561     25626190      2275.56
        1.52     0.999585     25627902      2409.41
        1.52     0.999609     25627902      2560.00
        1.52     0.999634     25627902      2730.67
        1.53     0.999658     25629217      2925.71
        1.53     0.999683     25629217      3150.77
        1.53     0.999707     25630265      3413.33
        1.53     0.999731     25630265      3723.64
        1.54     0.999756     25631110      4096.00
        1.54     0.999768     25631110      4311.58
        1.55     0.999780     25631843      4551.11
        1.55     0.999792     25631843      4818.82
        1.56     0.999805     25632524      5120.00
        1.56     0.999817     25632524      5461.33
        1.56     0.999829     25632524      5851.43
        1.57     0.999841     25633153      6301.54
        1.57     0.999854     25633153      6826.67
        1.57     0.999866     25633716      7447.27
        1.58     0.999878     25634279      8192.00
        1.58     0.999884     25634279      8623.16
        1.58     0.999890     25634279      9102.22
        1.58     0.999896     25634279      9637.65
        1.59     0.999902     25634739     10240.00
        1.59     0.999908     25634739     10922.67
        1.59     0.999915     25634739     11702.86
        1.60     0.999921     25635111     12603.08
        1.60     0.999927     25635111     13653.33
        1.61     0.999933     25635367     14894.55
        1.61     0.999939     25635367     16384.00
        1.61     0.999942     25635554     17246.32
        1.61     0.999945     25635554     18204.44
        1.61     0.999948     25635554     19275.29
        1.62     0.999951     25635651     20480.00
        1.63     0.999954     25635720     21845.33
        1.65     0.999957     25635793     23405.71
        1.66     0.999960     25635844     25206.15
        1.70     0.999963     25635933     27306.67
        1.73     0.999966     25636001     29789.09
        1.78     0.999969     25636089     32768.00
        1.81     0.999971     25636120     34492.63
        1.82     0.999973     25636162     36408.89
        1.85     0.999974     25636231     38550.59
        1.85     0.999976     25636270     40960.00
        1.86     0.999977     25636283     43690.67
        1.90     0.999979     25636313     46811.43
        1.94     0.999980     25636354     50412.31
        2.00     0.999982     25636391     54613.33
        2.08     0.999983     25636438     59578.18
        2.13     0.999985     25636477     65536.00
        2.14     0.999986     25636491     68985.26
        2.17     0.999986     25636513     72817.78
        2.22     0.999987     25636571     77101.18
        2.22     0.999988     25636571     81920.00
        2.22     0.999989     25636571     87381.33
        2.24     0.999989     25636598     93622.86
        2.30     0.999990     25636606    100824.62
        2.38     0.999991     25636625    109226.67
        2.42     0.999992     25636648    119156.36
        4.74     0.999992     25636680    131072.00
        4.74     0.999993     25636680    137970.53
        4.77     0.999993     25636718    145635.56
        4.77     0.999994     25636718    154202.35
        4.77     0.999994     25636718    163840.00
        4.77     0.999994     25636718    174762.67
        4.80     0.999995     25636765    187245.71
        4.80     0.999995     25636765    201649.23
        4.80     0.999995     25636765    218453.33
        4.80     0.999996     25636765    238312.73
        4.80     0.999996     25636765    262144.00
        4.83     0.999996     25636810    275941.05
        4.83     0.999997     25636810    291271.11
        4.83     0.999997     25636810    308404.71
        4.83     0.999997     25636810    327680.00
        4.83     0.999997     25636810    349525.33
        4.83     0.999997     25636810    374491.43
        4.83     0.999998     25636810    403298.46
        4.83     0.999998     25636810    436906.67
        4.83     0.999998     25636810    476625.45
        4.86     0.999998     25636813    524288.00
        4.86     0.999998     25636813    551882.11
        4.89     0.999998     25636851    582542.22
        4.89     0.999998     25636851    616809.41
        4.89     0.999998     25636851    655360.00
        4.89     0.999999     25636851    699050.67
        4.89     0.999999     25636851    748982.86
        4.89     0.999999     25636851    806596.92
        4.89     0.999999     25636851    873813.33
        4.89     0.999999     25636851    953250.91
        4.89     0.999999     25636851   1048576.00
        4.89     0.999999     25636851   1103764.21
        4.89     0.999999     25636851   1165084.44
        4.89     0.999999     25636851   1233618.82
        4.89     0.999999     25636851   1310720.00
        4.89     0.999999     25636851   1398101.33
        4.89     0.999999     25636851   1497965.71
        4.89     0.999999     25636851   1613193.85
        4.89     0.999999     25636851   1747626.67
        4.89     0.999999     25636851   1906501.82
        4.89     1.000000     25636851   2097152.00
        4.89     1.000000     25636851   2207528.42
        4.89     1.000000     25636851   2330168.89
        4.89     1.000000     25636851   2467237.65
        4.89     1.000000     25636851   2621440.00
        4.89     1.000000     25636851   2796202.67
        4.89     1.000000     25636851   2995931.43
        5.09     1.000000     25636852   3226387.69
        5.09     1.000000     25636852   3495253.33
        5.47     1.000000     25636854   3813003.64
        5.47     1.000000     25636854   4194304.00
        5.47     1.000000     25636854   4415056.84
        5.47     1.000000     25636854   4660337.78
        5.47     1.000000     25636854   4934475.29
        5.57     1.000000     25636857   5242880.00
        5.57     1.000000     25636857   5592405.33
        5.57     1.000000     25636857   5991862.86
        5.57     1.000000     25636857   6452775.39
        5.57     1.000000     25636857   6990506.67
        5.57     1.000000     25636857   7626007.28
        5.57     1.000000     25636857   8388608.00
        5.57     1.000000     25636857   8830113.68
        5.57     1.000000     25636857   9320675.55
        5.57     1.000000     25636857   9868950.59
        5.57     1.000000     25636857  10485760.00
        5.57     1.000000     25636857  11184810.67
        5.57     1.000000     25636857  11983725.71
        5.60     1.000000     25636859  12905550.76
        5.60     1.000000     25636859          inf
#[Mean    =        0.686, StdDeviation   =        0.171]
#[Max     =        5.599, Total count    =     25636859]
#[Buckets =           20, SubBuckets     =          256]
