       Value   Percentile   TotalCount 1/(1-Percentile)

        0.02     0.000000         5951         1.00
        0.46     0.050000       705950         1.05
        0.73     0.100000      1427062         1.11
        0.79     0.150000      2230742         1.18
        0.81     0.200000      2936560         1.25
        0.82     0.250000      4012568         1.33
        0.83     0.300000      4683840         1.43
        0.84     0.350000      5423638         1.54
        0.85     0.400000      6214212         1.67
        0.85     0.450000      7032191         1.82
        0.86     0.500000      7843790         2.00
        0.86     0.525000      7843790         2.11
        0.86     0.550000      7843790         2.22
        0.87     0.575000      8629423         2.35
        0.87     0.600000      8629423         2.50
        0.88     0.625000      9360152         2.67
        0.88     0.650000      9360152         2.86
        0.89     0.675000     10021785         3.08
        0.89     0.700000     10021785         3.33
        0.90     0.725000     10614887         3.64
        0.90     0.750000     10614887         4.00
        0.90     0.762500     11131335         4.21
        0.90     0.775000     11131335         4.44
        0.90     0.787500     11131335         4.71
        0.91     0.800000     11578161         5.00
        0.91     0.812500     11578161         5.33
        0.92     0.825000     11956951         5.71
        0.92     0.837500     11956951         6.15
        0.93     0.850000     12275216         6.67
        0.93     0.862500     12275216         7.27
        0.94     0.875000     12536726         8.00
        0.94     0.881250     12536726         8.42
        0.94     0.887500     12536726         8.89
        0.94     0.893750     12752090         9.41
        0.94     0.900000     12752090        10.00
        0.95     0.906250     12928283        10.67
        0.95     0.912500     12928283        11.43
        0.96     0.918750     13064795        12.31
        0.96     0.925000     13064795        13.33
        0.97     0.931250     13172115        14.55
        0.97     0.937500     13251606        16.00
        0.97     0.940625     13251606        16.84
        0.98     0.943750     13313995        17.78
        0.99     0.946875     13361996        18.82
        1.00     0.950000     13398731        20.00
        1.01     0.953125     13426977        21.33
        1.02     0.956250     13465109        22.86
        1.05     0.959375     13510760        24.62
        1.10     0.962500     13551593        26.67
        1.17     0.965625     13599168        29.09
        1.22     0.968750     13641980        32.00
        1.24     0.970313     13663145        33.68
        1.26     0.971875     13682144        35.56
        1.30     0.973437     13708205        37.65
        1.34     0.975000     13727117        40.00
        1.43     0.976562     13748554        42.67
        1.56     0.978125     13770108        45.71
        1.61     0.979688     13792980        49.23
        1.64     0.981250     13819204        53.33
        1.66     0.982812     13845121        58.18
        1.68     0.984375     13864946        64.00
        1.69     0.985156     13875471        67.37
        1.70     0.985938     13886433        71.11
        1.70     0.986719     13897317        75.29
        1.71     0.987500     13908298        80.00
        1.72     0.988281     13919186        85.33
        1.73     0.989062     13929748        91.43
        1.74     0.989844     13940050        98.46
        1.74     0.990625     13950076       106.67
        1.75     0.991406     13959526       116.36
        1.76     0.992188     13968436       128.00
        1.77     0.992578     13976891       134.74
        1.77     0.992969     13984819       142.22
        1.77     0.993359     13984819       150.59
        1.78     0.993750     13992160       160.00
        1.79     0.994141     13999039       170.67
        1.80     0.994531     14005351       182.86
        1.81     0.994922     14011189       196.92
        1.81     0.995313     14016558       213.33
        1.82     0.995703     14021446       232.73
        1.83     0.996094     14025994       256.00
        1.83     0.996289     14025994       269.47
        1.84     0.996484     14029987       284.44
        1.85     0.996680     14033736       301.18
        1.85     0.996875     14037069       320.00
        1.85     0.997070     14037069       341.33
        1.86     0.997266     14040099       365.71
        1.87     0.997461     14042783       393.85
        1.88     0.997656     14045085       426.67
        1.90     0.997852     14048709       465.45
        1.91     0.998047     14051286       512.00
        1.92     0.998145     14052272       538.95
        1.94     0.998242     14053721       568.89
        1.95     0.998340     14054781       602.35
        1.98     0.998437     14056129       640.00
        1.99     0.998535     14057270       682.67
        2.01     0.998633     14058853       731.43
        2.02     0.998730     14061057       787.69
        2.03     0.998828     14062582       853.33
        2.04     0.998926     14063931       930.91
        2.05     0.999023     14065277      1024.00
        2.05     0.999072     14065277      1077.89
        2.06     0.999121     14067773      1137.78
        2.06     0.999170     14067773      1204.71
        2.06     0.999219     14067773      1280.00
        2.06     0.999268     14067773      1365.33
        2.08     0.999316     14070115      1462.86
        2.08     0.999365     14070115      1575.38
        2.08     0.999414     14070115      1706.67
        2.10     0.999463     14071596      1861.82
        2.10     0.999512     14071596      2048.00
        2.10     0.999536     14071596      2155.79
        2.11     0.999561     14072973      2275.56
        2.11     0.999585     14072973      2409.41
        2.11     0.999609     14072973      2560.00
        2.11     0.999634     14072973      2730.67
        2.13     0.999658     14073918      2925.71
        2.13     0.999683     14073918      3150.77
        2.13     0.999707     14073918      3413.33
        2.14     0.999731     14074513      3723.64
        2.14     0.999756     14074513      4096.00
        2.16     0.999768     14075009      4311.58
        2.16     0.999780     14075009      4551.11
        2.16     0.999792     14075009      4818.82
        2.17     0.999805     14075270      5120.00
        2.17     0.999817     14075270      5461.33
        2.22     0.999829     14075488      5851.43
        2.25     0.999841     14075595      6301.54
        2.35     0.999854     14075782      6826.67
        2.42     0.999866     14075958      7447.27
        2.46     0.999878     14076152      8192.00
        2.48     0.999884     14076196      8623.16
        2.53     0.999890     14076302      9102.22
        2.59     0.999896     14076368      9637.65
        2.72     0.999902     14076446     10240.00
        2.81     0.999908     14076532     10922.67
        2.86     0.999915     14076640     11702.86
        2.88     0.999921     14076705     12603.08
        2.91     0.999927     14076837     13653.33
        2.93     0.999933     14076903     14894.55
        2.94     0.999939     14076975     16384.00
        2.96     0.999942     14077062     17246.32
        2.96     0.999945     14077062     18204.44
        2.98     0.999948     14077161     19275.29
        2.98     0.999951     14077161     20480.00
        2.99     0.999954     14077240     21845.33
        2.99     0.999957     14077240     23405.71
        3.01     0.999960     14077293     25206.15
        3.02     0.999963     14077352     27306.67
        3.02     0.999966     14077352     29789.09
        3.06     0.999969     14077415     32768.00
        3.06     0.999971     14077415     34492.63
        3.07     0.999973     14077448     36408.89
        3.09     0.999974     14077489     38550.59
        3.09     0.999976     14077489     40960.00
        3.10     0.999977     14077503     43690.67
        3.62     0.999979     14077519     46811.43
        3.82     0.999980     14077574     50412.31
        3.82     0.999982     14077574     54613.33
        3.94     0.999983     14077583     59578.18
        4.93     0.999985     14077622     65536.00
        4.93     0.999986     14077622     68985.26
        5.09     0.999986     14077667     72817.78
        5.09     0.999987     14077667     77101.18
        5.09     0.999988     14077667     81920.00
        5.09     0.999989     14077667     87381.33
        5.12     0.999989     14077688     93622.86
        5.12     0.999990     14077688    100824.62
        5.15     0.999991     14077713    109226.67
        5.15     0.999992     14077713    119156.36
        5.15     0.999992     14077713    131072.00
        5.73     0.999993     14077717    137970.53
        6.01     0.999993     14077724    145635.56
       13.63     0.999994     14077762    154202.35
       13.63     0.999994     14077762    163840.00
       13.63     0.999994     14077762    174762.67
       13.63     0.999995     14077762    187245.71
       13.63     0.999995     14077762    201649.23
       13.63     0.999995     14077762    218453.33
       13.63     0.999996     14077762    238312.73
       14.08     0.999996     14077768    262144.00
       14.08     0.999996     14077768    275941.05
       52.22     0.999997     14077800    291271.11
       52.22     0.999997     14077800    308404.71
       52.22     0.999997     14077800    327680.00
       52.22     0.999997     14077800    349525.33
       52.22     0.999997     14077800    374491.43
       52.22     0.999998     14077800    403298.46
       52.22     0.999998     14077800    436906.67
       52.22     0.999998     14077800    476625.45
       52.22     0.999998     14077800    524288.00
       52.22     0.999998     14077800    551882.11
       52.22     0.999998     14077800    582542.22
       52.22     0.999998     14077800    616809.41
       52.22     0.999998     14077800    655360.00
       52.22     0.999999     14077800    699050.67
       53.50     0.999999     14077801    748982.86
       53.76     0.999999     14077813    806596.92
       53.76     0.999999     14077813    873813.33
       53.76     0.999999     14077813    953250.91
       53.76     0.999999     14077813   1048576.00
       53.76     0.999999     14077813   1103764.21
       53.76     0.999999     14077813   1165084.44
       53.76     0.999999     14077813   1233618.82
       53.76     0.999999     14077813   1310720.00
       53.76     0.999999     14077813   1398101.33
       53.76     0.999999     14077813   1497965.71
       53.76     0.999999     14077813   1613193.85
       53.76     0.999999     14077813   1747626.67
       53.76     0.999999     14077813   1906501.82
       53.76     1.000000     14077813   2097152.00
       53.76     1.000000     14077813   2207528.42
       53.76     1.000000     14077813   2330168.89
       54.02     1.000000     14077816   2467237.65
       54.02     1.000000     14077816   2621440.00
       54.02     1.000000     14077816   2796202.67
       54.02     1.000000     14077816   2995931.43
       54.02     1.000000     14077816   3226387.69
       54.02     1.000000     14077816   3495253.33
       54.02     1.000000     14077816   3813003.64
       54.02     1.000000     14077816   4194304.00
       54.02     1.000000     14077816   4415056.84
       54.02     1.000000     14077816   4660337.78
       65.28     1.000000     14077818   4934475.29
       65.28     1.000000     14077818   5242880.00
       65.28     1.000000     14077818   5592405.33
       65.28     1.000000     14077818   5991862.86
       65.28     1.000000     14077818   6452775.39
       65.28     1.000000     14077818   6990506.67
       65.28     1.000000     14077818   7626007.28
       65.28     1.000000     14077818   8388608.00
       65.28     1.000000     14077818   8830113.68
       65.28     1.000000     14077818   9320675.55
       65.28     1.000000     14077818   9868950.59
       65.28     1.000000     14077818  10485760.00
       65.28     1.000000     14077818  11184810.67
       65.28     1.000000     14077818  11983725.71
       65.28     1.000000     14077818  12905550.76
       65.28     1.000000     14077818  13981013.34
       66.05     1.000000     14077819  15252014.55
       66.05     1.000000     14077819          inf
#[Mean    =        0.846, StdDeviation   =        0.238]
#[Max     =       66.047, Total count    =     14077819]
#[Buckets =           20, SubBuckets     =          256]
