       Value   Percentile   TotalCount 1/(1-Percentile)

        0.39     0.000000            2         1.00
        1.86     0.050000      2947615         1.05
        1.90     0.100000      6203808         1.11
        1.93     0.150000      8901562         1.18
        1.95     0.200000     12031838         1.25
        1.97     0.250000     14258356         1.33
        1.99     0.300000     17639682         1.43
        2.01     0.350000     19799409         1.54
        2.03     0.400000     22740908         1.67
        2.06     0.450000     25932781         1.82
        2.10     0.500000     28220859         2.00
        2.13     0.525000     29719928         2.11
        2.17     0.550000     30943535         2.22
        2.85     0.575000     32297012         2.35
        3.01     0.600000     33896889         2.50
        3.07     0.625000     35249795         2.67
        3.12     0.650000     36610114         2.86
        3.17     0.675000     38266639         3.08
        3.20     0.700000     39523817         3.33
        3.23     0.725000     40870221         3.64
        3.26     0.750000     42271008         4.00
        3.28     0.762500     42976379         4.21
        3.29     0.775000     43672090         4.44
        3.31     0.787500     44353058         4.71
        3.33     0.800000     45007208         5.00
        3.34     0.812500     45629753         5.33
        3.38     0.825000     46763379         5.71
        3.39     0.837500     47271679         6.15
        3.41     0.850000     47740543         6.67
        3.44     0.862500     48594614         7.27
        3.47     0.875000     49393374         8.00
        3.49     0.881250     49790648         8.42
        3.50     0.887500     50195570         8.89
        3.50     0.893750     50195570         9.41
        3.52     0.900000     50618470        10.00
        3.54     0.906250     51047544        10.67
        3.55     0.912500     51487309        11.43
        3.57     0.918750     51925738        12.31
        3.58     0.925000     52362086        13.33
        3.58     0.931250     52362086        14.55
        3.60     0.937500     52781719        16.00
        3.62     0.940625     53182058        16.84
        3.62     0.943750     53182058        17.78
        3.62     0.946875     53182058        18.82
        3.63     0.950000     53553398        20.00
        3.63     0.953125     53553398        21.33
        3.65     0.956250     53887568        22.86
        3.65     0.959375     53887568        24.62
        3.66     0.962500     54186126        26.67
        3.68     0.965625     54446534        29.09
        3.68     0.968750     54446534        32.00
        3.69     0.970313     54669850        33.68
        3.69     0.971875     54669850        35.56
        3.69     0.973437     54669850        37.65
        3.71     0.975000     54860167        40.00
        3.71     0.976562     54860167        42.67
        3.73     0.978125     55021487        45.71
        3.73     0.979688     55021487        49.23
        3.74     0.981250     55159810        53.33
        3.76     0.982812     55276609        58.18
        3.76     0.984375     55276609        64.00
        3.77     0.985156     55378275        67.37
        3.77     0.985938     55378275        71.11
        3.79     0.986719     55466315        75.29
        3.79     0.987500     55466315        80.00
        3.81     0.988281     55543591        85.33
        3.81     0.989062     55543591        91.43
        3.82     0.989844     55613741        98.46
        3.84     0.990625     55677189       106.67
        3.84     0.991406     55677189       116.36
        3.85     0.992188     55734973       128.00
        3.85     0.992578     55734973       134.74
        3.87     0.992969     55787533       142.22
        3.87     0.993359     55787533       150.59
        3.89     0.993750     55836278       160.00
        3.89     0.994141     55836278       170.67
        3.90     0.994531     55880039       182.86
        3.90     0.994922     55880039       196.92
        3.92     0.995313     55919061       213.33
        3.92     0.995703     55919061       232.73
        3.94     0.996094     55953111       256.00
        3.94     0.996289     55953111       269.47
        3.94     0.996484     55953111       284.44
        3.95     0.996680     55982952       301.18
        3.95     0.996875     55982952       320.00
        3.95     0.997070     55982952       341.33
        3.97     0.997266     56008332       365.71
        3.97     0.997461     56008332       393.85
        3.98     0.997656     56030127       426.67
        3.98     0.997852     56030127       465.45
        4.00     0.998047     56049204       512.00
        4.00     0.998145     56049204       538.95
        4.00     0.998242     56049204       568.89
        4.01     0.998340     56064500       602.35
        4.01     0.998437     56064500       640.00
        4.03     0.998535     56077428       682.67
        4.03     0.998633     56077428       731.43
        4.03     0.998730     56077428       787.69
        4.05     0.998828     56087580       853.33
        4.05     0.998926     56087580       930.91
        4.06     0.999023     56095739      1024.00
        4.06     0.999072     56095739      1077.89
        4.08     0.999121     56102554      1137.78
        4.08     0.999170     56102554      1204.71
        4.09     0.999219     56108217      1280.00
        4.09     0.999268     56108217      1365.33
        4.13     0.999316     56116416      1462.86
        4.13     0.999365     56116416      1575.38
        4.13     0.999414     56116416      1706.67
        4.16     0.999463     56122078      1861.82
        4.16     0.999512     56122078      2048.00
        4.16     0.999536     56122078      2155.79
        4.19     0.999561     56126126      2275.56
        4.19     0.999585     56126126      2409.41
        4.19     0.999609     56126126      2560.00
        4.22     0.999634     56128946      2730.67
        4.22     0.999658     56128946      2925.71
        4.25     0.999683     56131213      3150.77
        4.25     0.999707     56131213      3413.33
        4.29     0.999731     56132963      3723.64
        4.32     0.999756     56134683      4096.00
        4.32     0.999768     56134683      4311.58
        4.35     0.999780     56136074      4551.11
        4.35     0.999792     56136074      4818.82
        4.38     0.999805     56137244      5120.00
        4.38     0.999817     56137244      5461.33
        4.42     0.999829     56138338      5851.43
        4.42     0.999841     56138338      6301.54
        4.45     0.999854     56139278      6826.67
        4.48     0.999866     56140204      7447.27
        4.51     0.999878     56140952      8192.00
        4.51     0.999884     56140952      8623.16
        4.54     0.999890     56141680      9102.22
        4.54     0.999896     56141680      9637.65
        4.58     0.999902     56142366     10240.00
        4.58     0.999908     56142366     10922.67
        4.61     0.999915     56142996     11702.86
        4.61     0.999921     56142996     12603.08
        4.64     0.999927     56143518     13653.33
        4.64     0.999933     56143518     14894.55
        4.67     0.999939     56144033     16384.00
        4.67     0.999942     56144033     17246.32
        4.70     0.999945     56144415     18204.44
        4.70     0.999948     56144415     19275.29
        4.74     0.999951     56144751     20480.00
        4.74     0.999954     56144751     21845.33
        4.77     0.999957     56145090     23405.71
        4.77     0.999960     56145090     25206.15
        4.80     0.999963     56145340     27306.67
        4.80     0.999966     56145340     29789.09
        4.83     0.999969     56145573     32768.00
        4.86     0.999971     56145809     34492.63
        4.86     0.999973     56145809     36408.89
        4.86     0.999974     56145809     38550.59
        4.89     0.999976     56146024     40960.00
        4.89     0.999977     56146024     43690.67
        4.89     0.999979     56146024     46811.43
        4.93     0.999980     56146194     50412.31
        4.93     0.999982     56146194     54613.33
        4.96     0.999983     56146320     59578.18
        4.99     0.999985     56146408     65536.00
        4.99     0.999986     56146408     68985.26
        5.02     0.999986     56146518     72817.78
        5.02     0.999987     56146518     77101.18
        5.02     0.999988     56146518     81920.00
        5.05     0.999989     56146620     87381.33
        5.05     0.999989     56146620     93622.86
        5.09     0.999990     56146691    100824.62
        5.09     0.999991     56146691    109226.67
        5.12     0.999992     56146745    119156.36
        5.15     0.999992     56146775    131072.00
        5.18     0.999993     56146800    137970.53
        5.21     0.999993     56146832    145635.56
        5.25     0.999994     56146868    154202.35
        5.25     0.999994     56146868    163840.00
        5.28     0.999994     56146926    174762.67
        5.28     0.999995     56146926    187245.71
        5.28     0.999995     56146926    201649.23
        5.31     0.999995     56146953    218453.33
        5.34     0.999996     56146981    238312.73
        5.38     0.999996     56147019    262144.00
        5.38     0.999996     56147019    275941.05
        5.38     0.999997     56147019    291271.11
        5.41     0.999997     56147046    308404.71
        5.41     0.999997     56147046    327680.00
        5.41     0.999997     56147046    349525.33
        5.44     0.999997     56147063    374491.43
        5.47     0.999998     56147070    403298.46
        5.50     0.999998     56147081    436906.67
        5.54     0.999998     56147091    476625.45
        5.57     0.999998     56147099    524288.00
        5.60     0.999998     56147112    551882.11
        5.60     0.999998     56147112    582542.22
        5.60     0.999998     56147112    616809.41
        5.63     0.999998     56147133    655360.00
        5.63     0.999999     56147133    699050.67
        5.63     0.999999     56147133    748982.86
        5.66     0.999999     56147150    806596.92
        5.66     0.999999     56147150    873813.33
        5.66     0.999999     56147150    953250.91
        5.66     0.999999     56147150   1048576.00
        5.70     0.999999     56147162   1103764.21
        5.70     0.999999     56147162   1165084.44
        5.70     0.999999     56147162   1233618.82
        5.70     0.999999     56147162   1310720.00
        5.73     0.999999     56147170   1398101.33
        5.73     0.999999     56147170   1497965.71
        5.73     0.999999     56147170   1613193.85
        5.76     0.999999     56147180   1747626.67
        5.76     0.999999     56147180   1906501.82
        5.76     1.000000     56147180   2097152.00
        5.76     1.000000     56147180   2207528.42
        5.76     1.000000     56147180   2330168.89
        5.79     1.000000     56147182   2467237.65
        5.79     1.000000     56147182   2621440.00
        5.82     1.000000     56147184   2796202.67
        5.89     1.000000     56147185   2995931.43
        5.92     1.000000     56147190   3226387.69
        5.92     1.000000     56147190   3495253.33
        5.92     1.000000     56147190   3813003.64
        5.92     1.000000     56147190   4194304.00
        5.95     1.000000     56147191   4415056.84
        5.95     1.000000     56147191   4660337.78
        5.98     1.000000     56147192   4934475.29
        6.01     1.000000     56147198   5242880.00
        6.01     1.000000     56147198   5592405.33
        6.01     1.000000     56147198   5991862.86
        6.01     1.000000     56147198   6452775.39
        6.01     1.000000     56147198   6990506.67
        6.01     1.000000     56147198   7626007.28
        6.01     1.000000     56147198   8388608.00
        6.01     1.000000     56147198   8830113.68
        6.01     1.000000     56147198   9320675.55
        6.01     1.000000     56147198   9868950.59
        6.01     1.000000     56147198  10485760.00
        6.01     1.000000     56147198  11184810.67
        6.05     1.000000     56147200  11983725.71
        6.05     1.000000     56147200  12905550.76
        6.05     1.000000     56147200  13981013.34
        6.05     1.000000     56147200  15252014.55
        6.05     1.000000     56147200  16777216.00
        6.05     1.000000     56147200  17660227.38
        6.05     1.000000     56147200  18641351.10
        6.08     1.000000     56147201  19737901.19
        6.08     1.000000     56147201  20971519.98
        6.08     1.000000     56147201  22369621.33
        6.08     1.000000     56147201  23967451.45
        6.08     1.000000     56147201  25811101.52
        6.08     1.000000     56147201  27962026.68
        6.11     1.000000     56147202  30504029.05
        6.11     1.000000     56147202  33554432.00
        6.11     1.000000     56147202  35320454.76
        6.11     1.000000     56147202  37282702.28
        6.11     1.000000     56147202  39475802.28
        6.11     1.000000     56147202  41943039.96
        6.11     1.000000     56147202  44739242.67
        6.11     1.000000     56147202  47934902.91
        6.11     1.000000     56147202  51622203.20
        6.11     1.000000     56147202  55924053.19
        6.24     1.000000     56147203  61008058.10
        6.24     1.000000     56147203          inf
#[Mean    =        2.563, StdDeviation   =        0.687]
#[Max     =        6.239, Total count    =     56147203]
#[Buckets =           20, SubBuckets     =          256]
