       Value   Percentile   TotalCount 1/(1-Percentile)

        0.02     0.000000         1196         1.00
        0.48     0.050000       711364         1.05
        0.73     0.100000      1425039         1.11
        0.79     0.150000      2208403         1.18
        0.81     0.200000      2902970         1.25
        0.82     0.250000      3951460         1.33
        0.83     0.300000      4615035         1.43
        0.84     0.350000      5341807         1.54
        0.85     0.400000      6123133         1.67
        0.85     0.450000      6928708         1.82
        0.86     0.500000      7721843         2.00
        0.86     0.525000      7721843         2.11
        0.87     0.550000      8495180         2.22
        0.87     0.575000      8495180         2.35
        0.87     0.600000      8495180         2.50
        0.88     0.625000      9225005         2.67
        0.88     0.650000      9225005         2.86
        0.89     0.675000      9897095         3.08
        0.89     0.700000      9897095         3.33
        0.90     0.725000     10502367         3.64
        0.90     0.750000     11033307         4.00
        0.90     0.762500     11033307         4.21
        0.90     0.775000     11033307         4.44
        0.91     0.787500     11499503         4.71
        0.91     0.800000     11499503         5.00
        0.91     0.812500     11499503         5.33
        0.92     0.825000     11890658         5.71
        0.92     0.837500     11890658         6.15
        0.93     0.850000     12214300         6.67
        0.93     0.862500     12214300         7.27
        0.94     0.875000     12484645         8.00
        0.94     0.881250     12484645         8.42
        0.94     0.887500     12704975         8.89
        0.94     0.893750     12704975         9.41
        0.94     0.900000     12704975        10.00
        0.95     0.906250     12881929        10.67
        0.95     0.912500     12881929        11.43
        0.96     0.918750     13021119        12.31
        0.97     0.925000     13128180        13.33
        0.97     0.931250     13128180        14.55
        0.97     0.937500     13209440        16.00
        0.98     0.940625     13271697        16.84
        0.99     0.943750     13318315        17.78
        1.00     0.946875     13353587        18.82
        1.01     0.950000     13381981        20.00
        1.02     0.953125     13421655        21.33
        1.05     0.956250     13467298        22.86
        1.10     0.959375     13507093        24.62
        1.17     0.962500     13555313        26.67
        1.22     0.965625     13602578        29.09
        1.25     0.968750     13642848        32.00
        1.28     0.970313     13663741        33.68
        1.31     0.971875     13686741        35.56
        1.35     0.973437     13708033        37.65
        1.42     0.975000     13727133        40.00
        1.55     0.976562     13749599        42.67
        1.61     0.978125     13775781        45.71
        1.63     0.979688     13795398        49.23
        1.66     0.981250     13821280        53.33
        1.67     0.982812     13841657        58.18
        1.69     0.984375     13863692        64.00
        1.70     0.985156     13875259        67.37
        1.70     0.985938     13886834        71.11
        1.71     0.986719     13898199        75.29
        1.72     0.987500     13909795        80.00
        1.73     0.988281     13921158        85.33
        1.74     0.989062     13932144        91.43
        1.74     0.989844     13943013        98.46
        1.75     0.990625     13953251       106.67
        1.76     0.991406     13962921       116.36
        1.77     0.992188     13972043       128.00
        1.77     0.992578     13980456       134.74
        1.77     0.992969     13980456       142.22
        1.78     0.993359     13988486       150.59
        1.79     0.993750     13995885       160.00
        1.80     0.994141     14002794       170.67
        1.80     0.994531     14002794       182.86
        1.81     0.994922     14009164       196.92
        1.81     0.995313     14014978       213.33
        1.82     0.995703     14020463       232.73
        1.83     0.996094     14025379       256.00
        1.84     0.996289     14029799       269.47
        1.84     0.996484     14029799       284.44
        1.85     0.996680     14033826       301.18
        1.85     0.996875     14037322       320.00
        1.86     0.997070     14040545       341.33
        1.86     0.997266     14040545       365.71
        1.87     0.997461     14043318       393.85
        1.88     0.997656     14045721       426.67
        1.90     0.997852     14049365       465.45
        1.91     0.998047     14051973       512.00
        1.92     0.998145     14052908       538.95
        1.94     0.998242     14054360       568.89
        1.95     0.998340     14055472       602.35
        1.98     0.998437     14056624       640.00
        2.00     0.998535     14058137       682.67
        2.02     0.998633     14060019       731.43
        2.02     0.998730     14061042       787.69
        2.03     0.998828     14062253       853.33
        2.04     0.998926     14063738       930.91
        2.05     0.999023     14065153      1024.00
        2.06     0.999072     14067961      1077.89
        2.06     0.999121     14067961      1137.78
        2.06     0.999170     14067961      1204.71
        2.06     0.999219     14067961      1280.00
        2.08     0.999268     14070250      1365.33
        2.08     0.999316     14070250      1462.86
        2.08     0.999365     14070250      1575.38
        2.10     0.999414     14072135      1706.67
        2.10     0.999463     14072135      1861.82
        2.10     0.999512     14072135      2048.00
        2.10     0.999536     14072135      2155.79
        2.11     0.999561     14073672      2275.56
        2.11     0.999585     14073672      2409.41
        2.11     0.999609     14073672      2560.00
        2.11     0.999634     14073672      2730.67
        2.13     0.999658     14074647      2925.71
        2.13     0.999683     14074647      3150.77
        2.13     0.999707     14074647      3413.33
        2.14     0.999731     14075164      3723.64
        2.16     0.999756     14075580      4096.00
        2.16     0.999768     14075580      4311.58
        2.16     0.999780     14075580      4551.11
        2.17     0.999792     14075861      4818.82
        2.19     0.999805     14076024      5120.00
        2.21     0.999817     14076107      5461.33
        2.27     0.999829     14076222      5851.43
        2.38     0.999841     14076421      6301.54
        2.43     0.999854     14076575      6826.67
        2.48     0.999866     14076755      7447.27
        2.54     0.999878     14076917      8192.00
        2.62     0.999884     14076993      8623.16
        2.67     0.999890     14077076      9102.22
        2.83     0.999896     14077184      9637.65
        2.86     0.999902     14077277     10240.00
        2.88     0.999908     14077336     10922.67
        2.90     0.999915     14077420     11702.86
        2.93     0.999921     14077574     12603.08
        2.94     0.999927     14077675     13653.33
        2.94     0.999933     14077675     14894.55
        2.96     0.999939     14077767     16384.00
        2.98     0.999942     14077866     17246.32
        2.98     0.999945     14077866     18204.44
        2.99     0.999948     14077922     19275.29
        3.01     0.999951     14077962     20480.00
        3.02     0.999954     14078019     21845.33
        3.02     0.999957     14078019     23405.71
        3.06     0.999960     14078068     25206.15
        3.10     0.999963     14078105     27306.67
        3.79     0.999966     14078145     29789.09
        4.00     0.999969     14078227     32768.00
        4.00     0.999971     14078227     34492.63
        4.01     0.999973     14078242     36408.89
        4.05     0.999974     14078256     38550.59
        4.06     0.999976     14078289     40960.00
        4.80     0.999977     14078296     43690.67
        4.86     0.999979     14078329     46811.43
        4.89     0.999980     14078362     50412.31
        4.89     0.999982     14078362     54613.33
        4.93     0.999983     14078436     59578.18
        4.93     0.999985     14078436     65536.00
        4.93     0.999986     14078436     68985.26
        4.93     0.999986     14078436     72817.78
        4.93     0.999987     14078436     77101.18
        4.96     0.999988     14078456     81920.00
        4.96     0.999989     14078456     87381.33
        5.86     0.999989     14078467     93622.86
        7.90     0.999990     14078498    100824.62
        7.90     0.999991     14078498    109226.67
        7.93     0.999992     14078511    119156.36
        7.93     0.999992     14078511    131072.00
        7.97     0.999993     14078516    137970.53
       17.92     0.999993     14078526    145635.56
       17.92     0.999994     14078526    154202.35
       18.05     0.999994     14078566    163840.00
       18.05     0.999994     14078566    174762.67
       18.05     0.999995     14078566    187245.71
       18.05     0.999995     14078566    201649.23
       18.05     0.999995     14078566    218453.33
       18.05     0.999996     14078566    238312.73
       18.05     0.999996     14078566    262144.00
       18.05     0.999996     14078566    275941.05
       45.05     0.999997     14078615    291271.11
       45.05     0.999997     14078615    308404.71
       45.05     0.999997     14078615    327680.00
       45.05     0.999997     14078615    349525.33
       45.05     0.999997     14078615    374491.43
       45.05     0.999998     14078615    403298.46
       45.05     0.999998     14078615    436906.67
       45.05     0.999998     14078615    476625.45
       45.05     0.999998     14078615    524288.00
       45.05     0.999998     14078615    551882.11
       45.05     0.999998     14078615    582542.22
       45.05     0.999998     14078615    616809.41
       45.05     0.999998     14078615    655360.00
       45.05     0.999999     14078615    699050.67
       45.05     0.999999     14078615    748982.86
       45.05     0.999999     14078615    806596.92
       45.05     0.999999     14078615    873813.33
       45.05     0.999999     14078615    953250.91
       45.05     0.999999     14078615   1048576.00
       45.05     0.999999     14078615   1103764.21
       45.05     0.999999     14078615   1165084.44
       45.05     0.999999     14078615   1233618.82
       45.05     0.999999     14078615   1310720.00
       45.05     0.999999     14078615   1398101.33
       45.05     0.999999     14078615   1497965.71
       45.05     0.999999     14078615   1613193.85
       45.05     0.999999     14078615   1747626.67
       45.05     0.999999     14078615   1906501.82
       45.05     1.000000     14078615   2097152.00
       45.05     1.000000     14078615   2207528.42
       45.05     1.000000     14078615   2330168.89
       45.05     1.000000     14078615   2467237.65
       45.05     1.000000     14078615   2621440.00
       45.05     1.000000     14078615   2796202.67
       45.05     1.000000     14078615   2995931.43
       45.05     1.000000     14078615   3226387.69
       45.05     1.000000     14078615   3495253.33
       45.05     1.000000     14078615   3813003.64
       45.05     1.000000     14078615   4194304.00
       45.05     1.000000     14078615   4415056.84
       45.05     1.000000     14078615   4660337.78
       45.05     1.000000     14078615   4934475.29
       45.05     1.000000     14078615   5242880.00
       45.05     1.000000     14078615   5592405.33
       45.05     1.000000     14078615   5991862.86
       45.05     1.000000     14078615   6452775.39
       45.05     1.000000     14078615   6990506.67
       46.08     1.000000     14078616   7626007.28
       46.08     1.000000     14078616   8388608.00
       46.08     1.000000     14078616   8830113.68
       46.08     1.000000     14078616   9320675.55
       46.08     1.000000     14078616   9868950.59
       46.08     1.000000     14078616  10485760.00
       46.08     1.000000     14078616  11184810.67
       46.08     1.000000     14078616  11983725.71
       46.08     1.000000     14078616  12905550.76
       46.08     1.000000     14078616  13981013.34
       62.98     1.000000     14078617  15252014.55
       62.98     1.000000     14078617          inf
#[Mean    =        0.849, StdDeviation   =        0.236]
#[Max     =       62.975, Total count    =     14078617]
#[Buckets =           20, SubBuckets     =          256]
