       Value   Percentile   TotalCount 1/(1-Percentile)

        0.02     0.000000         3236         1.00
        0.38     0.050000       852876         1.05
        0.61     0.100000      1719139         1.11
        0.69     0.150000      2545244         1.18
        0.70     0.200000      3556459         1.25
        0.71     0.250000      4388473         1.33
        0.72     0.300000      5451156         1.43
        0.73     0.350000      6733896         1.54
        0.73     0.400000      8196254         1.67
        0.73     0.450000      8196254         1.82
        0.74     0.500000      9762070         2.00
        0.74     0.525000      9762070         2.11
        0.74     0.550000      9762070         2.22
        0.74     0.575000      9762070         2.35
        0.75     0.600000     11302427         2.50
        0.75     0.625000     11302427         2.67
        0.75     0.650000     11302427         2.86
        0.76     0.675000     12598056         3.08
        0.76     0.700000     12598056         3.33
        0.76     0.725000     12598056         3.64
        0.77     0.750000     13506869         4.00
        0.77     0.762500     13506869         4.21
        0.77     0.775000     13506869         4.44
        0.77     0.787500     13506869         4.71
        0.78     0.800000     14050821         5.00
        0.78     0.812500     14050821         5.33
        0.78     0.825000     14050821         5.71
        0.78     0.837500     14350989         6.15
        0.79     0.850000     14524718         6.67
        0.80     0.862500     14651637         7.27
        0.81     0.875000     14893655         8.00
        0.82     0.881250     15030073         8.42
        0.82     0.887500     15030073         8.89
        0.83     0.893750     15173171         9.41
        0.84     0.900000     15320935        10.00
        0.85     0.906250     15469308        10.67
        0.85     0.912500     15469308        11.43
        0.85     0.918750     15613259        12.31
        0.86     0.925000     15743299        13.33
        0.87     0.931250     15852115        14.55
        0.87     0.937500     15852115        16.00
        0.88     0.940625     15939684        16.84
        0.89     0.943750     16010649        17.78
        0.89     0.946875     16010649        18.82
        0.90     0.950000     16065797        20.00
        0.91     0.953125     16142811        21.33
        0.92     0.956250     16170750        22.86
        0.94     0.959375     16235738        24.62
        0.97     0.962500     16288783        26.67
        0.99     0.965625     16339238        29.09
        1.01     0.968750     16387199        32.00
        1.03     0.970313     16415273        33.68
        1.05     0.971875     16438586        35.56
        1.07     0.973437     16462167        37.65
        1.13     0.975000     16485897        40.00
        1.22     0.976562     16513674        42.67
        1.32     0.978125     16538422        45.71
        1.38     0.979688     16565316        49.23
        1.41     0.981250     16598408        53.33
        1.42     0.982812     16621733        58.18
        1.44     0.984375     16649987        64.00
        1.45     0.985156     16665787        67.37
        1.46     0.985938     16682554        71.11
        1.46     0.986719     16700170        75.29
        1.46     0.987500     16700170        80.00
        1.47     0.988281     16718662        85.33
        1.48     0.989062     16737539        91.43
        1.48     0.989844     16737539        98.46
        1.49     0.990625     16756931       106.67
        1.50     0.991406     16776139       116.36
        1.50     0.992188     16776139       128.00
        1.50     0.992578     16794163       134.74
        1.50     0.992969     16794163       142.22
        1.51     0.993359     16810249       150.59
        1.51     0.993750     16810249       160.00
        1.51     0.994141     16810249       170.67
        1.52     0.994531     16824119       182.86
        1.52     0.994922     16824119       196.92
        1.53     0.995313     16835593       213.33
        1.53     0.995703     16835593       232.73
        1.53     0.996094     16844509       256.00
        1.54     0.996289     16851457       269.47
        1.54     0.996484     16851457       284.44
        1.55     0.996680     16856562       301.18
        1.55     0.996875     16856562       320.00
        1.56     0.997070     16860473       341.33
        1.57     0.997266     16863365       365.71
        1.57     0.997461     16865570       393.85
        1.59     0.997656     16869249       426.67
        1.61     0.997852     16872426       465.45
        1.62     0.998047     16875754       512.00
        1.63     0.998145     16877433       538.95
        1.64     0.998242     16879238       568.89
        1.65     0.998340     16880968       602.35
        1.66     0.998437     16882731       640.00
        1.66     0.998535     16884544       682.67
        1.67     0.998633     16886371       731.43
        1.68     0.998730     16888175       787.69
        1.68     0.998828     16888175       853.33
        1.69     0.998926     16889876       930.91
        1.70     0.999023     16891619      1024.00
        1.70     0.999072     16893275      1077.89
        1.70     0.999121     16893275      1137.78
        1.71     0.999170     16894834      1204.71
        1.71     0.999219     16894834      1280.00
        1.72     0.999268     16896338      1365.33
        1.73     0.999316     16897595      1462.86
        1.73     0.999365     16897595      1575.38
        1.74     0.999414     16898801      1706.67
        1.74     0.999463     16899773      1861.82
        1.74     0.999512     16899773      2048.00
        1.75     0.999536     16900623      2155.79
        1.75     0.999561     16900623      2275.56
        1.76     0.999585     16901320      2409.41
        1.77     0.999609     16901963      2560.00
        1.77     0.999634     16901963      2730.67
        1.77     0.999658     16902520      2925.71
        1.78     0.999683     16902994      3150.77
        1.79     0.999707     16903457      3413.33
        1.79     0.999731     16903457      3723.64
        1.81     0.999756     16904222      4096.00
        1.81     0.999768     16904222      4311.58
        1.81     0.999780     16904518      4551.11
        1.81     0.999792     16904518      4818.82
        1.82     0.999805     16904773      5120.00
        1.83     0.999817     16904995      5461.33
        1.84     0.999829     16905196      5851.43
        1.85     0.999841     16905394      6301.54
        1.85     0.999854     16905600      6826.67
        1.86     0.999866     16905798      7447.27
        1.87     0.999878     16905979      8192.00
        1.88     0.999884     16906125      8623.16
        1.89     0.999890     16906284      9102.22
        1.89     0.999896     16906284      9637.65
        1.90     0.999902     16906415     10240.00
        1.90     0.999908     16906514     10922.67
        1.91     0.999915     16906623     11702.86
        1.92     0.999921     16906722     12603.08
        1.93     0.999927     16906820     13653.33
        1.94     0.999933     16906895     14894.55
        1.94     0.999939     16906955     16384.00
        1.96     0.999942     16907045     17246.32
        1.97     0.999945     16907076     18204.44
        1.98     0.999948     16907131     19275.29
        2.00     0.999951     16907184     20480.00
        2.02     0.999954     16907218     21845.33
        2.05     0.999957     16907264     23405.71
        2.10     0.999960     16907316     25206.15
        2.16     0.999963     16907374     27306.67
        2.21     0.999966     16907419     29789.09
        2.25     0.999969     16907474     32768.00
        2.27     0.999971     16907497     34492.63
        2.30     0.999973     16907536     36408.89
        2.32     0.999974     16907548     38550.59
        2.38     0.999976     16907581     40960.00
        2.45     0.999977     16907599     43690.67
        2.59     0.999979     16907625     46811.43
        4.05     0.999980     16907651     50412.31
        4.08     0.999982     16907677     54613.33
        4.29     0.999983     16907702     59578.18
        4.70     0.999985     16907729     65536.00
        4.80     0.999986     16907754     68985.26
        4.80     0.999986     16907754     72817.78
        4.83     0.999987     16907782     77101.18
        4.83     0.999988     16907782     81920.00
        6.05     0.999989     16907823     87381.33
        6.05     0.999989     16907823     93622.86
        6.05     0.999990     16907823    100824.62
        7.01     0.999991     16907846    109226.67
        7.01     0.999992     16907846    119156.36
        7.04     0.999992     16907895    131072.00
        7.04     0.999993     16907895    137970.53
        7.04     0.999993     16907895    145635.56
        7.04     0.999994     16907895    154202.35
        7.04     0.999994     16907895    163840.00
        7.04     0.999994     16907895    174762.67
        7.04     0.999995     16907895    187245.71
       77.82     0.999995     16907917    201649.23
       77.82     0.999995     16907917    218453.33
       77.82     0.999996     16907917    238312.73
       78.33     0.999996     16907926    262144.00
       78.33     0.999996     16907926    275941.05
       79.87     0.999997     16907927    291271.11
      171.01     0.999997     16907951    308404.71
      171.01     0.999997     16907951    327680.00
      171.01     0.999997     16907951    349525.33
      171.01     0.999997     16907951    374491.43
      171.01     0.999998     16907951    403298.46
      171.01     0.999998     16907951    436906.67
      171.01     0.999998     16907951    476625.45
      172.03     0.999998     16907980    524288.00
      172.03     0.999998     16907980    551882.11
      172.03     0.999998     16907980    582542.22
      172.03     0.999998     16907980    616809.41
      172.03     0.999998     16907980    655360.00
      172.03     0.999999     16907980    699050.67
      172.03     0.999999     16907980    748982.86
      172.03     0.999999     16907980    806596.92
      172.03     0.999999     16907980    873813.33
      172.03     0.999999     16907980    953250.91
      172.03     0.999999     16907980   1048576.00
      172.03     0.999999     16907980   1103764.21
      172.03     0.999999     16907980   1165084.44
      172.03     0.999999     16907980   1233618.82
      172.03     0.999999     16907980   1310720.00
      172.03     0.999999     16907980   1398101.33
      172.03     0.999999     16907980   1497965.71
      172.03     0.999999     16907980   1613193.85
      172.03     0.999999     16907980   1747626.67
      172.03     0.999999     16907980   1906501.82
      172.03     1.000000     16907980   2097152.00
      172.03     1.000000     16907980   2207528.42
      172.03     1.000000     16907980   2330168.89
      172.03     1.000000     16907980   2467237.65
      172.03     1.000000     16907980   2621440.00
      172.03     1.000000     16907980   2796202.67
      172.03     1.000000     16907980   2995931.43
      172.03     1.000000     16907980   3226387.69
      173.06     1.000000     16907985   3495253.33
      173.06     1.000000     16907985          inf
#[Mean    =        0.729, StdDeviation   =        0.379]
#[Max     =      173.055, Total count    =     16907985]
#[Buckets =           20, SubBuckets     =          256]
