       Value   Percentile   TotalCount 1/(1-Percentile)

        0.02     0.000000        18201         1.00
        0.34     0.050000      1422021         1.05
        0.57     0.100000      2825824         1.11
        0.67     0.150000      4654368         1.18
        0.69     0.200000      6605459         1.25
        0.69     0.250000      7837285         1.33
        0.70     0.300000      9324111         1.43
        0.71     0.350000     11158353         1.54
        0.72     0.400000     13425650         1.67
        0.72     0.450000     13425650         1.82
        0.73     0.500000     16250602         2.00
        0.73     0.525000     16250602         2.11
        0.73     0.550000     16250602         2.22
        0.73     0.575000     16250602         2.35
        0.73     0.600000     19826106         2.50
        0.73     0.625000     19826106         2.67
        0.73     0.650000     19826106         2.86
        0.73     0.675000     19826106         3.08
        0.73     0.700000     19826106         3.33
        0.74     0.725000     23114774         3.64
        0.74     0.750000     23114774         4.00
        0.74     0.762500     23114774         4.21
        0.74     0.775000     23114774         4.44
        0.74     0.787500     23114774         4.71
        0.74     0.800000     23114774         5.00
        0.74     0.812500     23114774         5.33
        0.75     0.825000     25059713         5.71
        0.75     0.837500     25059713         6.15
        0.75     0.850000     25059713         6.67
        0.75     0.862500     25059713         7.27
        0.75     0.875000     25059713         8.00
        0.75     0.881250     25059713         8.42
        0.75     0.887500     25059713         8.89
        0.76     0.893750     26011726         9.41
        0.76     0.900000     26011726        10.00
        0.76     0.906250     26011726        10.67
        0.76     0.912500     26011726        11.43
        0.76     0.918750     26011726        12.31
        0.77     0.925000     26456594        13.33
        0.77     0.931250     26456594        14.55
        0.77     0.937500     26456594        16.00
        0.78     0.940625     26671065        16.84
        0.78     0.943750     26671065        17.78
        0.78     0.946875     26785275        18.82
        0.79     0.950000     26861269        20.00
        0.80     0.953125     26918021        21.33
        0.81     0.956250     27001740        22.86
        0.83     0.959375     27067307        24.62
        0.85     0.962500     27174448        26.67
        0.87     0.965625     27243005        29.09
        0.91     0.968750     27337132        32.00
        0.93     0.970313     27377036        33.68
        0.94     0.971875     27419324        35.56
        0.96     0.973437     27457798        37.65
        0.98     0.975000     27506598        40.00
        1.01     0.976562     27543255        42.67
        1.09     0.978125     27586545        45.71
        1.24     0.979688     27628219        49.23
        1.33     0.981250     27673404        53.33
        1.36     0.982812     27721149        58.18
        1.38     0.984375     27765753        64.00
        1.40     0.985156     27798673        67.37
        1.41     0.985938     27817115        71.11
        1.42     0.986719     27837324        75.29
        1.42     0.987500     27859510        80.00
        1.43     0.988281     27883645        85.33
        1.44     0.989062     27909750        91.43
        1.45     0.989844     27938386        98.46
        1.45     0.990625     27938386       106.67
        1.46     0.991406     27969891       116.36
        1.46     0.992188     28005469       128.00
        1.46     0.992578     28005469       134.74
        1.46     0.992969     28005469       142.22
        1.47     0.993359     28044578       150.59
        1.47     0.993750     28044578       160.00
        1.47     0.994141     28044578       170.67
        1.48     0.994531     28083168       182.86
        1.48     0.994922     28083168       196.92
        1.48     0.995313     28083168       213.33
        1.48     0.995703     28083168       232.73
        1.49     0.996094     28117079       256.00
        1.49     0.996289     28117079       269.47
        1.49     0.996484     28117079       284.44
        1.49     0.996680     28117079       301.18
        1.49     0.996875     28117079       320.00
        1.50     0.997070     28143296       341.33
        1.50     0.997266     28143296       365.71
        1.50     0.997461     28143296       393.85
        1.50     0.997656     28143296       426.67
        1.50     0.997852     28143296       465.45
        1.50     0.998047     28161805       512.00
        1.50     0.998145     28161805       538.95
        1.50     0.998242     28161805       568.89
        1.50     0.998340     28161805       602.35
        1.50     0.998437     28161805       640.00
        1.50     0.998535     28161805       682.67
        1.51     0.998633     28173896       731.43
        1.51     0.998730     28173896       787.69
        1.51     0.998828     28173896       853.33
        1.51     0.998926     28173896       930.91
        1.51     0.999023     28173896      1024.00
        1.52     0.999072     28181524      1077.89
        1.52     0.999121     28181524      1137.78
        1.52     0.999170     28181524      1204.71
        1.52     0.999219     28181524      1280.00
        1.52     0.999268     28181524      1365.33
        1.53     0.999316     28186255      1462.86
        1.53     0.999365     28186255      1575.38
        1.53     0.999414     28186255      1706.67
        1.53     0.999463     28186255      1861.82
        1.53     0.999512     28189224      2048.00
        1.53     0.999536     28189224      2155.79
        1.53     0.999561     28189224      2275.56
        1.54     0.999585     28191257      2409.41
        1.54     0.999609     28191257      2560.00
        1.54     0.999634     28191257      2730.67
        1.55     0.999658     28192772      2925.71
        1.55     0.999683     28192772      3150.77
        1.55     0.999707     28192772      3413.33
        1.56     0.999731     28193918      3723.64
        1.57     0.999756     28194840      4096.00
        1.57     0.999768     28194840      4311.58
        1.57     0.999780     28194840      4551.11
        1.57     0.999792     28195611      4818.82
        1.57     0.999805     28195611      5120.00
        1.58     0.999817     28196349      5461.33
        1.58     0.999829     28196349      5851.43
        1.59     0.999841     28197050      6301.54
        1.59     0.999854     28197050      6826.67
        1.60     0.999866     28197652      7447.27
        1.60     0.999878     28197652      8192.00
        1.61     0.999884     28198264      8623.16
        1.61     0.999890     28198264      9102.22
        1.61     0.999896     28198264      9637.65
        1.61     0.999902     28198264     10240.00
        1.61     0.999908     28198801     10922.67
        1.61     0.999915     28198801     11702.86
        1.61     0.999921     28198801     12603.08
        1.62     0.999927     28199228     13653.33
        1.62     0.999933     28199228     14894.55
        1.63     0.999939     28199539     16384.00
        1.63     0.999942     28199539     17246.32
        1.63     0.999945     28199539     18204.44
        1.64     0.999948     28199722     19275.29
        1.64     0.999951     28199722     20480.00
        1.65     0.999954     28199848     21845.33
        1.65     0.999957     28199848     23405.71
        1.66     0.999960     28199921     25206.15
        1.67     0.999963     28200019     27306.67
        1.69     0.999966     28200077     29789.09
        1.72     0.999969     28200169     32768.00
        1.74     0.999971     28200205     34492.63
        1.76     0.999973     28200252     36408.89
        1.78     0.999974     28200286     38550.59
        1.82     0.999976     28200336     40960.00
        1.86     0.999977     28200381     43690.67
        1.90     0.999979     28200415     46811.43
        1.97     0.999980     28200460     50412.31
        2.02     0.999982     28200503     54613.33
        2.08     0.999983     28200558     59578.18
        2.11     0.999985     28200587     65536.00
        2.14     0.999986     28200619     68985.26
        2.16     0.999986     28200647     72817.78
        2.17     0.999987     28200663     77101.18
        2.19     0.999988     28200683     81920.00
        2.21     0.999989     28200695     87381.33
        2.24     0.999989     28200720     93622.86
        2.27     0.999990     28200749    100824.62
        2.29     0.999991     28200761    109226.67
        2.33     0.999992     28200781    119156.36
        2.53     0.999992     28200802    131072.00
        2.78     0.999993     28200813    137970.53
        4.61     0.999993     28200877    145635.56
        4.61     0.999994     28200877    154202.35
        4.61     0.999994     28200877    163840.00
        4.61     0.999994     28200877    174762.67
        4.61     0.999995     28200877    187245.71
        4.64     0.999995     28200913    201649.23
        4.64     0.999995     28200913    218453.33
        4.64     0.999996     28200913    238312.73
        4.64     0.999996     28200913    262144.00
        5.38     0.999996     28200917    275941.05
        6.56     0.999997     28200992    291271.11
        6.56     0.999997     28200992    308404.71
        6.56     0.999997     28200992    327680.00
        6.56     0.999997     28200992    349525.33
        6.56     0.999997     28200992    374491.43
        6.56     0.999998     28200992    403298.46
        6.56     0.999998     28200992    436906.67
        6.56     0.999998     28200992    476625.45
        6.56     0.999998     28200992    524288.00
        6.56     0.999998     28200992    551882.11
        6.56     0.999998     28200992    582542.22
        6.56     0.999998     28200992    616809.41
        6.56     0.999998     28200992    655360.00
        6.56     0.999999     28200992    699050.67
        6.56     0.999999     28200992    748982.86
        6.56     0.999999     28200992    806596.92
        6.56     0.999999     28200992    873813.33
        6.56     0.999999     28200992    953250.91
        6.56     0.999999     28200992   1048576.00
        6.56     0.999999     28200992   1103764.21
        6.59     0.999999     28201012   1165084.44
        6.59     0.999999     28201012   1233618.82
        6.59     0.999999     28201012   1310720.00
        6.59     0.999999     28201012   1398101.33
        6.59     0.999999     28201012   1497965.71
        6.59     0.999999     28201012   1613193.85
        6.59     0.999999     28201012   1747626.67
        6.59     0.999999     28201012   1906501.82
        6.59     1.000000     28201012   2097152.00
        6.59     1.000000     28201012   2207528.42
        6.59     1.000000     28201012   2330168.89
        6.59     1.000000     28201012   2467237.65
        6.59     1.000000     28201012   2621440.00
        6.59     1.000000     28201012   2796202.67
        6.59     1.000000     28201012   2995931.43
        6.59     1.000000     28201012   3226387.69
        6.59     1.000000     28201012   3495253.33
        6.59     1.000000     28201012   3813003.64
        6.59     1.000000     28201012   4194304.00
        6.59     1.000000     28201012   4415056.84
        6.59     1.000000     28201012   4660337.78
        6.59     1.000000     28201012   4934475.29
        6.59     1.000000     28201012   5242880.00
        6.59     1.000000     28201012   5592405.33
        6.82     1.000000     28201013   5991862.86
        6.82     1.000000     28201013   6452775.39
        6.82     1.000000     28201013   6990506.67
        7.29     1.000000     28201016   7626007.28
        7.29     1.000000     28201016   8388608.00
        7.29     1.000000     28201016   8830113.68
        7.29     1.000000     28201016   9320675.55
        7.29     1.000000     28201016   9868950.59
        7.29     1.000000     28201016  10485760.00
        7.29     1.000000     28201016  11184810.67
        7.29     1.000000     28201016  11983725.71
        7.29     1.000000     28201016  12905550.76
        7.29     1.000000     28201016  13981013.34
        7.29     1.000000     28201016  15252014.55
        7.29     1.000000     28201016  16777216.00
        7.29     1.000000     28201016  17660227.38
        7.29     1.000000     28201016  18641351.10
        7.29     1.000000     28201016  19737901.19
        7.29     1.000000     28201016  20971519.98
        7.29     1.000000     28201016  22369621.33
        7.29     1.000000     28201016  23967451.45
        7.29     1.000000     28201016  25811101.52
        7.29     1.000000     28201016  27962026.68
        7.33     1.000000     28201017  30504029.05
        7.33     1.000000     28201017          inf
#[Mean    =        0.698, StdDeviation   =        0.174]
#[Max     =        7.327, Total count    =     28201017]
#[Buckets =           20, SubBuckets     =          256]
