       Value   Percentile   TotalCount 1/(1-Percentile)

        0.02     0.000000        15981         1.00
        0.34     0.050000      1720731         1.05
        0.57     0.100000      3396434         1.11
        0.68     0.150000      5583097         1.18
        0.69     0.200000      7678890         1.25
        0.70     0.250000      9243979         1.33
        0.71     0.300000     11176562         1.43
        0.72     0.350000     13536562         1.54
        0.72     0.400000     13536562         1.67
        0.73     0.450000     16336271         1.82
        0.73     0.500000     19443538         2.00
        0.73     0.525000     19443538         2.11
        0.73     0.550000     19443538         2.22
        0.74     0.575000     22548449         2.35
        0.74     0.600000     22548449         2.50
        0.74     0.625000     22548449         2.67
        0.74     0.650000     22548449         2.86
        0.75     0.675000     25217995         3.08
        0.75     0.700000     25217995         3.33
        0.75     0.725000     25217995         3.64
        0.76     0.750000     27109810         4.00
        0.76     0.762500     27109810         4.21
        0.76     0.775000     27109810         4.44
        0.76     0.787500     27109810         4.71
        0.76     0.800000     27109810         5.00
        0.77     0.812500     28221078         5.33
        0.77     0.825000     28221078         5.71
        0.78     0.837500     28821517         6.15
        0.78     0.850000     28821517         6.67
        0.79     0.862500     29418448         7.27
        0.80     0.875000     29654242         8.00
        0.81     0.881250     29897360         8.42
        0.81     0.887500     30152615         8.89
        0.82     0.893750     30422141         9.41
        0.83     0.900000     30706198        10.00
        0.83     0.906250     30706198        10.67
        0.84     0.912500     30999211        11.43
        0.85     0.918750     31291501        12.31
        0.85     0.925000     31291501        13.33
        0.85     0.931250     31561621        14.55
        0.86     0.937500     31794852        16.00
        0.87     0.940625     31987271        16.84
        0.87     0.943750     31987271        17.78
        0.88     0.946875     32137475        18.82
        0.88     0.950000     32137475        20.00
        0.89     0.953125     32248174        21.33
        0.90     0.956250     32403412        22.86
        0.91     0.959375     32462892        24.62
        0.93     0.962500     32554373        26.67
        0.95     0.965625     32660060        29.09
        0.98     0.968750     32784306        32.00
        1.00     0.970313     32836852        33.68
        1.01     0.971875     32885259        35.56
        1.03     0.973437     32925140        37.65
        1.06     0.975000     32973332        40.00
        1.14     0.976562     33024846        42.67
        1.24     0.978125     33078673        45.71
        1.33     0.979688     33137506        49.23
        1.37     0.981250     33183261        53.33
        1.40     0.982812     33253929        58.18
        1.42     0.984375     33300018        64.00
        1.42     0.985156     33325716        67.37
        1.43     0.985938     33353114        71.11
        1.44     0.986719     33382108        75.29
        1.45     0.987500     33413487        80.00
        1.46     0.988281     33447076        85.33
        1.46     0.989062     33447076        91.43
        1.46     0.989844     33483459        98.46
        1.47     0.990625     33521172       106.67
        1.48     0.991406     33558946       116.36
        1.48     0.992188     33558946       128.00
        1.49     0.992578     33594828       134.74
        1.49     0.992969     33594828       142.22
        1.49     0.993359     33594828       150.59
        1.50     0.993750     33627466       160.00
        1.50     0.994141     33627466       170.67
        1.50     0.994531     33655380       182.86
        1.50     0.994922     33655380       196.92
        1.51     0.995313     33677952       213.33
        1.51     0.995703     33677952       232.73
        1.52     0.996094     33695394       256.00
        1.52     0.996289     33695394       269.47
        1.53     0.996484     33708657       284.44
        1.53     0.996680     33708657       301.18
        1.53     0.996875     33718503       320.00
        1.53     0.997070     33718503       341.33
        1.54     0.997266     33725748       365.71
        1.55     0.997461     33731253       393.85
        1.57     0.997656     33739304       426.67
        1.58     0.997852     33745817       465.45
        1.60     0.998047     33751918       512.00
        1.61     0.998145     33754877       538.95
        1.61     0.998242     33758027       568.89
        1.62     0.998340     33761246       602.35
        1.63     0.998437     33764474       640.00
        1.64     0.998535     33767618       682.67
        1.65     0.998633     33770718       731.43
        1.66     0.998730     33773919       787.69
        1.67     0.998828     33780280       853.33
        1.68     0.998926     33783413       930.91
        1.69     0.999023     33786516      1024.00
        1.69     0.999072     33786516      1077.89
        1.70     0.999121     33789600      1137.78
        1.70     0.999170     33789600      1204.71
        1.70     0.999219     33792642      1280.00
        1.70     0.999268     33792642      1365.33
        1.71     0.999316     33795424      1462.86
        1.71     0.999365     33795424      1575.38
        1.72     0.999414     33797989      1706.67
        1.73     0.999463     33800323      1861.82
        1.74     0.999512     33802238      2048.00
        1.74     0.999536     33802238      2155.79
        1.74     0.999561     33802238      2275.56
        1.74     0.999585     33803962      2409.41
        1.74     0.999609     33803962      2560.00
        1.75     0.999634     33805436      2730.67
        1.75     0.999658     33805436      2925.71
        1.76     0.999683     33806673      3150.77
        1.77     0.999707     33807696      3413.33
        1.77     0.999731     33808605      3723.64
        1.77     0.999756     33808605      4096.00
        1.78     0.999768     33809419      4311.58
        1.78     0.999780     33809419      4551.11
        1.79     0.999792     33810091      4818.82
        1.80     0.999805     33810731      5120.00
        1.80     0.999817     33810731      5461.33
        1.81     0.999829     33811277      5851.43
        1.81     0.999841     33811802      6301.54
        1.82     0.999854     33812259      6826.67
        1.83     0.999866     33812704      7447.27
        1.84     0.999878     33813072      8192.00
        1.84     0.999884     33813072      8623.16
        1.85     0.999890     33813391      9102.22
        1.85     0.999896     33813391      9637.65
        1.85     0.999902     33813653     10240.00
        1.86     0.999908     33813874     10922.67
        1.87     0.999915     33814062     11702.86
        1.88     0.999921     33814230     12603.08
        1.89     0.999927     33814396     13653.33
        1.90     0.999933     33814639     14894.55
        1.92     0.999939     33814859     16384.00
        1.93     0.999942     33814935     17246.32
        1.94     0.999945     33815017     18204.44
        1.94     0.999948     33815100     19275.29
        1.95     0.999951     33815187     20480.00
        1.97     0.999954     33815335     21845.33
        1.98     0.999957     33815395     23405.71
        2.00     0.999960     33815533     25206.15
        2.02     0.999963     33815611     27306.67
        2.05     0.999966     33815715     29789.09
        2.10     0.999969     33815827     32768.00
        2.13     0.999971     33815879     34492.63
        2.16     0.999973     33815923     36408.89
        2.19     0.999974     33815977     38550.59
        2.22     0.999976     33816017     40960.00
        2.25     0.999977     33816068     43690.67
        2.30     0.999979     33816138     46811.43
        2.33     0.999980     33816177     50412.31
        2.38     0.999982     33816223     54613.33
        2.50     0.999983     33816271     59578.18
        2.67     0.999985     33816323     65536.00
        2.77     0.999986     33816347     68985.26
        2.90     0.999986     33816373     72817.78
        3.18     0.999987     33816400     77101.18
        4.67     0.999988     33816425     81920.00
        5.15     0.999989     33816513     87381.33
        5.15     0.999989     33816513     93622.86
        5.15     0.999990     33816513    100824.62
        5.25     0.999991     33816533    109226.67
        5.31     0.999992     33816568    119156.36
        5.34     0.999992     33816629    131072.00
        5.34     0.999993     33816629    137970.53
        5.34     0.999993     33816629    145635.56
        5.34     0.999994     33816629    154202.35
        5.95     0.999994     33816631    163840.00
       80.89     0.999994     33816683    174762.67
       80.89     0.999995     33816683    187245.71
       80.89     0.999995     33816683    201649.23
       80.89     0.999995     33816683    218453.33
       81.41     0.999996     33816725    238312.73
       81.41     0.999996     33816725    262144.00
       81.41     0.999996     33816725    275941.05
       81.41     0.999997     33816725    291271.11
       81.92     0.999997     33816737    308404.71
       81.92     0.999997     33816737    327680.00
      165.89     0.999997     33816827    349525.33
      165.89     0.999997     33816827    374491.43
      165.89     0.999998     33816827    403298.46
      165.89     0.999998     33816827    436906.67
      165.89     0.999998     33816827    476625.45
      165.89     0.999998     33816827    524288.00
      165.89     0.999998     33816827    551882.11
      165.89     0.999998     33816827    582542.22
      165.89     0.999998     33816827    616809.41
      165.89     0.999998     33816827    655360.00
      165.89     0.999999     33816827    699050.67
      165.89     0.999999     33816827    748982.86
      165.89     0.999999     33816827    806596.92
      165.89     0.999999     33816827    873813.33
      165.89     0.999999     33816827    953250.91
      165.89     0.999999     33816827   1048576.00
      165.89     0.999999     33816827   1103764.21
      165.89     0.999999     33816827   1165084.44
      165.89     0.999999     33816827   1233618.82
      165.89     0.999999     33816827   1310720.00
      165.89     0.999999     33816827   1398101.33
      165.89     0.999999     33816827   1497965.71
      165.89     0.999999     33816827   1613193.85
      165.89     0.999999     33816827   1747626.67
      165.89     0.999999     33816827   1906501.82
      165.89     1.000000     33816827   2097152.00
      165.89     1.000000     33816827   2207528.42
      165.89     1.000000     33816827   2330168.89
      165.89     1.000000     33816827   2467237.65
      165.89     1.000000     33816827   2621440.00
      165.89     1.000000     33816827   2796202.67
      165.89     1.000000     33816827   2995931.43
      165.89     1.000000     33816827   3226387.69
      172.03     1.000000     33816836   3495253.33
      172.03     1.000000     33816836   3813003.64
      172.03     1.000000     33816836   4194304.00
      172.03     1.000000     33816836   4415056.84
      172.03     1.000000     33816836   4660337.78
      172.03     1.000000     33816836   4934475.29
      172.03     1.000000     33816836   5242880.00
      172.03     1.000000     33816836   5592405.33
      172.03     1.000000     33816836   5991862.86
      172.03     1.000000     33816836   6452775.39
      172.03     1.000000     33816836   6990506.67
      172.03     1.000000     33816836   7626007.28
      172.03     1.000000     33816836   8388608.00
      172.03     1.000000     33816836   8830113.68
      172.03     1.000000     33816836   9320675.55
      172.03     1.000000     33816836   9868950.59
      172.03     1.000000     33816836  10485760.00
      172.03     1.000000     33816836  11184810.67
      172.03     1.000000     33816836  11983725.71
      172.03     1.000000     33816836  12905550.76
      172.03     1.000000     33816836  13981013.34
      172.03     1.000000     33816836  15252014.55
      172.03     1.000000     33816836  16777216.00
      172.03     1.000000     33816836  17660227.38
      172.03     1.000000     33816836  18641351.10
      172.03     1.000000     33816836  19737901.19
      172.03     1.000000     33816836  20971519.98
      172.03     1.000000     33816836  22369621.33
      172.03     1.000000     33816836  23967451.45
      172.03     1.000000     33816836  25811101.52
      172.03     1.000000     33816836  27962026.68
      172.03     1.000000     33816836  30504029.05
      172.03     1.000000     33816836  33554432.00
      173.06     1.000000     33816837  35320454.76
      173.06     1.000000     33816837          inf
#[Mean    =        0.717, StdDeviation   =        0.366]
#[Max     =      173.055, Total count    =     33816837]
#[Buckets =           20, SubBuckets     =          256]
