       Value   Percentile   TotalCount 1/(1-Percentile)

        0.02     0.000000         7402         1.00
        0.46     0.050000      1421475         1.05
        0.71     0.100000      2872519         1.11
        0.78     0.150000      4278306         1.18
        0.80     0.200000      6437999         1.25
        0.81     0.250000      7515730         1.33
        0.81     0.300000      8784123         1.43
        0.82     0.350000     10217811         1.54
        0.83     0.400000     11766434         1.67
        0.84     0.450000     13375467         1.82
        0.85     0.500000     15000886         2.00
        0.85     0.525000     15000886         2.11
        0.85     0.550000     16586759         2.22
        0.85     0.575000     16586759         2.35
        0.86     0.600000     18085712         2.50
        0.86     0.625000     18085712         2.67
        0.87     0.650000     19467179         2.86
        0.87     0.675000     19467179         3.08
        0.88     0.700000     20708542         3.33
        0.88     0.725000     20708542         3.64
        0.89     0.750000     21804361         4.00
        0.89     0.762500     21804361         4.21
        0.90     0.775000     22750928         4.44
        0.90     0.787500     22750928         4.71
        0.90     0.800000     22750928         5.00
        0.90     0.812500     23558482         5.33
        0.90     0.825000     23558482         5.71
        0.91     0.837500     24238574         6.15
        0.91     0.850000     24238574         6.67
        0.92     0.862500     24810916         7.27
        0.92     0.875000     24810916         8.00
        0.93     0.881250     25279508         8.42
        0.93     0.887500     25279508         8.89
        0.93     0.893750     25279508         9.41
        0.94     0.900000     25663100        10.00
        0.94     0.906250     25663100        10.67
        0.94     0.912500     25965842        11.43
        0.94     0.918750     25965842        12.31
        0.95     0.925000     26210247        13.33
        0.96     0.931250     26397667        14.55
        0.97     0.937500     26535330        16.00
        0.97     0.940625     26535330        16.84
        0.97     0.943750     26639117        17.78
        0.98     0.946875     26718072        18.82
        0.99     0.950000     26779140        20.00
        1.01     0.953125     26863576        21.33
        1.03     0.956250     26940291        22.86
        1.08     0.959375     27032392        24.62
        1.14     0.962500     27116288        26.67
        1.19     0.965625     27217369        29.09
        1.23     0.968750     27294384        32.00
        1.25     0.970313     27335783        33.68
        1.29     0.971875     27382844        35.56
        1.33     0.973437     27426820        37.65
        1.39     0.975000     27469065        40.00
        1.52     0.976562     27514247        42.67
        1.57     0.978125     27561952        45.71
        1.61     0.979688     27612698        49.23
        1.62     0.981250     27645837        53.33
        1.65     0.982812     27704859        58.18
        1.66     0.984375     27749788        64.00
        1.67     0.985156     27773173        67.37
        1.68     0.985938     27796632        71.11
        1.68     0.986719     27796632        75.29
        1.69     0.987500     27819793        80.00
        1.70     0.988281     27842674        85.33
        1.70     0.989062     27865032        91.43
        1.71     0.989844     27886703        98.46
        1.72     0.990625     27907618       106.67
        1.74     0.991406     27946107       116.36
        1.74     0.992188     27963811       128.00
        1.74     0.992578     27963811       134.74
        1.75     0.992969     27980186       142.22
        1.76     0.993359     27995509       150.59
        1.76     0.993750     27995509       160.00
        1.77     0.994141     28009982       170.67
        1.77     0.994531     28023260       182.86
        1.78     0.994922     28035571       196.92
        1.79     0.995313     28047111       213.33
        1.80     0.995703     28057641       232.73
        1.81     0.996094     28067275       256.00
        1.81     0.996289     28067275       269.47
        1.81     0.996484     28075911       284.44
        1.82     0.996680     28083672       301.18
        1.82     0.996875     28083672       320.00
        1.83     0.997070     28090684       341.33
        1.84     0.997266     28096812       365.71
        1.85     0.997461     28102174       393.85
        1.85     0.997656     28106776       426.67
        1.86     0.997852     28110702       465.45
        1.88     0.998047     28116873       512.00
        1.89     0.998145     28119149       538.95
        1.90     0.998242     28122538       568.89
        1.92     0.998340     28124914       602.35
        1.94     0.998437     28127148       640.00
        1.97     0.998535     28129697       682.67
        1.99     0.998633     28133193       731.43
        2.01     0.998730     28136848       787.69
        2.02     0.998828     28138806       853.33
        2.02     0.998926     28141457       930.91
        2.03     0.999023     28143998      1024.00
        2.04     0.999072     28146789      1077.89
        2.04     0.999121     28146789      1137.78
        2.05     0.999170     28149440      1204.71
        2.05     0.999219     28149440      1280.00
        2.06     0.999268     28153883      1365.33
        2.06     0.999316     28153883      1462.86
        2.06     0.999365     28153883      1575.38
        2.08     0.999414     28158041      1706.67
        2.08     0.999463     28158041      1861.82
        2.08     0.999512     28158041      2048.00
        2.08     0.999536     28158041      2155.79
        2.10     0.999561     28161439      2275.56
        2.10     0.999585     28161439      2409.41
        2.10     0.999609     28161439      2560.00
        2.10     0.999634     28161439      2730.67
        2.10     0.999658     28161439      2925.71
        2.11     0.999683     28163202      3150.77
        2.11     0.999707     28163202      3413.33
        2.11     0.999731     28163202      3723.64
        2.13     0.999756     28164580      4096.00
        2.13     0.999768     28164580      4311.58
        2.13     0.999780     28164580      4551.11
        2.14     0.999792     28165208      4818.82
        2.16     0.999805     28165650      5120.00
        2.16     0.999817     28165650      5461.33
        2.17     0.999829     28165943      5851.43
        2.22     0.999841     28166303      6301.54
        2.30     0.999854     28166680      6826.67
        2.37     0.999866     28166989      7447.27
        2.42     0.999878     28167300      8192.00
        2.45     0.999884     28167576      8623.16
        2.46     0.999890     28167694      9102.22
        2.48     0.999896     28167813      9637.65
        2.51     0.999902     28167991     10240.00
        2.56     0.999908     28168174     10922.67
        2.62     0.999915     28168322     11702.86
        2.69     0.999921     28168496     12603.08
        2.80     0.999927     28168661     13653.33
        2.85     0.999933     28168955     14894.55
        2.86     0.999939     28169105     16384.00
        2.86     0.999942     28169105     17246.32
        2.88     0.999945     28169255     18204.44
        2.90     0.999948     28169419     19275.29
        2.90     0.999951     28169419     20480.00
        2.91     0.999954     28169585     21845.33
        2.91     0.999957     28169585     23405.71
        2.93     0.999960     28169737     25206.15
        2.93     0.999963     28169737     27306.67
        2.94     0.999966     28169902     29789.09
        2.94     0.999969     28169902     32768.00
        2.96     0.999971     28170040     34492.63
        2.96     0.999973     28170040     36408.89
        2.96     0.999974     28170040     38550.59
        2.96     0.999976     28170040     40960.00
        2.98     0.999977     28170153     43690.67
        2.98     0.999979     28170153     46811.43
        2.99     0.999980     28170264     50412.31
        2.99     0.999982     28170264     54613.33
        2.99     0.999983     28170264     59578.18
        3.01     0.999985     28170329     65536.00
        3.01     0.999986     28170329     68985.26
        3.02     0.999986     28170380     72817.78
        3.02     0.999987     28170380     77101.18
        3.04     0.999988     28170436     81920.00
        3.04     0.999989     28170436     87381.33
        3.04     0.999989     28170436     93622.86
        3.06     0.999990     28170468    100824.62
        3.06     0.999991     28170468    109226.67
        3.09     0.999992     28170500    119156.36
        3.18     0.999992     28170510    131072.00
        3.54     0.999993     28170520    137970.53
       19.97     0.999993     28170610    145635.56
       19.97     0.999994     28170610    154202.35
       19.97     0.999994     28170610    163840.00
       19.97     0.999994     28170610    174762.67
       19.97     0.999995     28170610    187245.71
       19.97     0.999995     28170610    201649.23
       19.97     0.999995     28170610    218453.33
       19.97     0.999996     28170610    238312.73
       20.09     0.999996     28170621    262144.00
       20.35     0.999996     28170622    275941.05
       43.77     0.999997     28170720    291271.11
       43.77     0.999997     28170720    308404.71
       43.77     0.999997     28170720    327680.00
       43.77     0.999997     28170720    349525.33
       43.77     0.999997     28170720    374491.43
       43.77     0.999998     28170720    403298.46
       43.77     0.999998     28170720    436906.67
       43.77     0.999998     28170720    476625.45
       43.77     0.999998     28170720    524288.00
       43.77     0.999998     28170720    551882.11
       43.77     0.999998     28170720    582542.22
       43.77     0.999998     28170720    616809.41
       43.77     0.999998     28170720    655360.00
       43.77     0.999999     28170720    699050.67
       43.77     0.999999     28170720    748982.86
       43.77     0.999999     28170720    806596.92
       43.77     0.999999     28170720    873813.33
       43.77     0.999999     28170720    953250.91
       43.77     0.999999     28170720   1048576.00
       43.77     0.999999     28170720   1103764.21
       43.77     0.999999     28170720   1165084.44
       43.77     0.999999     28170720   1233618.82
       43.77     0.999999     28170720   1310720.00
       43.77     0.999999     28170720   1398101.33
       43.77     0.999999     28170720   1497965.71
       43.77     0.999999     28170720   1613193.85
       43.77     0.999999     28170720   1747626.67
       43.77     0.999999     28170720   1906501.82
       43.77     1.000000     28170720   2097152.00
       43.77     1.000000     28170720   2207528.42
       43.77     1.000000     28170720   2330168.89
       43.77     1.000000     28170720   2467237.65
       43.77     1.000000     28170720   2621440.00
       43.77     1.000000     28170720   2796202.67
       43.77     1.000000     28170720   2995931.43
       43.77     1.000000     28170720   3226387.69
       43.77     1.000000     28170720   3495253.33
       43.77     1.000000     28170720   3813003.64
       43.77     1.000000     28170720   4194304.00
       43.77     1.000000     28170720   4415056.84
       43.77     1.000000     28170720   4660337.78
       43.77     1.000000     28170720   4934475.29
       43.77     1.000000     28170720   5242880.00
       43.77     1.000000     28170720   5592405.33
       43.77     1.000000     28170720   5991862.86
       43.77     1.000000     28170720   6452775.39
       43.77     1.000000     28170720   6990506.67
       44.80     1.000000     28170721   7626007.28
       44.80     1.000000     28170721   8388608.00
       44.80     1.000000     28170721   8830113.68
       44.80     1.000000     28170721   9320675.55
       63.74     1.000000     28170724   9868950.59
       63.74     1.000000     28170724          inf
#[Mean    =        0.834, StdDeviation   =        0.234]
#[Max     =       63.743, Total count    =     28170724]
#[Buckets =           20, SubBuckets     =          256]
