       Value   Percentile   TotalCount 1/(1-Percentile)

        0.28     0.000000            1         1.00
        1.87     0.050000      3263649         1.05
        1.90     0.100000      5787364         1.11
        1.94     0.150000      9241394         1.18
        1.95     0.200000     11241730         1.25
        1.98     0.250000     14418646         1.33
        2.00     0.300000     17640175         1.43
        2.02     0.350000     19679382         1.54
        2.04     0.400000     22475898         1.67
        2.08     0.450000     26149558         1.82
        2.11     0.500000     28150441         2.00
        2.14     0.525000     29456983         2.11
        2.21     0.550000     30738451         2.22
        2.91     0.575000     32208180         2.35
        3.02     0.600000     33699910         2.50
        3.09     0.625000     35160001         2.67
        3.13     0.650000     36589414         2.86
        3.18     0.675000     38297949         3.08
        3.21     0.700000     39577315         3.33
        3.25     0.725000     40932236         3.64
        3.28     0.750000     42324341         4.00
        3.29     0.762500     43018698         4.21
        3.31     0.775000     43696429         4.44
        3.33     0.787500     44356890         4.71
        3.34     0.800000     44989844         5.00
        3.36     0.812500     45592153         5.33
        3.38     0.825000     46156600         5.71
        3.41     0.837500     47180597         6.15
        3.42     0.850000     47643660         6.67
        3.46     0.862500     48506925         7.27
        3.47     0.875000     48923841         8.00
        3.49     0.881250     49337651         8.42
        3.50     0.887500     49755828         8.89
        3.52     0.893750     50180821         9.41
        3.54     0.900000     50610654        10.00
        3.55     0.906250     51048548        10.67
        3.55     0.912500     51048548        11.43
        3.57     0.918750     51485943        12.31
        3.58     0.925000     51920993        13.33
        3.60     0.931250     52343140        14.55
        3.62     0.937500     52744351        16.00
        3.62     0.940625     52744351        16.84
        3.62     0.943750     52744351        17.78
        3.63     0.946875     53120852        18.82
        3.63     0.950000     53120852        20.00
        3.65     0.953125     53466644        21.33
        3.65     0.956250     53466644        22.86
        3.66     0.959375     53775814        24.62
        3.66     0.962500     53775814        26.67
        3.68     0.965625     54048333        29.09
        3.69     0.968750     54284103        32.00
        3.69     0.970313     54284103        33.68
        3.71     0.971875     54488982        35.56
        3.71     0.973437     54488982        37.65
        3.71     0.975000     54488982        40.00
        3.73     0.976562     54661751        42.67
        3.73     0.978125     54661751        45.71
        3.74     0.979688     54808439        49.23
        3.76     0.981250     54934619        53.33
        3.76     0.982812     54934619        58.18
        3.77     0.984375     55041548        64.00
        3.77     0.985156     55041548        67.37
        3.79     0.985938     55134624        71.11
        3.79     0.986719     55134624        75.29
        3.81     0.987500     55216947        80.00
        3.81     0.988281     55216947        85.33
        3.82     0.989062     55289813        91.43
        3.84     0.989844     55354605        98.46
        3.84     0.990625     55354605       106.67
        3.85     0.991406     55414020       116.36
        3.87     0.992188     55468312       128.00
        3.87     0.992578     55468312       134.74
        3.87     0.992969     55468312       142.22
        3.89     0.993359     55517586       150.59
        3.89     0.993750     55517586       160.00
        3.90     0.994141     55562125       170.67
        3.90     0.994531     55562125       182.86
        3.92     0.994922     55602907       196.92
        3.92     0.995313     55602907       213.33
        3.94     0.995703     55639352       232.73
        3.94     0.996094     55639352       256.00
        3.95     0.996289     55671397       269.47
        3.95     0.996484     55671397       284.44
        3.97     0.996680     55700118       301.18
        3.97     0.996875     55700118       320.00
        3.97     0.997070     55700118       341.33
        3.98     0.997266     55724205       365.71
        3.98     0.997461     55724205       393.85
        4.00     0.997656     55744651       426.67
        4.00     0.997852     55744651       465.45
        4.01     0.998047     55762116       512.00
        4.01     0.998145     55762116       538.95
        4.01     0.998242     55762116       568.89
        4.03     0.998340     55776301       602.35
        4.03     0.998437     55776301       640.00
        4.03     0.998535     55776301       682.67
        4.05     0.998633     55788469       731.43
        4.05     0.998730     55788469       787.69
        4.06     0.998828     55798353       853.33
        4.06     0.998926     55798353       930.91
        4.08     0.999023     55806365      1024.00
        4.08     0.999072     55806365      1077.89
        4.09     0.999121     55812939      1137.78
        4.09     0.999170     55812939      1204.71
        4.13     0.999219     55822473      1280.00
        4.13     0.999268     55822473      1365.33
        4.13     0.999316     55822473      1462.86
        4.13     0.999365     55822473      1575.38
        4.16     0.999414     55829112      1706.67
        4.16     0.999463     55829112      1861.82
        4.19     0.999512     55833478      2048.00
        4.19     0.999536     55833478      2155.79
        4.19     0.999561     55833478      2275.56
        4.22     0.999585     55836881      2409.41
        4.22     0.999609     55836881      2560.00
        4.25     0.999634     55839543      2730.67
        4.25     0.999658     55839543      2925.71
        4.29     0.999683     55841549      3150.77
        4.29     0.999707     55841549      3413.33
        4.32     0.999731     55843142      3723.64
        4.35     0.999756     55844587      4096.00
        4.35     0.999768     55844587      4311.58
        4.38     0.999780     55845820      4551.11
        4.38     0.999792     55845820      4818.82
        4.42     0.999805     55846876      5120.00
        4.45     0.999817     55848014      5461.33
        4.45     0.999829     55848014      5851.43
        4.48     0.999841     55848897      6301.54
        4.51     0.999854     55849671      6826.67
        4.54     0.999866     55850450      7447.27
        4.58     0.999878     55851292      8192.00
        4.58     0.999884     55851292      8623.16
        4.58     0.999890     55851292      9102.22
        4.61     0.999896     55851953      9637.65
        4.61     0.999902     55851953     10240.00
        4.64     0.999908     55852634     10922.67
        4.64     0.999915     55852634     11702.86
        4.67     0.999921     55853166     12603.08
        4.70     0.999927     55853703     13653.33
        4.70     0.999933     55853703     14894.55
        4.74     0.999939     55854101     16384.00
        4.77     0.999942     55854496     17246.32
        4.77     0.999945     55854496     18204.44
        4.77     0.999948     55854496     19275.29
        4.80     0.999951     55854862     20480.00
        4.80     0.999954     55854862     21845.33
        4.83     0.999957     55855139     23405.71
        4.86     0.999960     55855394     25206.15
        4.86     0.999963     55855394     27306.67
        4.89     0.999966     55855583     29789.09
        4.93     0.999969     55855773     32768.00
        4.93     0.999971     55855773     34492.63
        4.96     0.999973     55855974     36408.89
        4.96     0.999974     55855974     38550.59
        4.99     0.999976     55856116     40960.00
        4.99     0.999977     55856116     43690.67
        5.02     0.999979     55856230     46811.43
        5.05     0.999980     55856356     50412.31
        5.05     0.999982     55856356     54613.33
        5.09     0.999983     55856486     59578.18
        5.12     0.999985     55856576     65536.00
        5.12     0.999986     55856576     68985.26
        5.15     0.999986     55856679     72817.78
        5.15     0.999987     55856679     77101.18
        5.15     0.999988     55856679     81920.00
        5.18     0.999989     55856731     87381.33
        5.21     0.999989     55856803     93622.86
        5.25     0.999990     55856873    100824.62
        5.25     0.999991     55856873    109226.67
        5.28     0.999992     55856932    119156.36
        5.28     0.999992     55856932    131072.00
        5.31     0.999993     55856965    137970.53
        5.34     0.999993     55857011    145635.56
        5.34     0.999994     55857011    154202.35
        5.38     0.999994     55857047    163840.00
        5.38     0.999994     55857047    174762.67
        5.41     0.999995     55857066    187245.71
        5.44     0.999995     55857087    201649.23
        5.50     0.999995     55857118    218453.33
        5.54     0.999996     55857135    238312.73
        5.57     0.999996     55857153    262144.00
        5.60     0.999996     55857165    275941.05
        5.63     0.999997     55857175    291271.11
        5.66     0.999997     55857181    308404.71
        5.73     0.999997     55857197    327680.00
        5.76     0.999997     55857199    349525.33
        5.86     0.999997     55857218    374491.43
        5.89     0.999998     55857236    403298.46
        5.89     0.999998     55857236    436906.67
        5.92     0.999998     55857243    476625.45
        5.95     0.999998     55857252    524288.00
        6.01     0.999998     55857264    551882.11
        6.01     0.999998     55857264    582542.22
        6.05     0.999998     55857268    616809.41
        6.11     0.999998     55857275    655360.00
        6.14     0.999999     55857279    699050.67
        6.33     0.999999     55857284    748982.86
        6.46     0.999999     55857290    806596.92
        6.62     0.999999     55857296    873813.33
        6.78     0.999999     55857302    953250.91
        7.04     0.999999     55857306   1048576.00
        7.07     0.999999     55857309   1103764.21
        7.10     0.999999     55857312   1165084.44
        7.13     0.999999     55857313   1233618.82
        7.17     0.999999     55857323   1310720.00
        7.17     0.999999     55857323   1398101.33
        7.17     0.999999     55857323   1497965.71
        7.20     0.999999     55857326   1613193.85
        7.23     0.999999     55857330   1747626.67
        7.23     0.999999     55857330   1906501.82
        7.26     1.000000     55857334   2097152.00
        7.26     1.000000     55857334   2207528.42
        7.29     1.000000     55857338   2330168.89
        7.29     1.000000     55857338   2467237.65
        7.29     1.000000     55857338   2621440.00
        7.33     1.000000     55857342   2796202.67
        7.33     1.000000     55857342   2995931.43
        7.33     1.000000     55857342   3226387.69
        7.36     1.000000     55857343   3495253.33
        7.39     1.000000     55857344   3813003.64
        7.42     1.000000     55857345   4194304.00
        7.46     1.000000     55857346   4415056.84
        7.49     1.000000     55857347   4660337.78
        7.49     1.000000     55857347   4934475.29
        7.52     1.000000     55857348   5242880.00
        7.55     1.000000     55857351   5592405.33
        7.55     1.000000     55857351   5991862.86
        7.55     1.000000     55857351   6452775.39
        7.55     1.000000     55857351   6990506.67
        7.55     1.000000     55857351   7626007.28
        7.58     1.000000     55857352   8388608.00
        7.58     1.000000     55857352   8830113.68
        7.62     1.000000     55857353   9320675.55
        7.62     1.000000     55857353   9868950.59
        7.62     1.000000     55857353  10485760.00
        7.65     1.000000     55857357  11184810.67
        7.65     1.000000     55857357  11983725.71
        7.65     1.000000     55857357  12905550.76
        7.65     1.000000     55857357  13981013.34
        7.65     1.000000     55857357  15252014.55
        7.65     1.000000     55857357  16777216.00
        7.65     1.000000     55857357  17660227.38
        7.65     1.000000     55857357  18641351.10
        7.65     1.000000     55857357  19737901.19
        7.65     1.000000     55857357  20971519.98
        7.65     1.000000     55857357  22369621.33
        7.65     1.000000     55857357  23967451.45
        7.65     1.000000     55857357  25811101.52
        7.65     1.000000     55857357  27962026.68
        7.65     1.000000     55857357  30504029.05
        7.65     1.000000     55857357  33554432.00
        7.65     1.000000     55857357  35320454.76
        7.65     1.000000     55857357  37282702.28
        7.65     1.000000     55857357  39475802.28
        7.65     1.000000     55857357  41943039.96
        7.65     1.000000     55857357  44739242.67
        7.65     1.000000     55857357  47934902.91
        7.65     1.000000     55857357  51622203.20
        7.81     1.000000     55857358  55924053.19
        7.81     1.000000     55857358          inf
#[Mean    =        2.576, StdDeviation   =        0.688]
#[Max     =        7.807, Total count    =     55857358]
#[Buckets =           20, SubBuckets     =          256]
