latency|latest
calls
2
histogram_usec
4
1
8
2
latency|histogram
calls
1
histogram_usec
132
1
info
calls
23
histogram_usec
33
21
264
23
dbsize
calls
1
histogram_usec
2
1
set
calls
16907933
histogram_usec
1
13129857
2
16710316
4
16895344
8
16905596
16
16907498
33
16907902
66
16907921
132
16907924
264
16907927
528
16907933
get
calls
16907880
histogram_usec
1
12605208
2
16793960
4
16902136
8
16906798
16
16907450
33
16907854
66
16907867
132
16907869
264
16907873
528
16907878
1056
16907880
bgsave
calls
2
histogram_usec
135266
1
270532
2
ping
calls
1
histogram_usec
8
1
