       Value   Percentile   TotalCount 1/(1-Percentile)

        0.02     0.000000         1213         1.00
        0.47     0.050000       709182         1.05
        0.72     0.100000      1412594         1.11
        0.78     0.150000      2278780         1.18
        0.80     0.200000      3045896         1.25
        0.81     0.250000      3579579         1.33
        0.82     0.300000      4895582         1.43
        0.83     0.350000      5658518         1.54
        0.83     0.400000      5658518         1.67
        0.84     0.450000      6458968         1.82
        0.85     0.500000      7267289         2.00
        0.85     0.525000      8056834         2.11
        0.85     0.550000      8056834         2.22
        0.86     0.575000      8803815         2.35
        0.86     0.600000      8803815         2.50
        0.86     0.625000      8803815         2.67
        0.87     0.650000      9495026         2.86
        0.88     0.675000     10122633         3.08
        0.88     0.700000     10122633         3.33
        0.89     0.725000     10682636         3.64
        0.89     0.750000     10682636         4.00
        0.90     0.762500     11175747         4.21
        0.90     0.775000     11175747         4.44
        0.90     0.787500     11175747         4.71
        0.90     0.800000     11602741         5.00
        0.90     0.812500     11602741         5.33
        0.91     0.825000     11965895         5.71
        0.91     0.837500     11965895         6.15
        0.92     0.850000     12271468         6.67
        0.92     0.862500     12271468         7.27
        0.93     0.875000     12522986         8.00
        0.93     0.881250     12522986         8.42
        0.93     0.887500     12522986         8.89
        0.94     0.893750     12727386         9.41
        0.94     0.900000     12727386        10.00
        0.94     0.906250     12893505        10.67
        0.94     0.912500     12893505        11.43
        0.95     0.918750     13023172        12.31
        0.96     0.925000     13123400        13.33
        0.96     0.931250     13123400        14.55
        0.97     0.937500     13262400        16.00
        0.97     0.940625     13262400        16.84
        0.98     0.943750     13307796        17.78
        0.99     0.946875     13343330        18.82
        1.01     0.950000     13392626        20.00
        1.03     0.953125     13435082        21.33
        1.06     0.956250     13471629        22.86
        1.12     0.959375     13515909        24.62
        1.18     0.962500     13563677        26.67
        1.22     0.965625     13605100        29.09
        1.25     0.968750     13645517        32.00
        1.29     0.970313     13672220        33.68
        1.31     0.971875     13688386        35.56
        1.36     0.973437     13712702        37.65
        1.44     0.975000     13732385        40.00
        1.55     0.976562     13756679        42.67
        1.59     0.978125     13780038        45.71
        1.61     0.979688     13802023        49.23
        1.64     0.981250     13830409        53.33
        1.66     0.982812     13852021        58.18
        1.67     0.984375     13875325        64.00
        1.68     0.985156     13887259        67.37
        1.68     0.985938     13887259        71.11
        1.69     0.986719     13899059        75.29
        1.70     0.987500     13910885        80.00
        1.70     0.988281     13922360        85.33
        1.71     0.989062     13933368        91.43
        1.72     0.989844     13944383        98.46
        1.73     0.990625     13954855       106.67
        1.74     0.991406     13964596       116.36
        1.75     0.992188     13982630       128.00
        1.75     0.992578     13982630       134.74
        1.76     0.992969     13990739       142.22
        1.77     0.993359     13998339       150.59
        1.77     0.993750     13998339       160.00
        1.77     0.994141     14005104       170.67
        1.78     0.994531     14011689       182.86
        1.79     0.994922     14017840       196.92
        1.80     0.995313     14023472       213.33
        1.81     0.995703     14028601       232.73
        1.81     0.996094     14033148       256.00
        1.81     0.996289     14033148       269.47
        1.82     0.996484     14037419       284.44
        1.83     0.996680     14041268       301.18
        1.83     0.996875     14041268       320.00
        1.84     0.997070     14044664       341.33
        1.85     0.997266     14047706       365.71
        1.85     0.997461     14050318       393.85
        1.86     0.997656     14052539       426.67
        1.87     0.997852     14054465       465.45
        1.89     0.998047     14057357       512.00
        1.90     0.998145     14058410       538.95
        1.91     0.998242     14059984       568.89
        1.93     0.998340     14061063       602.35
        1.96     0.998437     14062642       640.00
        1.98     0.998535     14064316       682.67
        1.99     0.998633     14065255       731.43
        2.01     0.998730     14067179       787.69
        2.02     0.998828     14068058       853.33
        2.03     0.998926     14070144       930.91
        2.04     0.999023     14071216      1024.00
        2.05     0.999072     14072379      1077.89
        2.05     0.999121     14072379      1137.78
        2.06     0.999170     14074740      1204.71
        2.06     0.999219     14074740      1280.00
        2.06     0.999268     14074740      1365.33
        2.08     0.999316     14077154      1462.86
        2.08     0.999365     14077154      1575.38
        2.08     0.999414     14077154      1706.67
        2.08     0.999463     14077154      1861.82
        2.10     0.999512     14078588      2048.00
        2.10     0.999536     14078588      2155.79
        2.10     0.999561     14078588      2275.56
        2.10     0.999585     14078588      2409.41
        2.11     0.999609     14079831      2560.00
        2.11     0.999634     14079831      2730.67
        2.11     0.999658     14079831      2925.71
        2.13     0.999683     14080671      3150.77
        2.13     0.999707     14080671      3413.33
        2.13     0.999731     14080671      3723.64
        2.14     0.999756     14081247      4096.00
        2.14     0.999768     14081247      4311.58
        2.16     0.999780     14081506      4551.11
        2.16     0.999792     14081506      4818.82
        2.19     0.999805     14081739      5120.00
        2.24     0.999817     14081882      5461.33
        2.30     0.999829     14082020      5851.43
        2.38     0.999841     14082239      6301.54
        2.42     0.999854     14082386      6826.67
        2.45     0.999866     14082547      7447.27
        2.50     0.999878     14082729      8192.00
        2.53     0.999884     14082843      8623.16
        2.56     0.999890     14082907      9102.22
        2.61     0.999896     14082973      9637.65
        2.72     0.999902     14083061     10240.00
        2.78     0.999908     14083149     10922.67
        2.81     0.999915     14083238     11702.86
        2.85     0.999921     14083350     12603.08
        2.86     0.999927     14083407     13653.33
        2.90     0.999933     14083538     14894.55
        2.91     0.999939     14083596     16384.00
        2.93     0.999942     14083678     17246.32
        2.93     0.999945     14083678     18204.44
        2.94     0.999948     14083772     19275.29
        2.94     0.999951     14083772     20480.00
        2.96     0.999954     14083824     21845.33
        2.98     0.999957     14083880     23405.71
        2.98     0.999960     14083880     25206.15
        2.99     0.999963     14083928     27306.67
        3.01     0.999966     14083972     29789.09
        3.02     0.999969     14084010     32768.00
        3.04     0.999971     14084033     34492.63
        3.06     0.999973     14084048     36408.89
        3.09     0.999974     14084070     38550.59
        3.28     0.999976     14084085     40960.00
        3.57     0.999977     14084106     43690.67
        4.89     0.999979     14084156     46811.43
        4.89     0.999980     14084156     50412.31
        4.93     0.999982     14084205     54613.33
        4.93     0.999983     14084205     59578.18
        4.96     0.999985     14084224     65536.00
        4.96     0.999986     14084224     68985.26
        5.25     0.999986     14084281     72817.78
        5.25     0.999987     14084281     77101.18
        5.25     0.999988     14084281     81920.00
        5.25     0.999989     14084281     87381.33
        5.25     0.999989     14084281     93622.86
        5.82     0.999990     14084289    100824.62
        8.64     0.999991     14084304    109226.67
        8.89     0.999992     14084326    119156.36
        8.89     0.999992     14084326    131072.00
        8.89     0.999993     14084326    137970.53
       23.68     0.999993     14084354    145635.56
       23.68     0.999994     14084354    154202.35
       23.68     0.999994     14084354    163840.00
       23.68     0.999994     14084354    174762.67
       23.68     0.999995     14084354    187245.71
       23.81     0.999995     14084378    201649.23
       23.81     0.999995     14084378    218453.33
       23.81     0.999996     14084378    238312.73
       23.81     0.999996     14084378    262144.00
       23.81     0.999996     14084378    275941.05
       24.06     0.999997     14084380    291271.11
       24.57     0.999997     14084382    308404.71
       38.66     0.999997     14084413    327680.00
       38.66     0.999997     14084413    349525.33
       38.66     0.999997     14084413    374491.43
       38.66     0.999998     14084413    403298.46
       38.66     0.999998     14084413    436906.67
       38.66     0.999998     14084413    476625.45
       38.66     0.999998     14084413    524288.00
       38.66     0.999998     14084413    551882.11
       38.66     0.999998     14084413    582542.22
       38.66     0.999998     14084413    616809.41
       38.66     0.999998     14084413    655360.00
       38.66     0.999999     14084413    699050.67
       38.66     0.999999     14084413    748982.86
       38.66     0.999999     14084413    806596.92
       38.66     0.999999     14084413    873813.33
       38.66     0.999999     14084413    953250.91
       38.91     0.999999     14084425   1048576.00
       38.91     0.999999     14084425   1103764.21
       38.91     0.999999     14084425   1165084.44
       38.91     0.999999     14084425   1233618.82
       38.91     0.999999     14084425   1310720.00
       38.91     0.999999     14084425   1398101.33
       38.91     0.999999     14084425   1497965.71
       38.91     0.999999     14084425   1613193.85
       38.91     0.999999     14084425   1747626.67
       38.91     0.999999     14084425   1906501.82
       38.91     1.000000     14084425   2097152.00
       38.91     1.000000     14084425   2207528.42
       38.91     1.000000     14084425   2330168.89
       38.91     1.000000     14084425   2467237.65
       38.91     1.000000     14084425   2621440.00
       38.91     1.000000     14084425   2796202.67
       38.91     1.000000     14084425   2995931.43
       38.91     1.000000     14084425   3226387.69
       38.91     1.000000     14084425   3495253.33
       38.91     1.000000     14084425   3813003.64
       38.91     1.000000     14084425   4194304.00
       38.91     1.000000     14084425   4415056.84
       38.91     1.000000     14084425   4660337.78
       38.91     1.000000     14084425   4934475.29
       38.91     1.000000     14084425   5242880.00
       38.91     1.000000     14084425   5592405.33
       38.91     1.000000     14084425   5991862.86
       38.91     1.000000     14084425   6452775.39
       38.91     1.000000     14084425   6990506.67
       39.68     1.000000     14084426   7626007.28
       39.68     1.000000     14084426   8388608.00
       39.68     1.000000     14084426   8830113.68
       39.68     1.000000     14084426   9320675.55
       39.68     1.000000     14084426   9868950.59
       39.68     1.000000     14084426  10485760.00
       39.68     1.000000     14084426  11184810.67
       39.68     1.000000     14084426  11983725.71
       39.68     1.000000     14084426  12905550.76
       39.68     1.000000     14084426  13981013.34
       62.46     1.000000     14084427  15252014.55
       62.46     1.000000     14084427          inf
#[Mean    =        0.839, StdDeviation   =        0.232]
#[Max     =       62.463, Total count    =     14084427]
#[Buckets =           20, SubBuckets     =          256]
