       Value   Percentile   TotalCount 1/(1-Percentile)

        0.02     0.000000        12676         1.00
        0.34     0.050000      1299342         1.05
        0.58     0.100000      2603984         1.11
        0.67     0.150000      4164562         1.18
        0.69     0.200000      6084687         1.25
        0.69     0.250000      7459679         1.33
        0.70     0.300000      9129236         1.43
        0.70     0.350000      9129236         1.54
        0.71     0.400000     11165652         1.67
        0.72     0.450000     13584280         1.82
        0.72     0.500000     13584280         2.00
        0.72     0.525000     13584280         2.11
        0.73     0.550000     16454932         2.22
        0.73     0.575000     16454932         2.35
        0.73     0.600000     16454932         2.50
        0.73     0.625000     16454932         2.67
        0.73     0.650000     19536530         2.86
        0.73     0.675000     19536530         3.08
        0.73     0.700000     19536530         3.33
        0.73     0.725000     19536530         3.64
        0.73     0.750000     19536530         4.00
        0.74     0.762500     21974792         4.21
        0.74     0.775000     21974792         4.44
        0.74     0.787500     21974792         4.71
        0.74     0.800000     21974792         5.00
        0.74     0.812500     21974792         5.33
        0.74     0.825000     21974792         5.71
        0.74     0.837500     21974792         6.15
        0.74     0.850000     21974792         6.67
        0.75     0.862500     23315160         7.27
        0.75     0.875000     23315160         8.00
        0.75     0.881250     23315160         8.42
        0.75     0.887500     23315160         8.89
        0.75     0.893750     23315160         9.41
        0.75     0.900000     23315160        10.00
        0.75     0.906250     23315160        10.67
        0.76     0.912500     23894378        11.43
        0.76     0.918750     23894378        12.31
        0.76     0.925000     23894378        13.33
        0.76     0.931250     23894378        14.55
        0.77     0.937500     24140868        16.00
        0.77     0.940625     24140868        16.84
        0.78     0.943750     24262806        17.78
        0.78     0.946875     24340870        18.82
        0.79     0.950000     24399697        20.00
        0.80     0.953125     24448527        21.33
        0.81     0.956250     24522367        22.86
        0.84     0.959375     24618484        24.62
        0.85     0.962500     24687499        26.67
        0.88     0.965625     24759112        29.09
        0.93     0.968750     24851036        32.00
        0.94     0.970313     24888063        33.68
        0.96     0.971875     24924659        35.56
        0.97     0.973437     24957890        37.65
        1.00     0.975000     24999315        40.00
        1.05     0.976562     25039101        42.67
        1.18     0.978125     25076936        45.71
        1.31     0.979688     25120527        49.23
        1.35     0.981250     25166272        53.33
        1.38     0.982812     25209909        58.18
        1.39     0.984375     25245498        64.00
        1.40     0.985156     25265494        67.37
        1.41     0.985938     25287231        71.11
        1.42     0.986719     25310715        75.29
        1.42     0.987500     25335922        80.00
        1.43     0.988281     25362644        85.33
        1.43     0.989062     25362644        91.43
        1.44     0.989844     25391410        98.46
        1.45     0.990625     25421785       106.67
        1.45     0.991406     25421785       116.36
        1.46     0.992188     25453980       128.00
        1.46     0.992578     25453980       134.74
        1.46     0.992969     25487763       142.22
        1.46     0.993359     25487763       150.59
        1.46     0.993750     25487763       160.00
        1.46     0.994141     25487763       170.67
        1.47     0.994531     25521000       182.86
        1.47     0.994922     25521000       196.92
        1.47     0.995313     25521000       213.33
        1.48     0.995703     25551146       232.73
        1.48     0.996094     25551146       256.00
        1.48     0.996289     25551146       269.47
        1.48     0.996484     25551146       284.44
        1.49     0.996680     25576096       301.18
        1.49     0.996875     25576096       320.00
        1.49     0.997070     25576096       341.33
        1.49     0.997266     25576096       365.71
        1.49     0.997461     25576096       393.85
        1.50     0.997656     25594863       426.67
        1.50     0.997852     25594863       465.45
        1.50     0.998047     25594863       512.00
        1.50     0.998145     25594863       538.95
        1.50     0.998242     25594863       568.89
        1.50     0.998340     25607737       602.35
        1.50     0.998437     25607737       640.00
        1.50     0.998535     25607737       682.67
        1.50     0.998633     25607737       731.43
        1.50     0.998730     25607737       787.69
        1.50     0.998828     25607737       853.33
        1.51     0.998926     25616197       930.91
        1.51     0.999023     25616197      1024.00
        1.51     0.999072     25616197      1077.89
        1.51     0.999121     25616197      1137.78
        1.51     0.999170     25616197      1204.71
        1.52     0.999219     25621395      1280.00
        1.52     0.999268     25621395      1365.33
        1.52     0.999316     25621395      1462.86
        1.52     0.999365     25621395      1575.38
        1.53     0.999414     25624766      1706.67
        1.53     0.999463     25624766      1861.82
        1.53     0.999512     25627003      2048.00
        1.53     0.999536     25627003      2155.79
        1.53     0.999561     25627003      2275.56
        1.53     0.999585     25627003      2409.41
        1.54     0.999609     25628650      2560.00
        1.54     0.999634     25628650      2730.67
        1.55     0.999658     25629937      2925.71
        1.55     0.999683     25629937      3150.77
        1.56     0.999707     25630993      3413.33
        1.56     0.999731     25630993      3723.64
        1.57     0.999756     25631899      4096.00
        1.57     0.999768     25631899      4311.58
        1.57     0.999780     25631899      4551.11
        1.57     0.999792     25632685      4818.82
        1.57     0.999805     25632685      5120.00
        1.58     0.999817     25633341      5461.33
        1.58     0.999829     25633341      5851.43
        1.59     0.999841     25633972      6301.54
        1.59     0.999854     25633972      6826.67
        1.60     0.999866     25634510      7447.27
        1.60     0.999878     25634510      8192.00
        1.60     0.999884     25634510      8623.16
        1.61     0.999890     25634964      9102.22
        1.61     0.999896     25634964      9637.65
        1.61     0.999902     25634964     10240.00
        1.61     0.999908     25635353     10922.67
        1.61     0.999915     25635353     11702.86
        1.62     0.999921     25635624     12603.08
        1.62     0.999927     25635624     13653.33
        1.63     0.999933     25635831     14894.55
        1.64     0.999939     25635971     16384.00
        1.64     0.999942     25635971     17246.32
        1.65     0.999945     25636067     18204.44
        1.66     0.999948     25636149     19275.29
        1.67     0.999951     25636244     20480.00
        1.69     0.999954     25636315     21845.33
        1.70     0.999957     25636365     23405.71
        1.74     0.999960     25636450     25206.15
        1.77     0.999963     25636521     27306.67
        1.81     0.999966     25636602     29789.09
        1.87     0.999969     25636669     32768.00
        1.92     0.999971     25636715     34492.63
        1.95     0.999973     25636747     36408.89
        1.98     0.999974     25636787     38550.59
        2.02     0.999976     25636833     40960.00
        2.05     0.999977     25636865     43690.67
        2.08     0.999979     25636909     46811.43
        2.11     0.999980     25636959     50412.31
        2.13     0.999982     25636984     54613.33
        2.16     0.999983     25637036     59578.18
        2.17     0.999985     25637071     65536.00
        2.19     0.999986     25637098     68985.26
        2.21     0.999986     25637117     72817.78
        2.22     0.999987     25637134     77101.18
        2.24     0.999988     25637151     81920.00
        2.25     0.999989     25637163     87381.33
        2.29     0.999989     25637188     93622.86
        2.30     0.999990     25637202    100824.62
        2.33     0.999991     25637217    109226.67
        2.40     0.999992     25637236    119156.36
        2.59     0.999992     25637257    131072.00
        2.65     0.999993     25637269    137970.53
        2.69     0.999993     25637275    145635.56
        2.75     0.999994     25637286    154202.35
        3.34     0.999994     25637305    163840.00
        3.34     0.999994     25637305    174762.67
        3.36     0.999995     25637346    187245.71
        3.36     0.999995     25637346    201649.23
        3.36     0.999995     25637346    218453.33
        3.36     0.999996     25637346    238312.73
        3.57     0.999996     25637356    262144.00
        3.81     0.999996     25637359    275941.05
        4.08     0.999997     25637364    291271.11
        4.77     0.999997     25637443    308404.71
        4.77     0.999997     25637443    327680.00
        4.77     0.999997     25637443    349525.33
        4.77     0.999997     25637443    374491.43
        4.77     0.999998     25637443    403298.46
        4.77     0.999998     25637443    436906.67
        4.77     0.999998     25637443    476625.45
        4.77     0.999998     25637443    524288.00
        4.77     0.999998     25637443    551882.11
        4.77     0.999998     25637443    582542.22
        4.77     0.999998     25637443    616809.41
        4.77     0.999998     25637443    655360.00
        4.77     0.999999     25637443    699050.67
        4.77     0.999999     25637443    748982.86
        4.77     0.999999     25637443    806596.92
        4.77     0.999999     25637443    873813.33
        4.77     0.999999     25637443    953250.91
        4.77     0.999999     25637443   1048576.00
        4.77     0.999999     25637443   1103764.21
        4.77     0.999999     25637443   1165084.44
        4.77     0.999999     25637443   1233618.82
        4.77     0.999999     25637443   1310720.00
        4.77     0.999999     25637443   1398101.33
        4.77     0.999999     25637443   1497965.71
        4.77     0.999999     25637443   1613193.85
        4.77     0.999999     25637443   1747626.67
        4.77     0.999999     25637443   1906501.82
        4.77     1.000000     25637443   2097152.00
        4.77     1.000000     25637443   2207528.42
        4.77     1.000000     25637443   2330168.89
        4.77     1.000000     25637443   2467237.65
        4.77     1.000000     25637443   2621440.00
        4.77     1.000000     25637443   2796202.67
        4.77     1.000000     25637443   2995931.43
        4.80     1.000000     25637448   3226387.69
        4.80     1.000000     25637448   3495253.33
        4.80     1.000000     25637448   3813003.64
        4.80     1.000000     25637448   4194304.00
        4.80     1.000000     25637448   4415056.84
        4.80     1.000000     25637448   4660337.78
        4.80     1.000000     25637448   4934475.29
        4.80     1.000000     25637448   5242880.00
        4.80     1.000000     25637448   5592405.33
        4.80     1.000000     25637448   5991862.86
        4.80     1.000000     25637448   6452775.39
        4.80     1.000000     25637448   6990506.67
        4.80     1.000000     25637448   7626007.28
        4.80     1.000000     25637448   8388608.00
        5.50     1.000000     25637451   8830113.68
        5.50     1.000000     25637451          inf
#[Mean    =        0.697, StdDeviation   =        0.174]
#[Max     =        5.503, Total count    =     25637451]
#[Buckets =           20, SubBuckets     =          256]
