       Value   Percentile   TotalCount 1/(1-Percentile)

        0.02     0.000000          757         1.00
        0.48     0.050000       714585         1.05
        0.73     0.100000      1439390         1.11
        0.78     0.150000      2327570         1.18
        0.80     0.200000      3140429         1.25
        0.81     0.250000      3691667         1.33
        0.81     0.300000      4331539         1.43
        0.82     0.350000      5054572         1.54
        0.83     0.400000      5836641         1.67
        0.84     0.450000      6645247         1.82
        0.85     0.500000      7453071         2.00
        0.85     0.525000      7453071         2.11
        0.85     0.550000      8244299         2.22
        0.85     0.575000      8244299         2.35
        0.86     0.600000      9000897         2.50
        0.86     0.625000      9000897         2.67
        0.87     0.650000      9693156         2.86
        0.87     0.675000      9693156         3.08
        0.88     0.700000     10319950         3.33
        0.88     0.725000     10319950         3.64
        0.89     0.750000     10868182         4.00
        0.89     0.762500     10868182         4.21
        0.90     0.775000     11339343         4.44
        0.90     0.787500     11339343         4.71
        0.90     0.800000     11339343         5.00
        0.90     0.812500     11743304         5.33
        0.90     0.825000     11743304         5.71
        0.91     0.837500     12084999         6.15
        0.91     0.850000     12084999         6.67
        0.92     0.862500     12365696         7.27
        0.92     0.875000     12365696         8.00
        0.93     0.881250     12599521         8.42
        0.93     0.887500     12599521         8.89
        0.93     0.893750     12599521         9.41
        0.94     0.900000     12790217        10.00
        0.94     0.906250     12790217        10.67
        0.94     0.912500     12939655        11.43
        0.95     0.918750     13055743        12.31
        0.95     0.925000     13055743        13.33
        0.96     0.931250     13147857        14.55
        0.97     0.937500     13218861        16.00
        0.97     0.940625     13272724        16.84
        0.98     0.943750     13313136        17.78
        0.99     0.946875     13344393        18.82
        1.01     0.950000     13387953        20.00
        1.03     0.953125     13427621        21.33
        1.08     0.956250     13475403        22.86
        1.14     0.959375     13518219        24.62
        1.18     0.962500     13563780        26.67
        1.22     0.965625     13609038        29.09
        1.26     0.968750     13651309        32.00
        1.29     0.970313     13672849        33.68
        1.31     0.971875     13690702        35.56
        1.35     0.973437     13713722        37.65
        1.42     0.975000     13735686        40.00
        1.53     0.976562     13757692        42.67
        1.58     0.978125     13782401        45.71
        1.61     0.979688     13803180        49.23
        1.63     0.981250     13830827        53.33
        1.65     0.982812     13852067        58.18
        1.66     0.984375     13875140        64.00
        1.67     0.985156     13887065        67.37
        1.68     0.985938     13899002        71.11
        1.69     0.986719     13910804        75.29
        1.69     0.987500     13910804        80.00
        1.70     0.988281     13922452        85.33
        1.70     0.989062     13933817        91.43
        1.71     0.989844     13944731        98.46
        1.72     0.990625     13955281       106.67
        1.74     0.991406     13974490       116.36
        1.74     0.992188     13983284       128.00
        1.74     0.992578     13983284       134.74
        1.75     0.992969     13991510       142.22
        1.76     0.993359     13999259       150.59
        1.76     0.993750     13999259       160.00
        1.77     0.994141     14006396       170.67
        1.77     0.994531     14013063       182.86
        1.78     0.994922     14019293       196.92
        1.79     0.995313     14024910       213.33
        1.80     0.995703     14030132       232.73
        1.81     0.996094     14034961       256.00
        1.81     0.996289     14034961       269.47
        1.81     0.996484     14039327       284.44
        1.82     0.996680     14043250       301.18
        1.82     0.996875     14043250       320.00
        1.83     0.997070     14046775       341.33
        1.84     0.997266     14049789       365.71
        1.85     0.997461     14052361       393.85
        1.85     0.997656     14054723       426.67
        1.86     0.997852     14056600       465.45
        1.88     0.998047     14059659       512.00
        1.89     0.998145     14060850       538.95
        1.90     0.998242     14061746       568.89
        1.91     0.998340     14063105       602.35
        1.94     0.998437     14064345       640.00
        1.97     0.998535     14065891       682.67
        1.98     0.998633     14067126       731.43
        2.00     0.998730     14069105       787.69
        2.01     0.998828     14070244       853.33
        2.02     0.998926     14071562       930.91
        2.02     0.999023     14072700      1024.00
        2.03     0.999072     14073958      1077.89
        2.04     0.999121     14075173      1137.78
        2.04     0.999170     14075173      1204.71
        2.05     0.999219     14076195      1280.00
        2.05     0.999268     14076195      1365.33
        2.06     0.999316     14078078      1462.86
        2.06     0.999365     14078078      1575.38
        2.08     0.999414     14079930      1706.67
        2.08     0.999463     14079930      1861.82
        2.08     0.999512     14079930      2048.00
        2.08     0.999536     14079930      2155.79
        2.10     0.999561     14081472      2275.56
        2.10     0.999585     14081472      2409.41
        2.10     0.999609     14081472      2560.00
        2.10     0.999634     14081472      2730.67
        2.11     0.999658     14082706      2925.71
        2.11     0.999683     14082706      3150.77
        2.11     0.999707     14082706      3413.33
        2.11     0.999731     14082706      3723.64
        2.13     0.999756     14083401      4096.00
        2.13     0.999768     14083401      4311.58
        2.13     0.999780     14083401      4551.11
        2.14     0.999792     14083792      4818.82
        2.14     0.999805     14083792      5120.00
        2.14     0.999817     14083792      5461.33
        2.17     0.999829     14084017      5851.43
        2.21     0.999841     14084109      6301.54
        2.30     0.999854     14084282      6826.67
        2.38     0.999866     14084452      7447.27
        2.43     0.999878     14084637      8192.00
        2.46     0.999884     14084788      8623.16
        2.48     0.999890     14084865      9102.22
        2.50     0.999896     14084941      9637.65
        2.51     0.999902     14084983     10240.00
        2.56     0.999908     14085079     10922.67
        2.64     0.999915     14085149     11702.86
        2.77     0.999921     14085236     12603.08
        2.81     0.999927     14085340     13653.33
        2.85     0.999933     14085473     14894.55
        2.86     0.999939     14085552     16384.00
        2.86     0.999942     14085552     17246.32
        2.88     0.999945     14085625     18204.44
        2.88     0.999948     14085625     19275.29
        2.90     0.999951     14085712     20480.00
        2.90     0.999954     14085712     21845.33
        2.91     0.999957     14085795     23405.71
        2.91     0.999960     14085795     25206.15
        2.93     0.999963     14085878     27306.67
        2.93     0.999966     14085878     29789.09
        2.94     0.999969     14085963     32768.00
        2.94     0.999971     14085963     34492.63
        2.94     0.999973     14085963     36408.89
        2.96     0.999974     14086039     38550.59
        2.96     0.999976     14086039     40960.00
        2.96     0.999977     14086039     43690.67
        2.98     0.999979     14086085     46811.43
        2.98     0.999980     14086085     50412.31
        2.98     0.999982     14086085     54613.33
        2.99     0.999983     14086135     59578.18
        2.99     0.999985     14086135     65536.00
        3.01     0.999986     14086167     68985.26
        3.01     0.999986     14086167     72817.78
        3.01     0.999987     14086167     77101.18
        3.02     0.999988     14086198     81920.00
        3.02     0.999989     14086198     87381.33
        3.02     0.999989     14086198     93622.86
        3.04     0.999990     14086217    100824.62
        3.04     0.999991     14086217    109226.67
        3.06     0.999992     14086225    119156.36
        3.10     0.999992     14086235    131072.00
        3.87     0.999993     14086240    137970.53
       10.43     0.999993     14086265    145635.56
       10.43     0.999994     14086265    154202.35
       10.43     0.999994     14086265    163840.00
       10.43     0.999994     14086265    174762.67
       10.49     0.999995     14086286    187245.71
       10.49     0.999995     14086286    201649.23
       10.49     0.999995     14086286    218453.33
       10.49     0.999996     14086286    238312.73
       53.76     0.999996     14086295    262144.00
       53.76     0.999996     14086295    275941.05
       53.76     0.999997     14086295    291271.11
       54.02     0.999997     14086339    308404.71
       54.02     0.999997     14086339    327680.00
       54.02     0.999997     14086339    349525.33
       54.02     0.999997     14086339    374491.43
       54.02     0.999998     14086339    403298.46
       54.02     0.999998     14086339    436906.67
       54.02     0.999998     14086339    476625.45
       54.02     0.999998     14086339    524288.00
       54.02     0.999998     14086339    551882.11
       54.02     0.999998     14086339    582542.22
       54.02     0.999998     14086339    616809.41
       54.02     0.999998     14086339    655360.00
       54.02     0.999999     14086339    699050.67
       54.02     0.999999     14086339    748982.86
       54.02     0.999999     14086339    806596.92
       54.02     0.999999     14086339    873813.33
       54.02     0.999999     14086339    953250.91
       54.02     0.999999     14086339   1048576.00
       54.02     0.999999     14086339   1103764.21
       54.02     0.999999     14086339   1165084.44
       54.02     0.999999     14086339   1233618.82
       54.02     0.999999     14086339   1310720.00
       54.02     0.999999     14086339   1398101.33
       54.02     0.999999     14086339   1497965.71
       54.02     0.999999     14086339   1613193.85
       54.02     0.999999     14086339   1747626.67
       54.02     0.999999     14086339   1906501.82
       54.02     1.000000     14086339   2097152.00
       54.02     1.000000     14086339   2207528.42
       54.02     1.000000     14086339   2330168.89
       54.02     1.000000     14086339   2467237.65
       54.02     1.000000     14086339   2621440.00
       54.02     1.000000     14086339   2796202.67
       54.02     1.000000     14086339   2995931.43
       54.02     1.000000     14086339   3226387.69
       54.02     1.000000     14086339   3495253.33
       54.02     1.000000     14086339   3813003.64
       54.02     1.000000     14086339   4194304.00
       54.02     1.000000     14086339   4415056.84
       54.02     1.000000     14086339   4660337.78
       54.78     1.000000     14086340   4934475.29
       54.78     1.000000     14086340   5242880.00
       54.78     1.000000     14086340   5592405.33
       54.78     1.000000     14086340   5991862.86
       54.78     1.000000     14086340   6452775.39
       54.78     1.000000     14086340   6990506.67
       64.25     1.000000     14086342   7626007.28
       64.25     1.000000     14086342          inf
#[Mean    =        0.838, StdDeviation   =        0.240]
#[Max     =       64.255, Total count    =     14086342]
#[Buckets =           20, SubBuckets     =          256]
