       Value   Percentile   TotalCount 1/(1-Percentile)

        0.02     0.000000         4133         1.00
        0.34     0.050000       871566         1.05
        0.60     0.100000      1728528         1.11
        0.69     0.150000      2605790         1.18
        0.71     0.200000      3436976         1.25
        0.73     0.250000      4779158         1.33
        0.73     0.300000      5651111         1.43
        0.74     0.350000      6678210         1.54
        0.75     0.400000      7875243         1.67
        0.75     0.450000      7875243         1.82
        0.76     0.500000      9251150         2.00
        0.76     0.525000      9251150         2.11
        0.77     0.550000     10763205         2.22
        0.77     0.575000     10763205         2.35
        0.77     0.600000     10763205         2.50
        0.77     0.625000     10763205         2.67
        0.78     0.650000     12185576         2.86
        0.78     0.675000     12185576         3.08
        0.78     0.700000     12185576         3.33
        0.78     0.725000     13278518         3.64
        0.78     0.750000     13278518         4.00
        0.78     0.762500     13278518         4.21
        0.78     0.775000     13278518         4.44
        0.79     0.787500     13954648         4.71
        0.79     0.800000     13954648         5.00
        0.79     0.812500     13954648         5.33
        0.79     0.825000     13954648         5.71
        0.80     0.837500     14332589         6.15
        0.81     0.850000     14542378         6.67
        0.81     0.862500     14678796         7.27
        0.82     0.875000     14794880         8.00
        0.83     0.881250     14909891         8.42
        0.84     0.887500     15031119         8.89
        0.85     0.893750     15158447         9.41
        0.85     0.900000     15294279        10.00
        0.86     0.906250     15433543        10.67
        0.86     0.912500     15433543        11.43
        0.87     0.918750     15578145        12.31
        0.88     0.925000     15715247        13.33
        0.89     0.931250     15836477        14.55
        0.90     0.937500     15939011        16.00
        0.90     0.940625     15939011        16.84
        0.90     0.943750     16020865        17.78
        0.90     0.946875     16020865        18.82
        0.91     0.950000     16084122        20.00
        0.92     0.953125     16132113        21.33
        0.93     0.956250     16169594        22.86
        0.94     0.959375     16224285        24.62
        0.97     0.962500     16287446        26.67
        0.99     0.965625     16340941        29.09
        1.01     0.968750     16391042        32.00
        1.02     0.970313     16405835        33.68
        1.04     0.971875     16432274        35.56
        1.06     0.973437     16462549        37.65
        1.09     0.975000     16486047        40.00
        1.17     0.976562     16511366        42.67
        1.26     0.978125     16537457        45.71
        1.37     0.979688     16566077        49.23
        1.41     0.981250     16593505        53.33
        1.43     0.982812     16617919        58.18
        1.46     0.984375     16647123        64.00
        1.46     0.985156     16657964        67.37
        1.47     0.985938     16669642        71.11
        1.49     0.986719     16694652        75.29
        1.50     0.987500     16708676        80.00
        1.50     0.988281     16723546        85.33
        1.50     0.989062     16723546        91.43
        1.51     0.989844     16739810        98.46
        1.52     0.990625     16756739       106.67
        1.53     0.991406     16774162       116.36
        1.53     0.992188     16791384       128.00
        1.53     0.992578     16791384       134.74
        1.53     0.992969     16791384       142.22
        1.54     0.993359     16807219       150.59
        1.54     0.993750     16807219       160.00
        1.55     0.994141     16821257       170.67
        1.55     0.994531     16821257       182.86
        1.56     0.994922     16833236       196.92
        1.56     0.995313     16833236       213.33
        1.57     0.995703     16842860       232.73
        1.57     0.996094     16842860       256.00
        1.57     0.996289     16850607       269.47
        1.57     0.996484     16850607       284.44
        1.58     0.996680     16856333       301.18
        1.58     0.996875     16856333       320.00
        1.59     0.997070     16860802       341.33
        1.60     0.997266     16864139       365.71
        1.61     0.997461     16866666       393.85
        1.61     0.997656     16868667       426.67
        1.63     0.997852     16871973       465.45
        1.65     0.998047     16875000       512.00
        1.66     0.998145     16876418       538.95
        1.66     0.998242     16877885       568.89
        1.67     0.998340     16879340       602.35
        1.69     0.998437     16882181       640.00
        1.70     0.998535     16883678       682.67
        1.70     0.998633     16885147       731.43
        1.71     0.998730     16886598       787.69
        1.72     0.998828     16888122       853.33
        1.73     0.998926     16889698       930.91
        1.74     0.999023     16891316      1024.00
        1.74     0.999072     16892901      1077.89
        1.74     0.999121     16892901      1137.78
        1.75     0.999170     16894398      1204.71
        1.75     0.999219     16894398      1280.00
        1.76     0.999268     16895787      1365.33
        1.76     0.999316     16895787      1462.86
        1.77     0.999365     16897073      1575.38
        1.77     0.999414     16898224      1706.67
        1.77     0.999463     16898224      1861.82
        1.78     0.999512     16899286      2048.00
        1.79     0.999536     16900148      2155.79
        1.79     0.999561     16900148      2275.56
        1.80     0.999585     16900900      2409.41
        1.80     0.999609     16900900      2560.00
        1.81     0.999634     16901583      2730.67
        1.81     0.999658     16901583      2925.71
        1.81     0.999683     16902176      3150.77
        1.82     0.999707     16902635      3413.33
        1.83     0.999731     16903040      3723.64
        1.84     0.999756     16903420      4096.00
        1.84     0.999768     16903420      4311.58
        1.85     0.999780     16903702      4551.11
        1.85     0.999792     16903959      4818.82
        1.85     0.999805     16903959      5120.00
        1.86     0.999817     16904198      5461.33
        1.87     0.999829     16904387      5851.43
        1.88     0.999841     16904581      6301.54
        1.89     0.999854     16904755      6826.67
        1.90     0.999866     16905077      7447.27
        1.91     0.999878     16905220      8192.00
        1.92     0.999884     16905332      8623.16
        1.93     0.999890     16905465      9102.22
        1.94     0.999896     16905566      9637.65
        1.94     0.999902     16905666     10240.00
        1.95     0.999908     16905770     10922.67
        1.96     0.999915     16905835     11702.86
        1.97     0.999921     16905913     12603.08
        1.98     0.999927     16905995     13653.33
        1.99     0.999933     16906118     14894.55
        2.01     0.999939     16906220     16384.00
        2.02     0.999942     16906258     17246.32
        2.03     0.999945     16906315     18204.44
        2.04     0.999948     16906352     19275.29
        2.06     0.999951     16906409     20480.00
        2.10     0.999954     16906463     21845.33
        2.13     0.999957     16906503     23405.71
        2.21     0.999960     16906569     25206.15
        2.25     0.999963     16906610     27306.67
        2.30     0.999966     16906660     29789.09
        2.38     0.999969     16906714     32768.00
        2.43     0.999971     16906738     34492.63
        2.54     0.999973     16906778     36408.89
        2.56     0.999974     16906814     38550.59
        2.56     0.999976     16906814     40960.00
        3.07     0.999977     16906841     43690.67
        3.62     0.999979     16906890     46811.43
        3.62     0.999980     16906890     50412.31
        3.79     0.999982     16906937     54613.33
        3.81     0.999983     16906946     59578.18
        3.84     0.999985     16906968     65536.00
        4.58     0.999986     16906980     68985.26
        4.80     0.999986     16907022     72817.78
        4.80     0.999987     16907022     77101.18
        4.80     0.999988     16907022     81920.00
        4.83     0.999989     16907073     87381.33
        4.83     0.999989     16907073     93622.86
        4.83     0.999990     16907073    100824.62
        4.83     0.999991     16907073    109226.67
       72.70     0.999992     16907092    119156.36
       73.22     0.999992     16907103    131072.00
       73.22     0.999993     16907103    137970.53
       73.73     0.999993     16907118    145635.56
       73.73     0.999994     16907118    154202.35
       74.24     0.999994     16907126    163840.00
       74.75     0.999994     16907131    174762.67
       75.26     0.999995     16907150    187245.71
       75.26     0.999995     16907150    201649.23
       75.26     0.999995     16907150    218453.33
       75.78     0.999996     16907169    238312.73
       75.78     0.999996     16907169    262144.00
       75.78     0.999996     16907169    275941.05
       75.78     0.999997     16907169    291271.11
       79.36     0.999997     16907172    308404.71
      169.98     0.999997     16907221    327680.00
      169.98     0.999997     16907221    349525.33
      169.98     0.999997     16907221    374491.43
      169.98     0.999998     16907221    403298.46
      169.98     0.999998     16907221    436906.67
      169.98     0.999998     16907221    476625.45
      169.98     0.999998     16907221    524288.00
      169.98     0.999998     16907221    551882.11
      169.98     0.999998     16907221    582542.22
      169.98     0.999998     16907221    616809.41
      169.98     0.999998     16907221    655360.00
      169.98     0.999999     16907221    699050.67
      169.98     0.999999     16907221    748982.86
      169.98     0.999999     16907221    806596.92
      169.98     0.999999     16907221    873813.33
      169.98     0.999999     16907221    953250.91
      169.98     0.999999     16907221   1048576.00
      169.98     0.999999     16907221   1103764.21
      169.98     0.999999     16907221   1165084.44
      169.98     0.999999     16907221   1233618.82
      169.98     0.999999     16907221   1310720.00
      169.98     0.999999     16907221   1398101.33
      169.98     0.999999     16907221   1497965.71
      169.98     0.999999     16907221   1613193.85
      169.98     0.999999     16907221   1747626.67
      169.98     0.999999     16907221   1906501.82
      169.98     1.000000     16907221   2097152.00
      169.98     1.000000     16907221   2207528.42
      169.98     1.000000     16907221   2330168.89
      169.98     1.000000     16907221   2467237.65
      169.98     1.000000     16907221   2621440.00
      169.98     1.000000     16907221   2796202.67
      169.98     1.000000     16907221   2995931.43
      169.98     1.000000     16907221   3226387.69
      169.98     1.000000     16907221   3495253.33
      169.98     1.000000     16907221   3813003.64
      169.98     1.000000     16907221   4194304.00
      171.01     1.000000     16907223   4415056.84
      171.01     1.000000     16907223   4660337.78
      171.01     1.000000     16907223   4934475.29
      171.01     1.000000     16907223   5242880.00
      171.01     1.000000     16907223   5592405.33
      171.01     1.000000     16907223   5991862.86
      171.01     1.000000     16907223   6452775.39
      171.01     1.000000     16907223   6990506.67
      171.01     1.000000     16907223   7626007.28
      171.01     1.000000     16907223   8388608.00
      172.03     1.000000     16907225   8830113.68
      172.03     1.000000     16907225          inf
#[Mean    =        0.740, StdDeviation   =        0.394]
#[Max     =      172.031, Total count    =     16907225]
#[Buckets =           20, SubBuckets     =          256]
