       Value   Percentile   TotalCount 1/(1-Percentile)

        0.02     0.000000         3513         1.00
        0.34     0.050000       860211         1.05
        0.60     0.100000      1725189         1.11
        0.69     0.150000      2661396         1.18
        0.71     0.200000      3582664         1.25
        0.72     0.250000      4292699         1.33
        0.73     0.300000      5179471         1.43
        0.73     0.350000      6252449         1.54
        0.74     0.400000      7490837         1.67
        0.75     0.450000      8897636         1.82
        0.75     0.500000      8897636         2.00
        0.75     0.525000      8897636         2.11
        0.76     0.550000     10431953         2.22
        0.76     0.575000     10431953         2.35
        0.76     0.600000     10431953         2.50
        0.77     0.625000     11911476         2.67
        0.77     0.650000     11911476         2.86
        0.77     0.675000     11911476         3.08
        0.77     0.700000     11911476         3.33
        0.78     0.725000     13074522         3.64
        0.78     0.750000     13074522         4.00
        0.78     0.762500     13074522         4.21
        0.78     0.775000     13821499         4.44
        0.78     0.787500     13821499         4.71
        0.78     0.800000     13821499         5.00
        0.78     0.812500     13821499         5.33
        0.79     0.825000     14240434         5.71
        0.79     0.837500     14240434         6.15
        0.80     0.850000     14465721         6.67
        0.81     0.862500     14605445         7.27
        0.82     0.875000     14832841         8.00
        0.83     0.881250     14953576         8.42
        0.84     0.887500     15083131         8.89
        0.85     0.893750     15222362         9.41
        0.85     0.900000     15222362        10.00
        0.85     0.906250     15363288        10.67
        0.86     0.912500     15504039        11.43
        0.87     0.918750     15639996        12.31
        0.87     0.925000     15639996        13.33
        0.88     0.931250     15761931        14.55
        0.89     0.937500     15868313        16.00
        0.90     0.940625     15955927        16.84
        0.90     0.943750     16025680        17.78
        0.90     0.946875     16025680        18.82
        0.91     0.950000     16079792        20.00
        0.92     0.953125     16120802        21.33
        0.94     0.956250     16187313        22.86
        0.95     0.959375     16237323        24.62
        0.97     0.962500     16276091        26.67
        0.99     0.965625     16330809        29.09
        1.01     0.968750     16381074        32.00
        1.03     0.970313     16409670        33.68
        1.05     0.971875     16433551        35.56
        1.07     0.973437     16461094        37.65
        1.11     0.975000     16485177        40.00
        1.20     0.976562     16511663        42.67
        1.29     0.978125     16537697        45.71
        1.38     0.979688     16564501        49.23
        1.42     0.981250     16597035        53.33
        1.44     0.982812     16626376        58.18
        1.46     0.984375     16650354        64.00
        1.46     0.985156     16663776        67.37
        1.47     0.985938     16677804        71.11
        1.48     0.986719     16692424        75.29
        1.49     0.987500     16707825        80.00
        1.50     0.988281     16724221        85.33
        1.50     0.989062     16724221        91.43
        1.50     0.989844     16741364        98.46
        1.51     0.990625     16759516       106.67
        1.52     0.991406     16777779       116.36
        1.52     0.992188     16777779       128.00
        1.53     0.992578     16795497       134.74
        1.53     0.992969     16795497       142.22
        1.53     0.993359     16795497       150.59
        1.53     0.993750     16811698       160.00
        1.53     0.994141     16811698       170.67
        1.54     0.994531     16825317       182.86
        1.54     0.994922     16825317       196.92
        1.55     0.995313     16836281       213.33
        1.55     0.995703     16836281       232.73
        1.56     0.996094     16845073       256.00
        1.56     0.996289     16845073       269.47
        1.57     0.996484     16851960       284.44
        1.57     0.996680     16851960       301.18
        1.57     0.996875     16857131       320.00
        1.58     0.997070     16861002       341.33
        1.59     0.997266     16863937       365.71
        1.60     0.997461     16866194       393.85
        1.61     0.997656     16868023       426.67
        1.62     0.997852     16871255       465.45
        1.65     0.998047     16875792       512.00
        1.66     0.998145     16877353       538.95
        1.66     0.998242     16878864       568.89
        1.67     0.998340     16880428       602.35
        1.68     0.998437     16881976       640.00
        1.69     0.998535     16883568       682.67
        1.70     0.998633     16885147       731.43
        1.70     0.998730     16886822       787.69
        1.71     0.998828     16888375       853.33
        1.72     0.998926     16890019       930.91
        1.73     0.999023     16891587      1024.00
        1.74     0.999072     16893155      1077.89
        1.74     0.999121     16893155      1137.78
        1.74     0.999170     16894528      1204.71
        1.74     0.999219     16894528      1280.00
        1.75     0.999268     16895822      1365.33
        1.75     0.999316     16895822      1462.86
        1.76     0.999365     16897078      1575.38
        1.77     0.999414     16898183      1706.67
        1.77     0.999463     16899205      1861.82
        1.77     0.999512     16899205      2048.00
        1.78     0.999536     16900046      2155.79
        1.78     0.999561     16900046      2275.56
        1.79     0.999585     16900828      2409.41
        1.79     0.999609     16900828      2560.00
        1.80     0.999634     16901457      2730.67
        1.81     0.999658     16902021      2925.71
        1.81     0.999683     16902021      3150.77
        1.81     0.999707     16902509      3413.33
        1.82     0.999731     16902923      3723.64
        1.83     0.999756     16903299      4096.00
        1.84     0.999768     16903616      4311.58
        1.84     0.999780     16903616      4551.11
        1.85     0.999792     16903924      4818.82
        1.85     0.999805     16904191      5120.00
        1.86     0.999817     16904433      5461.33
        1.86     0.999829     16904433      5851.43
        1.87     0.999841     16904643      6301.54
        1.88     0.999854     16904837      6826.67
        1.90     0.999866     16905193      7447.27
        1.90     0.999878     16905331      8192.00
        1.91     0.999884     16905450      8623.16
        1.91     0.999890     16905450      9102.22
        1.92     0.999896     16905567      9637.65
        1.93     0.999902     16905693     10240.00
        1.94     0.999908     16905816     10922.67
        1.94     0.999915     16905924     11702.86
        1.95     0.999921     16906013     12603.08
        1.96     0.999927     16906105     13653.33
        1.97     0.999933     16906202     14894.55
        1.98     0.999939     16906282     16384.00
        1.98     0.999942     16906332     17246.32
        1.99     0.999945     16906379     18204.44
        2.01     0.999948     16906434     19275.29
        2.02     0.999951     16906491     20480.00
        2.04     0.999954     16906526     21845.33
        2.06     0.999957     16906579     23405.71
        2.10     0.999960     16906629     25206.15
        2.14     0.999963     16906696     27306.67
        2.19     0.999966     16906738     29789.09
        2.22     0.999969     16906784     32768.00
        2.24     0.999971     16906812     34492.63
        2.25     0.999973     16906834     36408.89
        2.29     0.999974     16906873     38550.59
        2.30     0.999976     16906887     40960.00
        2.33     0.999977     16906928     43690.67
        2.35     0.999979     16906945     46811.43
        2.38     0.999980     16906974     50412.31
        2.42     0.999982     16906993     54613.33
        2.46     0.999983     16907015     59578.18
        2.54     0.999985     16907043     65536.00
        2.59     0.999986     16907057     68985.26
        2.62     0.999986     16907065     72817.78
        2.67     0.999987     16907082     77101.18
        2.72     0.999988     16907095     81920.00
        2.78     0.999989     16907108     87381.33
        2.85     0.999989     16907117     93622.86
        2.93     0.999990     16907130    100824.62
        3.02     0.999991     16907144    109226.67
       73.73     0.999992     16907169    119156.36
       73.73     0.999992     16907169    131072.00
       74.24     0.999993     16907197    137970.53
       74.24     0.999993     16907197    145635.56
       74.24     0.999994     16907197    154202.35
       74.24     0.999994     16907197    163840.00
       74.75     0.999994     16907220    174762.67
       74.75     0.999995     16907220    187245.71
       74.75     0.999995     16907220    201649.23
       74.75     0.999995     16907220    218453.33
       75.78     0.999996     16907235    238312.73
       75.78     0.999996     16907235    262144.00
       76.29     0.999996     16907245    275941.05
       76.29     0.999997     16907245    291271.11
       76.29     0.999997     16907245    308404.71
       76.80     0.999997     16907248    327680.00
       79.87     0.999997     16907251    349525.33
       81.92     0.999997     16907252    374491.43
      169.98     0.999998     16907272    403298.46
      169.98     0.999998     16907272    436906.67
      169.98     0.999998     16907272    476625.45
      169.98     0.999998     16907272    524288.00
      169.98     0.999998     16907272    551882.11
      169.98     0.999998     16907272    582542.22
      169.98     0.999998     16907272    616809.41
      169.98     0.999998     16907272    655360.00
      171.01     0.999999     16907297    699050.67
      171.01     1.000000     16907297          inf
#[Mean    =        0.737, StdDeviation   =        0.379]
#[Max     =      171.007, Total count    =     16907297]
#[Buckets =           20, SubBuckets     =          256]
