info
calls
23
histogram_usec
33
20
66
21
264
23
get
calls
16907284
histogram_usec
1
13375215
2
16838656
4
16902047
8
16906376
16
16906894
33
16907267
66
16907279
132
16907280
264
16907282
528
16907284
bgsave
calls
2
histogram_usec
135266
1
270532
2
latency|latest
calls
2
histogram_usec
8
2
latency|histogram
calls
1
histogram_usec
132
1
dbsize
calls
1
histogram_usec
2
1
set
calls
16907328
histogram_usec
1
13862711
2
16748961
4
16896117
8
16905069
16
16906946
33
16907316
66
16907325
132
16907326
528
16907328
ping
calls
1
histogram_usec
16
1
