       Value   Percentile   TotalCount 1/(1-Percentile)

        0.34     0.000000            1         1.00
        1.85     0.050000      2937686         1.05
        1.90     0.100000      6103029         1.11
        1.92     0.150000      8707838         1.18
        1.94     0.200000     11730440         1.25
        1.97     0.250000     14963857         1.33
        1.98     0.300000     17115456         1.43
        2.01     0.350000     20182230         1.54
        2.03     0.400000     22894237         1.67
        2.06     0.450000     25802839         1.82
        2.11     0.500000     28620019         2.00
        2.14     0.525000     29683759         2.11
        2.24     0.550000     30893242         2.22
        2.93     0.575000     32261732         2.35
        3.02     0.600000     33771009         2.50
        3.09     0.625000     35385272         2.67
        3.13     0.650000     36944860         2.86
        3.17     0.675000     38142296         3.08
        3.20     0.700000     39448981         3.33
        3.23     0.725000     40843266         3.64
        3.26     0.750000     42277568         4.00
        3.28     0.762500     42990490         4.21
        3.29     0.775000     43696804         4.44
        3.31     0.787500     44381933         4.71
        3.33     0.800000     45041242         5.00
        3.34     0.812500     45669458         5.33
        3.36     0.825000     46261395         5.71
        3.39     0.837500     47340971         6.15
        3.41     0.850000     47832657         6.67
        3.44     0.862500     48748571         7.27
        3.46     0.875000     49188756         8.00
        3.47     0.881250     49625406         8.42
        3.49     0.887500     50067555         8.89
        3.50     0.893750     50518190         9.41
        3.50     0.900000     50518190        10.00
        3.52     0.906250     50972809        10.67
        3.54     0.912500     51427324        11.43
        3.55     0.918750     51882408        12.31
        3.55     0.925000     51882408        13.33
        3.57     0.931250     52323905        14.55
        3.58     0.937500     52749773        16.00
        3.58     0.940625     52749773        16.84
        3.60     0.943750     53148708        17.78
        3.60     0.946875     53148708        18.82
        3.62     0.950000     53515910        20.00
        3.62     0.953125     53515910        21.33
        3.63     0.956250     53846421        22.86
        3.63     0.959375     53846421        24.62
        3.65     0.962500     54139522        26.67
        3.65     0.965625     54139522        29.09
        3.66     0.968750     54394730        32.00
        3.66     0.970313     54394730        33.68
        3.68     0.971875     54612943        35.56
        3.68     0.973437     54612943        37.65
        3.69     0.975000     54800530        40.00
        3.69     0.976562     54800530        42.67
        3.71     0.978125     54958031        45.71
        3.71     0.979688     54958031        49.23
        3.73     0.981250     55090794        53.33
        3.73     0.982812     55090794        58.18
        3.74     0.984375     55200704        64.00
        3.76     0.985156     55296959        67.37
        3.76     0.985938     55296959        71.11
        3.76     0.986719     55296959        75.29
        3.77     0.987500     55381711        80.00
        3.77     0.988281     55381711        85.33
        3.79     0.989062     55455315        91.43
        3.81     0.989844     55521447        98.46
        3.81     0.990625     55521447       106.67
        3.82     0.991406     55582206       116.36
        3.84     0.992188     55637707       128.00
        3.84     0.992578     55637707       134.74
        3.85     0.992969     55688743       142.22
        3.85     0.993359     55688743       150.59
        3.85     0.993750     55688743       160.00
        3.87     0.994141     55734722       170.67
        3.87     0.994531     55734722       182.86
        3.89     0.994922     55776772       196.92
        3.89     0.995313     55776772       213.33
        3.90     0.995703     55813954       232.73
        3.90     0.996094     55813954       256.00
        3.92     0.996289     55846968       269.47
        3.92     0.996484     55846968       284.44
        3.92     0.996680     55846968       301.18
        3.94     0.996875     55876268       320.00
        3.94     0.997070     55876268       341.33
        3.95     0.997266     55900920       365.71
        3.95     0.997461     55900920       393.85
        3.97     0.997656     55922486       426.67
        3.97     0.997852     55922486       465.45
        3.98     0.998047     55940142       512.00
        3.98     0.998145     55940142       538.95
        3.98     0.998242     55940142       568.89
        3.98     0.998340     55940142       602.35
        4.00     0.998437     55954710       640.00
        4.00     0.998535     55954710       682.67
        4.01     0.998633     55967086       731.43
        4.01     0.998730     55967086       787.69
        4.01     0.998828     55967086       853.33
        4.03     0.998926     55976870       930.91
        4.05     0.999023     55985193      1024.00
        4.05     0.999072     55985193      1077.89
        4.05     0.999121     55985193      1137.78
        4.06     0.999170     55991714      1204.71
        4.06     0.999219     55991714      1280.00
        4.06     0.999268     55991714      1365.33
        4.08     0.999316     55996708      1462.86
        4.09     0.999365     56000952      1575.38
        4.09     0.999414     56000952      1706.67
        4.13     0.999463     56007374      1861.82
        4.13     0.999512     56007374      2048.00
        4.13     0.999536     56007374      2155.79
        4.16     0.999561     56011713      2275.56
        4.16     0.999585     56011713      2409.41
        4.16     0.999609     56011713      2560.00
        4.19     0.999634     56014754      2730.67
        4.19     0.999658     56014754      2925.71
        4.22     0.999683     56017012      3150.77
        4.22     0.999707     56017012      3413.33
        4.25     0.999731     56018776      3723.64
        4.29     0.999756     56020313      4096.00
        4.29     0.999768     56020313      4311.58
        4.32     0.999780     56021682      4551.11
        4.32     0.999792     56021682      4818.82
        4.35     0.999805     56022797      5120.00
        4.35     0.999817     56022797      5461.33
        4.38     0.999829     56023833      5851.43
        4.38     0.999841     56023833      6301.54
        4.42     0.999854     56024709      6826.67
        4.45     0.999866     56025611      7447.27
        4.48     0.999878     56026412      8192.00
        4.48     0.999884     56026412      8623.16
        4.51     0.999890     56027110      9102.22
        4.51     0.999896     56027110      9637.65
        4.54     0.999902     56027726     10240.00
        4.54     0.999908     56027726     10922.67
        4.58     0.999915     56028333     11702.86
        4.58     0.999921     56028333     12603.08
        4.61     0.999927     56028901     13653.33
        4.64     0.999933     56029408     14894.55
        4.64     0.999939     56029408     16384.00
        4.67     0.999942     56029818     17246.32
        4.67     0.999945     56029818     18204.44
        4.67     0.999948     56029818     19275.29
        4.70     0.999951     56030256     20480.00
        4.70     0.999954     56030256     21845.33
        4.74     0.999957     56030553     23405.71
        4.74     0.999960     56030553     25206.15
        4.77     0.999963     56030876     27306.67
        4.77     0.999966     56030876     29789.09
        4.80     0.999969     56031138     32768.00
        4.80     0.999971     56031138     34492.63
        4.83     0.999973     56031364     36408.89
        4.83     0.999974     56031364     38550.59
        4.83     0.999976     56031364     40960.00
        4.86     0.999977     56031550     43690.67
        4.86     0.999979     56031550     46811.43
        4.89     0.999980     56031758     50412.31
        4.89     0.999982     56031758     54613.33
        4.93     0.999983     56031873     59578.18
        4.93     0.999985     56031873     65536.00
        4.96     0.999986     56031992     68985.26
        4.96     0.999986     56031992     72817.78
        4.99     0.999987     56032075     77101.18
        4.99     0.999988     56032075     81920.00
        5.02     0.999989     56032163     87381.33
        5.02     0.999989     56032163     93622.86
        5.05     0.999990     56032222    100824.62
        5.05     0.999991     56032222    109226.67
        5.09     0.999992     56032274    119156.36
        5.12     0.999992     56032301    131072.00
        5.15     0.999993     56032368    137970.53
        5.15     0.999993     56032368    145635.56
        5.15     0.999994     56032368    154202.35
        5.18     0.999994     56032426    163840.00
        5.18     0.999994     56032426    174762.67
        5.18     0.999995     56032426    187245.71
        5.21     0.999995     56032463    201649.23
        5.25     0.999995     56032497    218453.33
        5.25     0.999996     56032497    238312.73
        5.28     0.999996     56032528    262144.00
        5.28     0.999996     56032528    275941.05
        5.31     0.999997     56032550    291271.11
        5.31     0.999997     56032550    308404.71
        5.34     0.999997     56032569    327680.00
        5.34     0.999997     56032569    349525.33
        5.38     0.999997     56032583    374491.43
        5.41     0.999998     56032591    403298.46
        5.44     0.999998     56032614    436906.67
        5.44     0.999998     56032614    476625.45
        5.47     0.999998     56032632    524288.00
        5.47     0.999998     56032632    551882.11
        5.47     0.999998     56032632    582542.22
        5.50     0.999998     56032645    616809.41
        5.50     0.999998     56032645    655360.00
        5.50     0.999999     56032645    699050.67
        5.54     0.999999     56032656    748982.86
        5.54     0.999999     56032656    806596.92
        5.57     0.999999     56032665    873813.33
        5.60     0.999999     56032676    953250.91
        5.60     0.999999     56032676   1048576.00
        5.60     0.999999     56032676   1103764.21
        5.60     0.999999     56032676   1165084.44
        5.66     0.999999     56032682   1233618.82
        5.66     0.999999     56032682   1310720.00
        5.70     0.999999     56032691   1398101.33
        5.70     0.999999     56032691   1497965.71
        5.70     0.999999     56032691   1613193.85
        5.73     0.999999     56032696   1747626.67
        5.73     0.999999     56032696   1906501.82
        5.76     1.000000     56032711   2097152.00
        5.76     1.000000     56032711   2207528.42
        5.76     1.000000     56032711   2330168.89
        5.76     1.000000     56032711   2467237.65
        5.76     1.000000     56032711   2621440.00
        5.76     1.000000     56032711   2796202.67
        5.76     1.000000     56032711   2995931.43
        5.76     1.000000     56032711   3226387.69
        5.76     1.000000     56032711   3495253.33
        5.76     1.000000     56032711   3813003.64
        5.76     1.000000     56032711   4194304.00
        5.79     1.000000     56032717   4415056.84
        5.79     1.000000     56032717   4660337.78
        5.79     1.000000     56032717   4934475.29
        5.79     1.000000     56032717   5242880.00
        5.79     1.000000     56032717   5592405.33
        5.79     1.000000     56032717   5991862.86
        5.79     1.000000     56032717   6452775.39
        5.79     1.000000     56032717   6990506.67
        5.79     1.000000     56032717   7626007.28
        5.82     1.000000     56032718   8388608.00
        5.82     1.000000     56032718   8830113.68
        5.82     1.000000     56032718   9320675.55
        5.89     1.000000     56032719   9868950.59
        5.89     1.000000     56032719  10485760.00
        5.89     1.000000     56032719  11184810.67
        6.01     1.000000     56032724  11983725.71
        6.01     1.000000     56032724          inf
#[Mean    =        2.568, StdDeviation   =        0.685]
#[Max     =        6.015, Total count    =     56032724]
#[Buckets =           20, SubBuckets     =          256]
