get
calls
16907108
histogram_usec
1
12814794
2
16800051
4
16901219
8
16905951
16
16906670
33
16907088
66
16907105
264
16907106
528
16907107
4227
16907108
ping
calls
1
histogram_usec
33
1
latency|latest
calls
2
histogram_usec
4
1
8
2
latency|histogram
calls
1
histogram_usec
132
1
dbsize
calls
1
histogram_usec
2
1
info
calls
23
histogram_usec
33
20
66
21
264
23
set
calls
16907155
histogram_usec
1
13229080
2
16711845
4
16894528
8
16904892
16
16906757
33
16907131
66
16907146
132
16907149
264
16907152
528
16907155
bgsave
calls
2
histogram_usec
135266
1
270532
2
