ping
calls
1
histogram_usec
16
1
latency|histogram
calls
1
histogram_usec
132
1
latency|latest
calls
2
histogram_usec
4
1
8
2
dbsize
calls
1
histogram_usec
1
1
info
calls
23
histogram_usec
33
20
66
21
264
23
get
calls
16907860
histogram_usec
1
12713586
2
16795823
4
16902174
8
16906745
16
16907446
33
16907843
66
16907854
132
16907856
264
16907858
528
16907860
bgsave
calls
2
histogram_usec
135266
1
270532
2
set
calls
16907914
histogram_usec
1
13153890
2
16709311
4
16895376
8
16905381
16
16907491
33
16907889
66
16907905
132
16907908
264
16907911
528
16907914
