       Value   Percentile   TotalCount 1/(1-Percentile)

        0.11     0.000000            2         1.00
        0.69     0.050000       129583         1.05
        0.69     0.100000       363441         1.11
        0.69     0.150000       363441         1.18
        0.70     0.200000       802148         1.25
        0.70     0.250000       802148         1.33
        0.70     0.300000       802148         1.43
        0.70     0.350000       802148         1.54
        0.71     0.400000      1281787         1.67
        0.71     0.450000      1281787         1.82
        0.71     0.500000      1281787         2.00
        0.71     0.525000      1281787         2.11
        0.71     0.550000      1281787         2.22
        0.72     0.575000      1648371         2.35
        0.72     0.600000      1648371         2.50
        0.72     0.625000      1648371         2.67
        0.72     0.650000      1648371         2.86
        0.72     0.675000      1648371         3.08
        0.72     0.700000      1648371         3.33
        0.72     0.725000      1648371         3.64
        0.73     0.750000      1896396         4.00
        0.73     0.762500      1896396         4.21
        0.73     0.775000      1896396         4.44
        0.73     0.787500      1896396         4.71
        0.73     0.800000      1896396         5.00
        0.73     0.812500      1896396         5.33
        0.73     0.825000      1896396         5.71
        0.73     0.837500      1896396         6.15
        0.73     0.850000      2032586         6.67
        0.73     0.862500      2032586         7.27
        0.73     0.875000      2032586         8.00
        0.73     0.881250      2032586         8.42
        0.73     0.887500      2032586         8.89
        0.73     0.893750      2032586         9.41
        0.73     0.900000      2032586        10.00
        0.73     0.906250      2032586        10.67
        0.74     0.912500      2092362        11.43
        0.74     0.918750      2092362        12.31
        0.74     0.925000      2092362        13.33
        0.74     0.931250      2092362        14.55
        0.75     0.937500      2115587        16.00
        0.75     0.940625      2115587        16.84
        0.75     0.943750      2115587        17.78
        0.76     0.946875      2127188        18.82
        0.76     0.950000      2127188        20.00
        0.77     0.953125      2134626        21.33
        0.78     0.956250      2139980        22.86
        0.79     0.959375      2146705        24.62
        0.82     0.962500      2155472        26.67
        0.84     0.965625      2162184        29.09
        0.85     0.968750      2166861        32.00
        0.90     0.970313      2170349        33.68
        0.95     0.971875      2173972        35.56
        0.98     0.973437      2177922        37.65
        1.03     0.975000      2180747        40.00
        1.36     0.976562      2184387        42.67
        1.38     0.978125      2189340        45.71
        1.39     0.979688      2193159        49.23
        1.40     0.981250      2198354        53.33
        1.40     0.982812      2198354        58.18
        1.41     0.984375      2204212        64.00
        1.41     0.985156      2204212        67.37
        1.42     0.985938      2210547        71.11
        1.42     0.986719      2210547        75.29
        1.42     0.987500      2210547        80.00
        1.42     0.988281      2210547        85.33
        1.42     0.989062      2216129        91.43
        1.42     0.989844      2216129        98.46
        1.42     0.990625      2216129       106.67
        1.43     0.991406      2220803       116.36
        1.43     0.992188      2220803       128.00
        1.43     0.992578      2220803       134.74
        1.44     0.992969      2224585       142.22
        1.44     0.993359      2224585       150.59
        1.44     0.993750      2224585       160.00
        1.44     0.994141      2224585       170.67
        1.44     0.994531      2224585       182.86
        1.45     0.994922      2227740       196.92
        1.45     0.995313      2227740       213.33
        1.45     0.995703      2227740       232.73
        1.46     0.996094      2230254       256.00
        1.46     0.996289      2230254       269.47
        1.46     0.996484      2230254       284.44
        1.46     0.996680      2230254       301.18
        1.46     0.996875      2230254       320.00
        1.46     0.997070      2230254       341.33
        1.46     0.997266      2232067       365.71
        1.46     0.997461      2232067       393.85
        1.46     0.997656      2232067       426.67
        1.46     0.997852      2232067       465.45
        1.47     0.998047      2233335       512.00
        1.47     0.998145      2233335       538.95
        1.47     0.998242      2233335       568.89
        1.47     0.998340      2233335       602.35
        1.47     0.998437      2233335       640.00
        1.48     0.998535      2234154       682.67
        1.48     0.998633      2234154       731.43
        1.48     0.998730      2234154       787.69
        1.48     0.998828      2234154       853.33
        1.49     0.998926      2234665       930.91
        1.49     0.999023      2234665      1024.00
        1.49     0.999072      2234665      1077.89
        1.49     0.999121      2234665      1137.78
        1.50     0.999170      2235001      1204.71
        1.50     0.999219      2235001      1280.00
        1.50     0.999268      2235001      1365.33
        1.50     0.999316      2235218      1462.86
        1.50     0.999365      2235218      1575.38
        1.51     0.999414      2235419      1706.67
        1.52     0.999463      2235565      1861.82
        1.52     0.999512      2235565      2048.00
        1.53     0.999536      2235701      2155.79
        1.53     0.999561      2235701      2275.56
        1.53     0.999585      2235701      2409.41
        1.53     0.999609      2235828      2560.00
        1.53     0.999634      2235828      2730.67
        1.54     0.999658      2235948      2925.71
        1.54     0.999683      2235948      3150.77
        1.55     0.999707      2236041      3413.33
        1.55     0.999731      2236041      3723.64
        1.56     0.999756      2236126      4096.00
        1.56     0.999768      2236126      4311.58
        1.57     0.999780      2236227      4551.11
        1.57     0.999792      2236227      4818.82
        1.57     0.999805      2236227      5120.00
        1.57     0.999817      2236227      5461.33
        1.57     0.999829      2236294      5851.43
        1.57     0.999841      2236294      6301.54
        1.58     0.999854      2236344      6826.67
        1.58     0.999866      2236344      7447.27
        1.59     0.999878      2236385      8192.00
        1.59     0.999884      2236385      8623.16
        1.59     0.999890      2236385      9102.22
        1.60     0.999896      2236417      9637.65
        1.60     0.999902      2236417     10240.00
        1.61     0.999908      2236435     10922.67
        1.61     0.999915      2236448     11702.86
        1.62     0.999921      2236457     12603.08
        1.64     0.999927      2236473     13653.33
        1.65     0.999933      2236480     14894.55
        1.67     0.999939      2236494     16384.00
        1.69     0.999942      2236500     17246.32
        1.71     0.999945      2236509     18204.44
        1.73     0.999948      2236514     19275.29
        1.75     0.999951      2236521     20480.00
        1.77     0.999954      2236527     21845.33
        1.79     0.999957      2236535     23405.71
        1.81     0.999960      2236541     25206.15
        1.88     0.999963      2236549     27306.67
        1.91     0.999966      2236556     29789.09
        1.97     0.999969      2236561     32768.00
        2.04     0.999971      2236568     34492.63
        2.04     0.999973      2236568     36408.89
        2.06     0.999974      2236572     38550.59
        2.10     0.999976      2236575     40960.00
        2.14     0.999977      2236578     43690.67
        2.19     0.999979      2236582     46811.43
        2.22     0.999980      2236586     50412.31
        2.30     0.999982      2236590     54613.33
        2.33     0.999983      2236592     59578.18
        2.43     0.999985      2236595     65536.00
        2.48     0.999986      2236597     68985.26
        2.56     0.999986      2236599     72817.78
        2.58     0.999987      2236600     77101.18
        2.78     0.999988      2236602     81920.00
        2.91     0.999989      2236604     87381.33
        2.94     0.999989      2236606     93622.86
        2.98     0.999990      2236607    100824.62
        3.09     0.999991      2236610    109226.67
        3.12     0.999992      2236611    119156.36
        3.13     0.999992      2236612    131072.00
        3.68     0.999993      2236613    137970.53
        3.71     0.999993      2236614    145635.56
        3.74     0.999994      2236615    154202.35
        4.58     0.999994      2236616    163840.00
        4.64     0.999994      2236617    174762.67
      782.34     0.999995      2236629    187245.71
      782.34     1.000000      2236629          inf
#[Mean    =        0.734, StdDeviation   =        1.809]
#[Max     =      782.335, Total count    =      2236629]
#[Buckets =           20, SubBuckets     =          256]
