       Value   Percentile   TotalCount 1/(1-Percentile)

        0.19     0.000000            1         1.00
        0.69     0.050000       140128         1.05
        0.70     0.100000       395125         1.11
        0.70     0.150000       395125         1.18
        0.71     0.200000       795593         1.25
        0.71     0.250000       795593         1.33
        0.71     0.300000       795593         1.43
        0.71     0.350000       795593         1.54
        0.72     0.400000      1202692         1.67
        0.72     0.450000      1202692         1.82
        0.72     0.500000      1202692         2.00
        0.72     0.525000      1202692         2.11
        0.73     0.550000      1544208         2.22
        0.73     0.575000      1544208         2.35
        0.73     0.600000      1544208         2.50
        0.73     0.625000      1544208         2.67
        0.73     0.650000      1544208         2.86
        0.73     0.675000      1544208         3.08
        0.73     0.700000      1832624         3.33
        0.73     0.725000      1832624         3.64
        0.73     0.750000      1832624         4.00
        0.73     0.762500      1832624         4.21
        0.73     0.775000      1832624         4.44
        0.73     0.787500      1832624         4.71
        0.73     0.800000      1832624         5.00
        0.73     0.812500      1832624         5.33
        0.74     0.825000      2013586         5.71
        0.74     0.837500      2013586         6.15
        0.74     0.850000      2013586         6.67
        0.74     0.862500      2013586         7.27
        0.74     0.875000      2013586         8.00
        0.74     0.881250      2013586         8.42
        0.74     0.887500      2013586         8.89
        0.74     0.893750      2013586         9.41
        0.74     0.900000      2013586        10.00
        0.75     0.906250      2089584        10.67
        0.75     0.912500      2089584        11.43
        0.75     0.918750      2089584        12.31
        0.75     0.925000      2089584        13.33
        0.75     0.931250      2089584        14.55
        0.75     0.937500      2089584        16.00
        0.76     0.940625      2116032        16.84
        0.76     0.943750      2116032        17.78
        0.76     0.946875      2116032        18.82
        0.76     0.950000      2116032        20.00
        0.77     0.953125      2127930        21.33
        0.77     0.956250      2127930        22.86
        0.78     0.959375      2135647        24.62
        0.78     0.962500      2140663        26.67
        0.81     0.965625      2147167        29.09
        0.83     0.968750      2154212        32.00
        0.84     0.970313      2157246        33.68
        0.85     0.971875      2161984        35.56
        0.87     0.973437      2164119        37.65
        0.98     0.975000      2167602        40.00
        1.26     0.976562      2170798        42.67
        1.39     0.978125      2174917        45.71
        1.41     0.979688      2181315        49.23
        1.41     0.981250      2181315        53.33
        1.42     0.982812      2186066        58.18
        1.42     0.984375      2191040        64.00
        1.42     0.985156      2191040        67.37
        1.43     0.985938      2195993        71.11
        1.43     0.986719      2195993        75.29
        1.43     0.987500      2195993        80.00
        1.44     0.988281      2200674        85.33
        1.44     0.989062      2200674        91.43
        1.44     0.989844      2200674        98.46
        1.45     0.990625      2204843       106.67
        1.45     0.991406      2204843       116.36
        1.46     0.992188      2208583       128.00
        1.46     0.992578      2208583       134.74
        1.46     0.992969      2208583       142.22
        1.46     0.993359      2208583       150.59
        1.46     0.993750      2212090       160.00
        1.46     0.994141      2212090       170.67
        1.46     0.994531      2212090       182.86
        1.46     0.994922      2212090       196.92
        1.47     0.995313      2215241       213.33
        1.47     0.995703      2215241       232.73
        1.47     0.996094      2215241       256.00
        1.47     0.996289      2215241       269.47
        1.47     0.996484      2215241       284.44
        1.48     0.996680      2217758       301.18
        1.48     0.996875      2217758       320.00
        1.48     0.997070      2217758       341.33
        1.48     0.997266      2217758       365.71
        1.48     0.997461      2217758       393.85
        1.48     0.997656      2217758       426.67
        1.49     0.997852      2219446       465.45
        1.49     0.998047      2219446       512.00
        1.49     0.998145      2219446       538.95
        1.49     0.998242      2219446       568.89
        1.49     0.998340      2219446       602.35
        1.49     0.998437      2219446       640.00
        1.50     0.998535      2220535       682.67
        1.50     0.998633      2220535       731.43
        1.50     0.998730      2220535       787.69
        1.50     0.998828      2220535       853.33
        1.50     0.998926      2220535       930.91
        1.50     0.999023      2221149      1024.00
        1.50     0.999072      2221149      1077.89
        1.50     0.999121      2221149      1137.78
        1.50     0.999170      2221149      1204.71
        1.51     0.999219      2221530      1280.00
        1.51     0.999268      2221530      1365.33
        1.51     0.999316      2221530      1462.86
        1.51     0.999365      2221530      1575.38
        1.52     0.999414      2221764      1706.67
        1.52     0.999463      2221764      1861.82
        1.53     0.999512      2221929      2048.00
        1.53     0.999536      2221929      2155.79
        1.53     0.999561      2221929      2275.56
        1.53     0.999585      2222081      2409.41
        1.53     0.999609      2222081      2560.00
        1.53     0.999634      2222081      2730.67
        1.54     0.999658      2222221      2925.71
        1.54     0.999683      2222221      3150.77
        1.55     0.999707      2222327      3413.33
        1.55     0.999731      2222327      3723.64
        1.56     0.999756      2222421      4096.00
        1.56     0.999768      2222421      4311.58
        1.56     0.999780      2222421      4551.11
        1.57     0.999792      2222499      4818.82
        1.57     0.999805      2222499      5120.00
        1.57     0.999817      2222499      5461.33
        1.57     0.999829      2222571      5851.43
        1.57     0.999841      2222571      6301.54
        1.57     0.999854      2222571      6826.67
        1.58     0.999866      2222627      7447.27
        1.58     0.999878      2222627      8192.00
        1.59     0.999884      2222683      8623.16
        1.59     0.999890      2222683      9102.22
        1.59     0.999896      2222683      9637.65
        1.59     0.999902      2222683     10240.00
        1.59     0.999908      2222683     10922.67
        1.60     0.999915      2222723     11702.86
        1.60     0.999921      2222723     12603.08
        1.61     0.999927      2222761     13653.33
        1.61     0.999933      2222761     14894.55
        1.61     0.999939      2222761     16384.00
        1.61     0.999942      2222761     17246.32
        1.61     0.999945      2222781     18204.44
        1.61     0.999948      2222781     19275.29
        1.61     0.999951      2222781     20480.00
        1.62     0.999954      2222799     21845.33
        1.62     0.999957      2222799     23405.71
        1.62     0.999960      2222799     25206.15
        1.63     0.999963      2222807     27306.67
        1.64     0.999966      2222814     29789.09
        1.66     0.999969      2222821     32768.00
        1.67     0.999971      2222825     34492.63
        1.67     0.999973      2222825     36408.89
        1.69     0.999974      2222830     38550.59
        1.70     0.999976      2222833     40960.00
        1.71     0.999977      2222836     43690.67
        1.73     0.999979      2222839     46811.43
        1.75     0.999980      2222842     50412.31
        1.77     0.999982      2222846     54613.33
        1.77     0.999983      2222850     59578.18
        1.80     0.999985      2222853     65536.00
        1.83     0.999986      2222854     68985.26
        1.86     0.999986      2222857     72817.78
        1.93     0.999987      2222858     77101.18
        1.94     0.999988      2222861     81920.00
        1.94     0.999989      2222861     87381.33
        2.04     0.999989      2222864     93622.86
        2.04     0.999990      2222864    100824.62
        2.10     0.999991      2222867    109226.67
        2.13     0.999992      2222870    119156.36
        2.13     0.999992      2222870    131072.00
        2.13     0.999993      2222870    137970.53
        2.14     0.999993      2222872    145635.56
        2.14     0.999994      2222872    154202.35
        2.16     0.999994      2222876    163840.00
        2.16     0.999994      2222876    174762.67
        2.16     0.999995      2222876    187245.71
        2.16     0.999995      2222876    201649.23
        2.16     0.999995      2222876    218453.33
        2.17     0.999996      2222877    238312.73
        2.19     0.999996      2222878    262144.00
        2.19     0.999996      2222878    275941.05
        2.21     0.999997      2222880    291271.11
        2.21     0.999997      2222880    308404.71
        2.21     0.999997      2222880    327680.00
        2.21     0.999997      2222880    349525.33
        2.22     0.999997      2222882    374491.43
        2.22     0.999998      2222882    403298.46
        2.22     0.999998      2222882    436906.67
        2.22     0.999998      2222882    476625.45
        2.22     0.999998      2222882    524288.00
        2.22     0.999998      2222882    551882.11
        2.24     0.999998      2222883    582542.22
        2.24     0.999998      2222883    616809.41
        2.24     0.999998      2222883    655360.00
        2.24     0.999999      2222883    699050.67
        2.27     0.999999      2222884    748982.86
        2.27     0.999999      2222884    806596.92
        2.27     0.999999      2222884    873813.33
        2.27     0.999999      2222884    953250.91
        2.27     0.999999      2222884   1048576.00
        2.27     0.999999      2222884   1103764.21
        2.32     0.999999      2222885   1165084.44
        2.32     0.999999      2222885   1233618.82
        2.32     0.999999      2222885   1310720.00
        2.32     0.999999      2222885   1398101.33
        2.32     0.999999      2222885   1497965.71
        2.32     0.999999      2222885   1613193.85
        2.32     0.999999      2222885   1747626.67
        2.32     0.999999      2222885   1906501.82
        2.32     1.000000      2222885   2097152.00
        2.32     1.000000      2222885   2207528.42
        2.40     1.000000      2222886   2330168.89
        2.40     1.000000      2222886          inf
#[Mean    =        0.737, StdDeviation   =        0.112]
#[Max     =        2.399, Total count    =      2222886]
#[Buckets =           20, SubBuckets     =          256]
