       Value   Percentile   TotalCount 1/(1-Percentile)

        0.02     0.000000        19254         1.00
        0.34     0.050000      1433739         1.05
        0.57     0.100000      2848106         1.11
        0.66     0.150000      4259433         1.18
        0.68     0.200000      5981692         1.25
        0.69     0.250000      7142432         1.33
        0.70     0.300000     10011795         1.43
        0.70     0.350000     10011795         1.54
        0.71     0.400000     11955656         1.67
        0.72     0.450000     14443603         1.82
        0.72     0.500000     14443603         2.00
        0.73     0.525000     17691136         2.11
        0.73     0.550000     17691136         2.22
        0.73     0.575000     17691136         2.35
        0.73     0.600000     17691136         2.50
        0.73     0.625000     17691136         2.67
        0.73     0.650000     21400219         2.86
        0.73     0.675000     21400219         3.08
        0.73     0.700000     21400219         3.33
        0.73     0.725000     21400219         3.64
        0.73     0.750000     21400219         4.00
        0.74     0.762500     24124419         4.21
        0.74     0.775000     24124419         4.44
        0.74     0.787500     24124419         4.71
        0.74     0.800000     24124419         5.00
        0.74     0.812500     24124419         5.33
        0.74     0.825000     24124419         5.71
        0.74     0.837500     24124419         6.15
        0.74     0.850000     24124419         6.67
        0.75     0.862500     25559679         7.27
        0.75     0.875000     25559679         8.00
        0.75     0.881250     25559679         8.42
        0.75     0.887500     25559679         8.89
        0.75     0.893750     25559679         9.41
        0.75     0.900000     25559679        10.00
        0.75     0.906250     25559679        10.67
        0.76     0.912500     26245595        11.43
        0.76     0.918750     26245595        12.31
        0.76     0.925000     26245595        13.33
        0.77     0.931250     26575711        14.55
        0.77     0.937500     26575711        16.00
        0.77     0.940625     26575711        16.84
        0.78     0.943750     26736761        17.78
        0.78     0.946875     26736761        18.82
        0.78     0.950000     26828867        20.00
        0.79     0.953125     26896688        21.33
        0.81     0.956250     26991827        22.86
        0.82     0.959375     27058135        24.62
        0.85     0.962500     27165974        26.67
        0.86     0.965625     27237043        29.09
        0.90     0.968750     27329967        32.00
        0.92     0.970313     27366616        33.68
        0.94     0.971875     27408590        35.56
        0.96     0.973437     27466146        37.65
        0.97     0.975000     27497691        40.00
        1.01     0.976562     27544096        42.67
        1.09     0.978125     27585756        45.71
        1.25     0.979688     27630249        49.23
        1.33     0.981250     27675576        53.33
        1.36     0.982812     27729796        58.18
        1.38     0.984375     27760707        64.00
        1.39     0.985156     27792997        67.37
        1.40     0.985938     27810697        71.11
        1.41     0.986719     27829627        75.29
        1.42     0.987500     27850282        80.00
        1.42     0.988281     27873608        85.33
        1.43     0.989062     27899541        91.43
        1.44     0.989844     27927986        98.46
        1.45     0.990625     27960109       106.67
        1.45     0.991406     27960109       116.36
        1.46     0.992188     27996598       128.00
        1.46     0.992578     27996598       134.74
        1.46     0.992969     28036321       142.22
        1.46     0.993359     28036321       150.59
        1.46     0.993750     28036321       160.00
        1.46     0.994141     28036321       170.67
        1.47     0.994531     28076071       182.86
        1.47     0.994922     28076071       196.92
        1.47     0.995313     28076071       213.33
        1.48     0.995703     28111138       232.73
        1.48     0.996094     28111138       256.00
        1.48     0.996289     28111138       269.47
        1.48     0.996484     28111138       284.44
        1.48     0.996680     28111138       301.18
        1.49     0.996875     28138873       320.00
        1.49     0.997070     28138873       341.33
        1.49     0.997266     28138873       365.71
        1.49     0.997461     28138873       393.85
        1.49     0.997656     28138873       426.67
        1.50     0.997852     28158591       465.45
        1.50     0.998047     28158591       512.00
        1.50     0.998145     28158591       538.95
        1.50     0.998242     28158591       568.89
        1.50     0.998340     28158591       602.35
        1.50     0.998437     28158591       640.00
        1.50     0.998535     28171600       682.67
        1.50     0.998633     28171600       731.43
        1.50     0.998730     28171600       787.69
        1.50     0.998828     28171600       853.33
        1.50     0.998926     28171600       930.91
        1.51     0.999023     28179838      1024.00
        1.51     0.999072     28179838      1077.89
        1.51     0.999121     28179838      1137.78
        1.51     0.999170     28179838      1204.71
        1.51     0.999219     28179838      1280.00
        1.52     0.999268     28184923      1365.33
        1.52     0.999316     28184923      1462.86
        1.52     0.999365     28184923      1575.38
        1.52     0.999414     28184923      1706.67
        1.53     0.999463     28188038      1861.82
        1.53     0.999512     28188038      2048.00
        1.53     0.999536     28188038      2155.79
        1.53     0.999561     28190064      2275.56
        1.53     0.999585     28190064      2409.41
        1.53     0.999609     28190064      2560.00
        1.54     0.999634     28191584      2730.67
        1.54     0.999658     28191584      2925.71
        1.55     0.999683     28192797      3150.77
        1.55     0.999707     28192797      3413.33
        1.56     0.999731     28193755      3723.64
        1.56     0.999756     28193755      4096.00
        1.57     0.999768     28194569      4311.58
        1.57     0.999780     28194569      4551.11
        1.57     0.999792     28195376      4818.82
        1.57     0.999805     28195376      5120.00
        1.58     0.999817     28196153      5461.33
        1.58     0.999829     28196153      5851.43
        1.58     0.999841     28196153      6301.54
        1.59     0.999854     28196888      6826.67
        1.59     0.999866     28196888      7447.27
        1.60     0.999878     28197511      8192.00
        1.60     0.999884     28197511      8623.16
        1.60     0.999890     28197511      9102.22
        1.61     0.999896     28198033      9637.65
        1.61     0.999902     28198033     10240.00
        1.61     0.999908     28198033     10922.67
        1.61     0.999915     28198395     11702.86
        1.61     0.999921     28198395     12603.08
        1.62     0.999927     28198670     13653.33
        1.63     0.999933     28198846     14894.55
        1.64     0.999939     28198989     16384.00
        1.64     0.999942     28198989     17246.32
        1.65     0.999945     28199114     18204.44
        1.65     0.999948     28199114     19275.29
        1.66     0.999951     28199209     20480.00
        1.69     0.999954     28199289     21845.33
        1.72     0.999957     28199368     23405.71
        1.77     0.999960     28199462     25206.15
        1.83     0.999963     28199543     27306.67
        1.92     0.999966     28199628     29789.09
        2.02     0.999969     28199711     32768.00
        2.10     0.999971     28199765     34492.63
        2.13     0.999973     28199803     36408.89
        2.17     0.999974     28199845     38550.59
        2.22     0.999976     28199892     40960.00
        2.27     0.999977     28199932     43690.67
        2.40     0.999979     28199973     46811.43
        2.70     0.999980     28200016     50412.31
        3.92     0.999982     28200111     54613.33
        3.92     0.999983     28200111     59578.18
        4.03     0.999985     28200142     65536.00
        4.29     0.999986     28200165     68985.26
        4.70     0.999986     28200215     72817.78
        4.70     0.999987     28200215     77101.18
        4.74     0.999988     28200264     81920.00
        4.74     0.999989     28200264     87381.33
        4.77     0.999989     28200308     93622.86
        4.77     0.999990     28200308    100824.62
        4.80     0.999991     28200362    109226.67
        4.80     0.999992     28200362    119156.36
        4.80     0.999992     28200362    131072.00
        5.38     0.999993     28200369    137970.53
        6.91     0.999993     28200434    145635.56
        6.91     0.999994     28200434    154202.35
        6.91     0.999994     28200434    163840.00
        6.91     0.999994     28200434    174762.67
        6.91     0.999995     28200434    187245.71
        6.91     0.999995     28200434    201649.23
        6.94     0.999995     28200467    218453.33
        6.94     0.999996     28200467    238312.73
        6.94     0.999996     28200467    262144.00
        7.62     0.999996     28200469    275941.05
        8.64     0.999997     28200564    291271.11
        8.64     0.999997     28200564    308404.71
        8.64     0.999997     28200564    327680.00
        8.64     0.999997     28200564    349525.33
        8.64     0.999997     28200564    374491.43
        8.64     0.999998     28200564    403298.46
        8.64     0.999998     28200564    436906.67
        8.64     0.999998     28200564    476625.45
        8.64     0.999998     28200564    524288.00
        8.64     0.999998     28200564    551882.11
        8.64     0.999998     28200564    582542.22
        8.64     0.999998     28200564    616809.41
        8.64     0.999998     28200564    655360.00
        8.64     0.999999     28200564    699050.67
        8.64     0.999999     28200564    748982.86
        8.64     0.999999     28200564    806596.92
        8.64     0.999999     28200564    873813.33
        8.64     0.999999     28200564    953250.91
        8.64     0.999999     28200564   1048576.00
        8.64     0.999999     28200564   1103764.21
        8.64     0.999999     28200564   1165084.44
        8.64     0.999999     28200564   1233618.82
        8.64     0.999999     28200564   1310720.00
        8.64     0.999999     28200564   1398101.33
        8.64     0.999999     28200564   1497965.71
        8.64     0.999999     28200564   1613193.85
        8.64     0.999999     28200564   1747626.67
        8.64     0.999999     28200564   1906501.82
        8.64     1.000000     28200564   2097152.00
        8.64     1.000000     28200564   2207528.42
        8.64     1.000000     28200564   2330168.89
        8.64     1.000000     28200564   2467237.65
        8.64     1.000000     28200564   2621440.00
        8.64     1.000000     28200564   2796202.67
        8.64     1.000000     28200564   2995931.43
        8.64     1.000000     28200564   3226387.69
        8.64     1.000000     28200564   3495253.33
        8.64     1.000000     28200564   3813003.64
        8.70     1.000000     28200566   4194304.00
        8.70     1.000000     28200566   4415056.84
        8.70     1.000000     28200566   4660337.78
        8.70     1.000000     28200566   4934475.29
        8.70     1.000000     28200566   5242880.00
        8.70     1.000000     28200566   5592405.33
        9.41     1.000000     28200571   5991862.86
        9.41     1.000000     28200571          inf
#[Mean    =        0.695, StdDeviation   =        0.175]
#[Max     =        9.407, Total count    =     28200571]
#[Buckets =           20, SubBuckets     =          256]
