       Value   Percentile   TotalCount 1/(1-Percentile)

        0.02     0.000000          687         1.00
        0.35     0.050000       130406         1.05
        0.58     0.100000       262913         1.11
        0.67     0.150000       406064         1.18
        0.69     0.200000       566331         1.25
        0.69     0.250000       670412         1.33
        0.70     0.300000       786782         1.43
        0.71     0.350000       922112         1.54
        0.72     0.400000      1080993         1.67
        0.73     0.450000      1275710         1.82
        0.73     0.500000      1514277         2.00
        0.73     0.525000      1514277         2.11
        0.73     0.550000      1514277         2.22
        0.73     0.575000      1514277         2.35
        0.74     0.600000      1784399         2.50
        0.74     0.625000      1784399         2.67
        0.74     0.650000      1784399         2.86
        0.74     0.675000      1784399         3.08
        0.75     0.700000      2040020         3.33
        0.75     0.725000      2040020         3.64
        0.75     0.750000      2040020         4.00
        0.75     0.762500      2040020         4.21
        0.75     0.775000      2040020         4.44
        0.75     0.787500      2040020         4.71
        0.76     0.800000      2228768         5.00
        0.76     0.812500      2228768         5.33
        0.76     0.825000      2228768         5.71
        0.76     0.837500      2228768         6.15
        0.76     0.850000      2228768         6.67
        0.76     0.862500      2228768         7.27
        0.77     0.875000      2339583         8.00
        0.77     0.881250      2339583         8.42
        0.77     0.887500      2339583         8.89
        0.77     0.893750      2339583         9.41
        0.77     0.900000      2339583        10.00
        0.77     0.906250      2339583        10.67
        0.77     0.912500      2339583        11.43
        0.78     0.918750      2389635        12.31
        0.78     0.925000      2389635        13.33
        0.78     0.931250      2389635        14.55
        0.78     0.937500      2410453        16.00
        0.79     0.940625      2421031        16.84
        0.79     0.943750      2421031        17.78
        0.80     0.946875      2428721        18.82
        0.81     0.950000      2438726        20.00
        0.83     0.953125      2446492        21.33
        0.85     0.956250      2452737        22.86
        0.87     0.959375      2462838        24.62
        0.89     0.962500      2468095        26.67
        0.93     0.965625      2477081        29.09
        0.95     0.968750      2484041        32.00
        0.97     0.970313      2488709        33.68
        0.98     0.971875      2492852        35.56
        1.00     0.973437      2496321        37.65
        1.02     0.975000      2500041        40.00
        1.09     0.976562      2503778        42.67
        1.24     0.978125      2507718        45.71
        1.33     0.979688      2512026        49.23
        1.36     0.981250      2517060        53.33
        1.38     0.982812      2520211        58.18
        1.40     0.984375      2525061        64.00
        1.41     0.985156      2526872        67.37
        1.42     0.985938      2528810        71.11
        1.42     0.986719      2531022        75.29
        1.43     0.987500      2533508        80.00
        1.44     0.988281      2536300        85.33
        1.44     0.989062      2536300        91.43
        1.45     0.989844      2539468        98.46
        1.46     0.990625      2543096       106.67
        1.46     0.991406      2543096       116.36
        1.46     0.992188      2547212       128.00
        1.46     0.992578      2547212       134.74
        1.46     0.992969      2547212       142.22
        1.46     0.993359      2547212       150.59
        1.47     0.993750      2551134       160.00
        1.47     0.994141      2551134       170.67
        1.47     0.994531      2551134       182.86
        1.47     0.994922      2551134       196.92
        1.48     0.995313      2554737       213.33
        1.48     0.995703      2554737       232.73
        1.48     0.996094      2554737       256.00
        1.48     0.996289      2554737       269.47
        1.48     0.996484      2554737       284.44
        1.49     0.996680      2557521       301.18
        1.49     0.996875      2557521       320.00
        1.49     0.997070      2557521       341.33
        1.49     0.997266      2557521       365.71
        1.49     0.997461      2557521       393.85
        1.50     0.997656      2559480       426.67
        1.50     0.997852      2559480       465.45
        1.50     0.998047      2559480       512.00
        1.50     0.998145      2559480       538.95
        1.50     0.998242      2559480       568.89
        1.50     0.998340      2559480       602.35
        1.50     0.998437      2560732       640.00
        1.50     0.998535      2560732       682.67
        1.50     0.998633      2560732       731.43
        1.50     0.998730      2560732       787.69
        1.50     0.998828      2560732       853.33
        1.51     0.998926      2561515       930.91
        1.51     0.999023      2561515      1024.00
        1.51     0.999072      2561515      1077.89
        1.51     0.999121      2561515      1137.78
        1.52     0.999170      2562054      1204.71
        1.52     0.999219      2562054      1280.00
        1.52     0.999268      2562054      1365.33
        1.52     0.999316      2562054      1462.86
        1.53     0.999365      2562357      1575.38
        1.53     0.999414      2562357      1706.67
        1.53     0.999463      2562561      1861.82
        1.53     0.999512      2562561      2048.00
        1.53     0.999536      2562561      2155.79
        1.54     0.999561      2562730      2275.56
        1.54     0.999585      2562730      2409.41
        1.55     0.999609      2562865      2560.00
        1.55     0.999634      2562865      2730.67
        1.55     0.999658      2562865      2925.71
        1.56     0.999683      2562969      3150.77
        1.57     0.999707      2563082      3413.33
        1.57     0.999731      2563082      3723.64
        1.57     0.999756      2563180      4096.00
        1.57     0.999768      2563180      4311.58
        1.57     0.999780      2563180      4551.11
        1.58     0.999792      2563257      4818.82
        1.58     0.999805      2563257      5120.00
        1.59     0.999817      2563339      5461.33
        1.59     0.999829      2563339      5851.43
        1.59     0.999841      2563339      6301.54
        1.60     0.999854      2563407      6826.67
        1.60     0.999866      2563407      7447.27
        1.61     0.999878      2563470      8192.00
        1.61     0.999884      2563470      8623.16
        1.61     0.999890      2563470      9102.22
        1.61     0.999896      2563470      9637.65
        1.61     0.999902      2563518     10240.00
        1.61     0.999908      2563518     10922.67
        1.61     0.999915      2563518     11702.86
        1.62     0.999921      2563548     12603.08
        1.63     0.999927      2563565     13653.33
        1.63     0.999933      2563565     14894.55
        1.65     0.999939      2563586     16384.00
        1.66     0.999942      2563594     17246.32
        1.66     0.999945      2563600     18204.44
        1.68     0.999948      2563605     19275.29
        1.70     0.999951      2563612     20480.00
        1.74     0.999954      2563619     21845.33
        1.78     0.999957      2563630     23405.71
        1.79     0.999960      2563635     25206.15
        1.83     0.999963      2563643     27306.67
        1.92     0.999966      2563650     29789.09
        2.08     0.999969      2563660     32768.00
        2.11     0.999971      2563662     34492.63
        2.16     0.999973      2563666     36408.89
        2.21     0.999974      2563670     38550.59
        2.25     0.999976      2563674     40960.00
        2.32     0.999977      2563679     43690.67
        2.33     0.999979      2563682     46811.43
        2.42     0.999980      2563686     50412.31
        2.58     0.999982      2563690     54613.33
        2.67     0.999983      2563693     59578.18
        2.75     0.999985      2563697     65536.00
        2.80     0.999986      2563699     68985.26
        3.07     0.999986      2563701     72817.78
        3.92     0.999987      2563708     77101.18
        3.92     0.999988      2563708     81920.00
        3.92     0.999989      2563708     87381.33
        3.94     0.999989      2563716     93622.86
        3.94     0.999990      2563716    100824.62
        3.94     0.999991      2563716    109226.67
        3.94     0.999992      2563716    119156.36
        4.03     0.999992      2563717    131072.00
        4.80     0.999993      2563718    137970.53
        8.64     0.999993      2563736    145635.56
        8.64     1.000000      2563736          inf
#[Mean    =        0.706, StdDeviation   =        0.177]
#[Max     =        8.639, Total count    =      2563736]
#[Buckets =           20, SubBuckets     =          256]
