       Value   Percentile   TotalCount 1/(1-Percentile)

        0.02     0.000000         6679         1.00
        0.46     0.050000       710768         1.05
        0.71     0.100000      1408815         1.11
        0.78     0.150000      2230645         1.18
        0.80     0.200000      2911563         1.25
        0.81     0.250000      3924003         1.33
        0.82     0.300000      4553296         1.43
        0.83     0.350000      5264377         1.54
        0.84     0.400000      6027459         1.67
        0.85     0.450000      6817366         1.82
        0.85     0.500000      7615732         2.00
        0.85     0.525000      7615732         2.11
        0.86     0.550000      8395875         2.22
        0.86     0.575000      8395875         2.35
        0.87     0.600000      9135477         2.50
        0.87     0.625000      9135477         2.67
        0.88     0.650000      9811020         2.86
        0.88     0.675000      9811020         3.08
        0.89     0.700000     10420793         3.33
        0.89     0.725000     10420793         3.64
        0.90     0.750000     10968073         4.00
        0.90     0.762500     10968073         4.21
        0.90     0.775000     10968073         4.44
        0.90     0.787500     11440000         4.71
        0.90     0.800000     11440000         5.00
        0.91     0.812500     11844736         5.33
        0.91     0.825000     11844736         5.71
        0.91     0.837500     11844736         6.15
        0.92     0.850000     12184716         6.67
        0.92     0.862500     12184716         7.27
        0.93     0.875000     12467038         8.00
        0.93     0.881250     12467038         8.42
        0.94     0.887500     12696226         8.89
        0.94     0.893750     12696226         9.41
        0.94     0.900000     12696226        10.00
        0.94     0.906250     12882257        10.67
        0.94     0.912500     12882257        11.43
        0.95     0.918750     13029169        12.31
        0.95     0.925000     13029169        13.33
        0.96     0.931250     13143186        14.55
        0.97     0.937500     13231059        16.00
        0.97     0.940625     13298073        16.84
        0.97     0.943750     13298073        17.78
        0.98     0.946875     13348323        18.82
        0.99     0.950000     13386911        20.00
        1.01     0.953125     13438796        21.33
        1.02     0.956250     13470253        22.86
        1.05     0.959375     13510693        24.62
        1.11     0.962500     13556896        26.67
        1.17     0.965625     13602212        29.09
        1.22     0.968750     13646108        32.00
        1.24     0.970313     13667296        33.68
        1.26     0.971875     13686080        35.56
        1.30     0.973437     13711240        37.65
        1.35     0.975000     13732502        40.00
        1.45     0.976562     13752387        42.67
        1.56     0.978125     13776785        45.71
        1.60     0.979688     13799004        49.23
        1.62     0.981250     13818810        53.33
        1.65     0.982812     13843807        58.18
        1.66     0.984375     13862843        64.00
        1.67     0.985156     13872865        67.37
        1.69     0.985938     13894003        71.11
        1.70     0.986719     13904575        75.29
        1.70     0.987500     13915506        80.00
        1.71     0.988281     13926143        85.33
        1.72     0.989062     13936702        91.43
        1.73     0.989844     13946865        98.46
        1.74     0.990625     13956654       106.67
        1.74     0.991406     13965783       116.36
        1.75     0.992188     13974535       128.00
        1.76     0.992578     13982884       134.74
        1.76     0.992969     13982884       142.22
        1.77     0.993359     13990762       150.59
        1.77     0.993750     13998145       160.00
        1.78     0.994141     14004970       170.67
        1.78     0.994531     14004970       182.86
        1.79     0.994922     14011382       196.92
        1.80     0.995313     14017182       213.33
        1.81     0.995703     14022598       232.73
        1.81     0.996094     14027705       256.00
        1.82     0.996289     14032163       269.47
        1.83     0.996484     14036245       284.44
        1.83     0.996680     14036245       301.18
        1.84     0.996875     14039769       320.00
        1.85     0.997070     14043157       341.33
        1.85     0.997266     14046001       365.71
        1.86     0.997461     14048414       393.85
        1.87     0.997656     14050628       426.67
        1.88     0.997852     14052523       465.45
        1.90     0.998047     14055400       512.00
        1.90     0.998145     14056446       538.95
        1.91     0.998242     14057284       568.89
        1.93     0.998340     14058516       602.35
        1.95     0.998437     14059915       640.00
        1.98     0.998535     14061170       682.67
        2.00     0.998633     14063311       731.43
        2.01     0.998730     14064462       787.69
        2.02     0.998828     14065702       853.33
        2.02     0.998926     14067080       930.91
        2.03     0.999023     14068317      1024.00
        2.04     0.999072     14069641      1077.89
        2.04     0.999121     14069641      1137.78
        2.05     0.999170     14070759      1204.71
        2.06     0.999219     14072898      1280.00
        2.06     0.999268     14072898      1365.33
        2.06     0.999316     14072898      1462.86
        2.06     0.999365     14072898      1575.38
        2.08     0.999414     14074977      1706.67
        2.08     0.999463     14074977      1861.82
        2.08     0.999512     14074977      2048.00
        2.10     0.999536     14076722      2155.79
        2.10     0.999561     14076722      2275.56
        2.10     0.999585     14076722      2409.41
        2.10     0.999609     14076722      2560.00
        2.10     0.999634     14076722      2730.67
        2.11     0.999658     14077792      2925.71
        2.11     0.999683     14077792      3150.77
        2.11     0.999707     14077792      3413.33
        2.13     0.999731     14078422      3723.64
        2.13     0.999756     14078422      4096.00
        2.14     0.999768     14078949      4311.58
        2.14     0.999780     14078949      4551.11
        2.14     0.999792     14078949      4818.82
        2.16     0.999805     14079288      5120.00
        2.16     0.999817     14079288      5461.33
        2.17     0.999829     14079391      5851.43
        2.21     0.999841     14079556      6301.54
        2.27     0.999854     14079722      6826.67
        2.37     0.999866     14079913      7447.27
        2.42     0.999878     14080061      8192.00
        2.45     0.999884     14080184      8623.16
        2.46     0.999890     14080232      9102.22
        2.50     0.999896     14080328      9637.65
        2.53     0.999902     14080422     10240.00
        2.58     0.999908     14080504     10922.67
        2.65     0.999915     14080580     11702.86
        2.73     0.999921     14080660     12603.08
        2.81     0.999927     14080746     13653.33
        2.86     0.999933     14080888     14894.55
        2.88     0.999939     14080957     16384.00
        2.90     0.999942     14081031     17246.32
        2.90     0.999945     14081031     18204.44
        2.91     0.999948     14081112     19275.29
        2.91     0.999951     14081112     20480.00
        2.93     0.999954     14081188     21845.33
        2.93     0.999957     14081188     23405.71
        2.94     0.999960     14081280     25206.15
        2.94     0.999963     14081280     27306.67
        2.96     0.999966     14081344     29789.09
        2.98     0.999969     14081412     32768.00
        2.98     0.999971     14081412     34492.63
        2.98     0.999973     14081412     36408.89
        2.98     0.999974     14081412     38550.59
        2.99     0.999976     14081463     40960.00
        2.99     0.999977     14081463     43690.67
        3.01     0.999979     14081496     46811.43
        3.01     0.999980     14081496     50412.31
        3.02     0.999982     14081535     54613.33
        3.04     0.999983     14081556     59578.18
        3.06     0.999985     14081570     65536.00
        3.06     0.999986     14081570     68985.26
        3.07     0.999986     14081589     72817.78
        3.09     0.999987     14081598     77101.18
        3.12     0.999988     14081606     81920.00
        3.18     0.999989     14081615     87381.33
        3.21     0.999989     14081637     93622.86
        3.21     0.999990     14081637    100824.62
        3.23     0.999991     14081649    109226.67
        4.19     0.999992     14081658    119156.36
        4.29     0.999992     14081667    131072.00
        5.05     0.999993     14081675    137970.53
        5.09     0.999993     14081678    145635.56
        5.47     0.999994     14081684    154202.35
        5.54     0.999994     14081689    163840.00
        5.60     0.999994     14081695    174762.67
        6.69     0.999995     14081702    187245.71
       19.71     0.999995     14081722    201649.23
       19.71     0.999995     14081722    218453.33
       19.71     0.999996     14081722    238312.73
       19.71     0.999996     14081722    262144.00
       40.96     0.999996     14081725    275941.05
       41.22     0.999997     14081735    291271.11
       41.22     0.999997     14081735    308404.71
       41.22     0.999997     14081735    327680.00
       41.22     0.999997     14081735    349525.33
       42.24     0.999997     14081737    374491.43
       57.85     0.999998     14081746    403298.46
       57.85     0.999998     14081746    436906.67
       57.85     0.999998     14081746    476625.45
       58.11     0.999998     14081757    524288.00
       58.11     0.999998     14081757    551882.11
       58.11     0.999998     14081757    582542.22
       58.11     0.999998     14081757    616809.41
       58.11     0.999998     14081757    655360.00
       58.11     0.999999     14081757    699050.67
       58.11     0.999999     14081757    748982.86
       58.11     0.999999     14081757    806596.92
       59.13     0.999999     14081774    873813.33
       59.13     1.000000     14081774          inf
#[Mean    =        0.839, StdDeviation   =        0.240]
#[Max     =       59.135, Total count    =     14081774]
#[Buckets =           20, SubBuckets     =          256]
