       Value   Percentile   TotalCount 1/(1-Percentile)

        0.01     0.000000            1         1.00
        0.46     0.050000      1424199         1.05
        0.71     0.100000      2857920         1.11
        0.78     0.150000      4345954         1.18
        0.79     0.200000      5673287         1.25
        0.81     0.250000      7734074         1.33
        0.81     0.300000      9039660         1.43
        0.82     0.350000     10506405         1.54
        0.83     0.400000     12102202         1.67
        0.84     0.450000     13755767         1.82
        0.85     0.500000     15413781         2.00
        0.85     0.525000     15413781         2.11
        0.85     0.550000     17014858         2.22
        0.85     0.575000     17014858         2.35
        0.85     0.600000     17014858         2.50
        0.86     0.625000     18523019         2.67
        0.86     0.650000     18523019         2.86
        0.87     0.675000     19891577         3.08
        0.87     0.700000     19891577         3.33
        0.88     0.725000     21114157         3.64
        0.89     0.750000     22192348         4.00
        0.89     0.762500     22192348         4.21
        0.89     0.775000     22192348         4.44
        0.89     0.787500     22192348         4.71
        0.90     0.800000     23121346         5.00
        0.90     0.812500     23121346         5.33
        0.90     0.825000     23913783         5.71
        0.90     0.837500     23913783         6.15
        0.91     0.850000     24565512         6.67
        0.91     0.862500     24565512         7.27
        0.92     0.875000     25103867         8.00
        0.92     0.881250     25103867         8.42
        0.92     0.887500     25103867         8.89
        0.93     0.893750     25534838         9.41
        0.93     0.900000     25534838        10.00
        0.94     0.906250     25879327        10.67
        0.94     0.912500     25879327        11.43
        0.94     0.918750     26148618        12.31
        0.94     0.925000     26148618        13.33
        0.95     0.931250     26354470        14.55
        0.96     0.937500     26508937        16.00
        0.96     0.940625     26508937        16.84
        0.97     0.943750     26628733        17.78
        0.97     0.946875     26718462        18.82
        0.98     0.950000     26786800        20.00
        1.00     0.953125     26879638        21.33
        1.02     0.956250     26963740        22.86
        1.05     0.959375     27032079        24.62
        1.12     0.962500     27128331        26.67
        1.17     0.965625     27211179        29.09
        1.22     0.968750     27306880        32.00
        1.24     0.970313     27351529        33.68
        1.26     0.971875     27390611        35.56
        1.29     0.973437     27432838        37.65
        1.34     0.975000     27477463        40.00
        1.44     0.976562     27516927        42.67
        1.55     0.978125     27565457        45.71
        1.59     0.979688     27614105        49.23
        1.61     0.981250     27658759        53.33
        1.63     0.982812     27695049        58.18
        1.66     0.984375     27757289        64.00
        1.66     0.985156     27779514        67.37
        1.67     0.985938     27802277        71.11
        1.68     0.986719     27825129        75.29
        1.68     0.987500     27825129        80.00
        1.69     0.988281     27847878        85.33
        1.70     0.989062     27870498        91.43
        1.70     0.989844     27892406        98.46
        1.71     0.990625     27913885       106.67
        1.73     0.991406     27953538       116.36
        1.74     0.992188     27971718       128.00
        1.74     0.992578     27971718       134.74
        1.74     0.992969     27988553       142.22
        1.75     0.993359     28004174       150.59
        1.75     0.993750     28004174       160.00
        1.76     0.994141     28018601       170.67
        1.77     0.994531     28032268       182.86
        1.77     0.994922     28044738       196.92
        1.77     0.995313     28044738       213.33
        1.78     0.995703     28056321       232.73
        1.79     0.996094     28066594       256.00
        1.80     0.996289     28076126       269.47
        1.81     0.996484     28084738       284.44
        1.81     0.996680     28084738       301.18
        1.81     0.996875     28092365       320.00
        1.82     0.997070     28099132       341.33
        1.83     0.997266     28105157       365.71
        1.83     0.997461     28105157       393.85
        1.85     0.997656     28114631       426.67
        1.85     0.997852     28118360       465.45
        1.86     0.998047     28121675       512.00
        1.87     0.998145     28124418       538.95
        1.89     0.998242     28128315       568.89
        1.90     0.998340     28130622       602.35
        1.93     0.998437     28132738       640.00
        1.97     0.998535     28136165       682.67
        1.98     0.998633     28138693       731.43
        2.00     0.998730     28142658       787.69
        2.01     0.998828     28145276       853.33
        2.02     0.998926     28147692       930.91
        2.02     0.999023     28150343      1024.00
        2.03     0.999072     28152987      1077.89
        2.03     0.999121     28152987      1137.78
        2.04     0.999170     28154919      1204.71
        2.04     0.999219     28154919      1280.00
        2.05     0.999268     28157017      1365.33
        2.06     0.999316     28161441      1462.86
        2.06     0.999365     28161441      1575.38
        2.06     0.999414     28161441      1706.67
        2.06     0.999463     28161441      1861.82
        2.08     0.999512     28165238      2048.00
        2.08     0.999536     28165238      2155.79
        2.08     0.999561     28165238      2275.56
        2.08     0.999585     28165238      2409.41
        2.10     0.999609     28167654      2560.00
        2.10     0.999634     28167654      2730.67
        2.10     0.999658     28167654      2925.71
        2.10     0.999683     28167654      3150.77
        2.11     0.999707     28169745      3413.33
        2.11     0.999731     28169745      3723.64
        2.11     0.999756     28169745      4096.00
        2.13     0.999768     28170820      4311.58
        2.13     0.999780     28170820      4551.11
        2.13     0.999792     28170820      4818.82
        2.14     0.999805     28171447      5120.00
        2.14     0.999817     28171447      5461.33
        2.16     0.999829     28171965      5851.43
        2.17     0.999841     28172160      6301.54
        2.21     0.999854     28172574      6826.67
        2.25     0.999866     28172804      7447.27
        2.35     0.999878     28173128      8192.00
        2.38     0.999884     28173318      8623.16
        2.42     0.999890     28173534      9102.22
        2.43     0.999896     28173644      9637.65
        2.46     0.999902     28173851     10240.00
        2.50     0.999908     28174006     10922.67
        2.54     0.999915     28174158     11702.86
        2.64     0.999921     28174300     12603.08
        2.78     0.999927     28174486     13653.33
        2.83     0.999933     28174714     14894.55
        2.85     0.999939     28174837     16384.00
        2.86     0.999942     28174979     17246.32
        2.88     0.999945     28175128     18204.44
        2.88     0.999948     28175128     19275.29
        2.90     0.999951     28175284     20480.00
        2.90     0.999954     28175284     21845.33
        2.91     0.999957     28175431     23405.71
        2.91     0.999960     28175431     25206.15
        2.93     0.999963     28175608     27306.67
        2.93     0.999966     28175608     29789.09
        2.94     0.999969     28175739     32768.00
        2.94     0.999971     28175739     34492.63
        2.96     0.999973     28175858     36408.89
        2.96     0.999974     28175858     38550.59
        2.96     0.999976     28175858     40960.00
        2.98     0.999977     28175961     43690.67
        2.98     0.999979     28175961     46811.43
        2.99     0.999980     28176052     50412.31
        2.99     0.999982     28176052     54613.33
        3.01     0.999983     28176120     59578.18
        3.01     0.999985     28176120     65536.00
        3.02     0.999986     28176172     68985.26
        3.02     0.999986     28176172     72817.78
        3.02     0.999987     28176172     77101.18
        3.04     0.999988     28176195     81920.00
        3.06     0.999989     28176217     87381.33
        3.09     0.999989     28176242     93622.86
        3.12     0.999990     28176255    100824.62
        3.57     0.999991     28176285    109226.67
        3.58     0.999992     28176305    119156.36
        3.60     0.999992     28176359    131072.00
        3.60     0.999993     28176359    137970.53
        3.60     0.999993     28176359    145635.56
        3.60     0.999994     28176359    154202.35
        3.65     0.999994     28176362    163840.00
       29.31     0.999994     28176426    174762.67
       29.31     0.999995     28176426    187245.71
       29.31     0.999995     28176426    201649.23
       29.31     0.999995     28176426    218453.33
       29.31     0.999996     28176426    238312.73
       29.31     0.999996     28176426    262144.00
       30.34     0.999996     28176432    275941.05
       31.74     0.999997     28176440    291271.11
       31.87     0.999997     28176454    308404.71
       31.87     0.999997     28176454    327680.00
       31.87     0.999997     28176454    349525.33
       32.00     0.999997     28176473    374491.43
       32.00     0.999998     28176473    403298.46
       32.00     0.999998     28176473    436906.67
       32.00     0.999998     28176473    476625.45
       32.13     0.999998     28176490    524288.00
       32.13     0.999998     28176490    551882.11
       32.13     0.999998     28176490    582542.22
       32.13     0.999998     28176490    616809.41
       32.13     0.999998     28176490    655360.00
       32.26     0.999999     28176495    699050.67
       32.26     0.999999     28176495    748982.86
       60.93     0.999999     28176528    806596.92
       60.93     0.999999     28176528    873813.33
       60.93     0.999999     28176528    953250.91
       60.93     0.999999     28176528   1048576.00
       60.93     0.999999     28176528   1103764.21
       60.93     0.999999     28176528   1165084.44
       60.93     0.999999     28176528   1233618.82
       60.93     0.999999     28176528   1310720.00
       60.93     0.999999     28176528   1398101.33
       60.93     0.999999     28176528   1497965.71
       60.93     0.999999     28176528   1613193.85
       60.93     0.999999     28176528   1747626.67
       60.93     0.999999     28176528   1906501.82
       60.93     1.000000     28176528   2097152.00
       60.93     1.000000     28176528   2207528.42
       60.93     1.000000     28176528   2330168.89
       60.93     1.000000     28176528   2467237.65
       60.93     1.000000     28176528   2621440.00
       60.93     1.000000     28176528   2796202.67
       60.93     1.000000     28176528   2995931.43
       60.93     1.000000     28176528   3226387.69
       60.93     1.000000     28176528   3495253.33
       60.93     1.000000     28176528   3813003.64
       60.93     1.000000     28176528   4194304.00
       60.93     1.000000     28176528   4415056.84
       60.93     1.000000     28176528   4660337.78
       60.93     1.000000     28176528   4934475.29
       60.93     1.000000     28176528   5242880.00
       60.93     1.000000     28176528   5592405.33
       60.93     1.000000     28176528   5991862.86
       60.93     1.000000     28176528   6452775.39
       60.93     1.000000     28176528   6990506.67
       61.44     1.000000     28176532   7626007.28
       61.44     1.000000     28176532          inf
#[Mean    =        0.832, StdDeviation   =        0.232]
#[Max     =       61.439, Total count    =     28176532]
#[Buckets =           20, SubBuckets     =          256]
