       Value   Percentile   TotalCount 1/(1-Percentile)

        0.02     0.000000          736         1.00
        0.48     0.050000       714878         1.05
        0.72     0.100000      1413250         1.11
        0.78     0.150000      2209429         1.18
        0.79     0.200000      2935458         1.25
        0.81     0.250000      4047718         1.33
        0.81     0.300000      4739603         1.43
        0.82     0.350000      5492472         1.54
        0.83     0.400000      6284970         1.67
        0.84     0.450000      7092202         1.82
        0.84     0.500000      7092202         2.00
        0.85     0.525000      7893952         2.11
        0.85     0.550000      7893952         2.22
        0.85     0.575000      8656471         2.35
        0.85     0.600000      8656471         2.50
        0.86     0.625000      9370911         2.67
        0.86     0.650000      9370911         2.86
        0.87     0.675000     10017986         3.08
        0.87     0.700000     10017986         3.33
        0.88     0.725000     10600226         3.64
        0.88     0.750000     10600226         4.00
        0.89     0.762500     11109406         4.21
        0.89     0.775000     11109406         4.44
        0.89     0.787500     11109406         4.71
        0.90     0.800000     11550823         5.00
        0.90     0.812500     11550823         5.33
        0.90     0.825000     11929558         5.71
        0.90     0.837500     11929558         6.15
        0.91     0.850000     12244170         6.67
        0.91     0.862500     12244170         7.27
        0.92     0.875000     12503180         8.00
        0.92     0.881250     12503180         8.42
        0.92     0.887500     12503180         8.89
        0.93     0.893750     12711197         9.41
        0.93     0.900000     12711197        10.00
        0.94     0.906250     12876711        10.67
        0.94     0.912500     12876711        11.43
        0.94     0.918750     13008892        12.31
        0.95     0.925000     13108951        13.33
        0.96     0.931250     13186190        14.55
        0.97     0.937500     13247329        16.00
        0.97     0.940625     13293301        16.84
        0.98     0.943750     13328557        17.78
        0.99     0.946875     13355155        18.82
        1.01     0.950000     13392595        20.00
        1.03     0.953125     13428841        21.33
        1.08     0.956250     13473941        22.86
        1.14     0.959375     13518442        24.62
        1.18     0.962500     13566570        26.67
        1.22     0.965625     13611341        29.09
        1.26     0.968750     13651235        32.00
        1.29     0.970313     13670979        33.68
        1.32     0.971875     13692412        35.56
        1.37     0.973437     13714690        37.65
        1.47     0.975000     13736043        40.00
        1.55     0.976562     13760040        42.67
        1.58     0.978125     13782310        45.71
        1.61     0.979688     13806385        49.23
        1.62     0.981250     13826085        53.33
        1.64     0.982812     13847843        58.18
        1.66     0.984375     13871245        64.00
        1.66     0.985156     13883186        67.37
        1.67     0.985938     13895359        71.11
        1.68     0.986719     13907460        75.29
        1.69     0.987500     13919265        80.00
        1.70     0.988281     13931142        85.33
        1.70     0.989062     13942488        91.43
        1.71     0.989844     13953217        98.46
        1.72     0.990625     13963479       106.67
        1.73     0.991406     13973234       116.36
        1.74     0.992188     13982325       128.00
        1.74     0.992578     13990828       134.74
        1.74     0.992969     13990828       142.22
        1.75     0.993359     13998904       150.59
        1.75     0.993750     13998904       160.00
        1.76     0.994141     14006320       170.67
        1.77     0.994531     14013176       182.86
        1.77     0.994922     14019526       196.92
        1.78     0.995313     14025265       213.33
        1.79     0.995703     14030563       232.73
        1.80     0.996094     14035421       256.00
        1.80     0.996289     14035421       269.47
        1.81     0.996484     14039845       284.44
        1.81     0.996680     14043758       301.18
        1.81     0.996875     14043758       320.00
        1.82     0.997070     14047168       341.33
        1.83     0.997266     14050173       365.71
        1.84     0.997461     14052846       393.85
        1.85     0.997656     14055097       426.67
        1.85     0.997852     14057107       465.45
        1.87     0.998047     14060225       512.00
        1.88     0.998145     14061322       538.95
        1.89     0.998242     14062212       568.89
        1.91     0.998340     14064041       602.35
        1.94     0.998437     14065183       640.00
        1.97     0.998535     14066528       682.67
        1.98     0.998633     14067797       731.43
        2.00     0.998730     14069628       787.69
        2.01     0.998828     14070798       853.33
        2.02     0.998926     14072045       930.91
        2.02     0.999023     14073484      1024.00
        2.03     0.999072     14075133      1077.89
        2.03     0.999121     14075133      1137.78
        2.04     0.999170     14076469      1204.71
        2.04     0.999219     14076469      1280.00
        2.05     0.999268     14077789      1365.33
        2.05     0.999316     14077789      1462.86
        2.06     0.999365     14079604      1575.38
        2.06     0.999414     14079604      1706.67
        2.06     0.999463     14079604      1861.82
        2.08     0.999512     14081321      2048.00
        2.08     0.999536     14081321      2155.79
        2.08     0.999561     14081321      2275.56
        2.08     0.999585     14081321      2409.41
        2.10     0.999609     14082698      2560.00
        2.10     0.999634     14082698      2730.67
        2.10     0.999658     14082698      2925.71
        2.10     0.999683     14082698      3150.77
        2.11     0.999707     14083303      3413.33
        2.11     0.999731     14083303      3723.64
        2.13     0.999756     14083829      4096.00
        2.13     0.999768     14083829      4311.58
        2.14     0.999780     14084296      4551.11
        2.14     0.999792     14084296      4818.82
        2.14     0.999805     14084296      5120.00
        2.16     0.999817     14084533      5461.33
        2.17     0.999829     14084731      5851.43
        2.17     0.999841     14084731      6301.54
        2.22     0.999854     14084906      6826.67
        2.32     0.999866     14085059      7447.27
        2.40     0.999878     14085253      8192.00
        2.42     0.999884     14085312      8623.16
        2.45     0.999890     14085434      9102.22
        2.46     0.999896     14085504      9637.65
        2.50     0.999902     14085590     10240.00
        2.54     0.999908     14085672     10922.67
        2.67     0.999915     14085759     11702.86
        2.75     0.999921     14085837     12603.08
        2.81     0.999927     14085949     13653.33
        2.83     0.999933     14086002     14894.55
        2.85     0.999939     14086088     16384.00
        2.86     0.999942     14086159     17246.32
        2.88     0.999945     14086249     18204.44
        2.88     0.999948     14086249     19275.29
        2.90     0.999951     14086332     20480.00
        2.90     0.999954     14086332     21845.33
        2.91     0.999957     14086426     23405.71
        2.91     0.999960     14086426     25206.15
        2.93     0.999963     14086506     27306.67
        2.93     0.999966     14086506     29789.09
        2.94     0.999969     14086570     32768.00
        2.94     0.999971     14086570     34492.63
        2.94     0.999973     14086570     36408.89
        2.96     0.999974     14086635     38550.59
        2.96     0.999976     14086635     40960.00
        2.96     0.999977     14086635     43690.67
        2.98     0.999979     14086678     46811.43
        2.98     0.999980     14086678     50412.31
        2.99     0.999982     14086726     54613.33
        2.99     0.999983     14086726     59578.18
        3.01     0.999985     14086754     65536.00
        3.01     0.999986     14086754     68985.26
        3.01     0.999986     14086754     72817.78
        3.02     0.999987     14086779     77101.18
        3.02     0.999988     14086779     81920.00
        3.04     0.999989     14086802     87381.33
        3.04     0.999989     14086802     93622.86
        3.06     0.999990     14086818    100824.62
        3.06     0.999991     14086818    109226.67
        3.09     0.999992     14086827    119156.36
        3.26     0.999992     14086837    131072.00
        3.60     0.999993     14086842    137970.53
       22.66     0.999993     14086876    145635.56
       22.66     0.999994     14086876    154202.35
       22.66     0.999994     14086876    163840.00
       22.66     0.999994     14086876    174762.67
       22.66     0.999995     14086876    187245.71
       22.66     0.999995     14086876    201649.23
       22.78     0.999995     14086899    218453.33
       22.78     0.999996     14086899    238312.73
       22.78     0.999996     14086899    262144.00
       22.78     0.999996     14086899    275941.05
       22.78     0.999997     14086899    291271.11
       22.78     0.999997     14086899    308404.71
       40.96     0.999997     14086943    327680.00
       40.96     0.999997     14086943    349525.33
       40.96     0.999997     14086943    374491.43
       40.96     0.999998     14086943    403298.46
       40.96     0.999998     14086943    436906.67
       40.96     0.999998     14086943    476625.45
       40.96     0.999998     14086943    524288.00
       40.96     0.999998     14086943    551882.11
       40.96     0.999998     14086943    582542.22
       40.96     0.999998     14086943    616809.41
       40.96     0.999998     14086943    655360.00
       40.96     0.999999     14086943    699050.67
       40.96     0.999999     14086943    748982.86
       40.96     0.999999     14086943    806596.92
       40.96     0.999999     14086943    873813.33
       40.96     0.999999     14086943    953250.91
       40.96     0.999999     14086943   1048576.00
       40.96     0.999999     14086943   1103764.21
       40.96     0.999999     14086943   1165084.44
       40.96     0.999999     14086943   1233618.82
       40.96     0.999999     14086943   1310720.00
       40.96     0.999999     14086943   1398101.33
       40.96     0.999999     14086943   1497965.71
       40.96     0.999999     14086943   1613193.85
       40.96     0.999999     14086943   1747626.67
       40.96     0.999999     14086943   1906501.82
       40.96     1.000000     14086943   2097152.00
       40.96     1.000000     14086943   2207528.42
       40.96     1.000000     14086943   2330168.89
       40.96     1.000000     14086943   2467237.65
       40.96     1.000000     14086943   2621440.00
       40.96     1.000000     14086943   2796202.67
       40.96     1.000000     14086943   2995931.43
       40.96     1.000000     14086943   3226387.69
       40.96     1.000000     14086943   3495253.33
       40.96     1.000000     14086943   3813003.64
       40.96     1.000000     14086943   4194304.00
       40.96     1.000000     14086943   4415056.84
       40.96     1.000000     14086943   4660337.78
       40.96     1.000000     14086943   4934475.29
       40.96     1.000000     14086943   5242880.00
       40.96     1.000000     14086943   5592405.33
       40.96     1.000000     14086943   5991862.86
       40.96     1.000000     14086943   6452775.39
       40.96     1.000000     14086943   6990506.67
       40.96     1.000000     14086943   7626007.28
       40.96     1.000000     14086943   8388608.00
       40.96     1.000000     14086943   8830113.68
       40.96     1.000000     14086943   9320675.55
       40.96     1.000000     14086943   9868950.59
       40.96     1.000000     14086943  10485760.00
       40.96     1.000000     14086943  11184810.67
       40.96     1.000000     14086943  11983725.71
       40.96     1.000000     14086943  12905550.76
       40.96     1.000000     14086943  13981013.34
       63.74     1.000000     14086944  15252014.55
       63.74     1.000000     14086944          inf
#[Mean    =        0.834, StdDeviation   =        0.230]
#[Max     =       63.743, Total count    =     14086944]
#[Buckets =           20, SubBuckets     =          256]
