       Value   Percentile   TotalCount 1/(1-Percentile)

        0.26     0.000000            1         1.00
        1.85     0.050000      3276341         1.05
        1.88     0.100000      5895333         1.11
        1.91     0.150000      9488867         1.18
        1.93     0.200000     11563295         1.25
        1.95     0.250000     14880273         1.33
        1.97     0.300000     17116955         1.43
        1.99     0.350000     20331994         1.54
        2.02     0.400000     23220865         1.67
        2.04     0.450000     25637015         1.82
        2.08     0.500000     28564844         2.00
        2.11     0.525000     30036360         2.11
        2.16     0.550000     31243877         2.22
        2.81     0.575000     32632479         2.35
        2.98     0.600000     34299979         2.50
        3.04     0.625000     35695318         2.67
        3.09     0.650000     37090116         2.86
        3.13     0.675000     38784414         3.08
        3.17     0.700000     40065630         3.33
        3.20     0.725000     41437676         3.64
        3.23     0.750000     42861524         4.00
        3.25     0.762500     43571057         4.21
        3.26     0.775000     44275247         4.44
        3.28     0.787500     44958546         4.71
        3.29     0.800000     45614110         5.00
        3.31     0.812500     46234913         5.33
        3.33     0.825000     46817718         5.71
        3.36     0.837500     47863757         6.15
        3.38     0.850000     48328615         6.67
        3.41     0.862500     49178574         7.27
        3.44     0.875000     49978701         8.00
        3.46     0.881250     50384685         8.42
        3.46     0.887500     50384685         8.89
        3.47     0.893750     50801372         9.41
        3.49     0.900000     51227971        10.00
        3.50     0.906250     51666194        10.67
        3.52     0.912500     52115910        11.43
        3.52     0.918750     52115910        12.31
        3.54     0.925000     52560981        13.33
        3.55     0.931250     52998747        14.55
        3.57     0.937500     53420764        16.00
        3.57     0.940625     53420764        16.84
        3.58     0.943750     53820279        17.78
        3.58     0.946875     53820279        18.82
        3.60     0.950000     54184973        20.00
        3.60     0.953125     54184973        21.33
        3.62     0.956250     54517299        22.86
        3.62     0.959375     54517299        24.62
        3.63     0.962500     54813033        26.67
        3.63     0.965625     54813033        29.09
        3.65     0.968750     55069344        32.00
        3.65     0.970313     55069344        33.68
        3.66     0.971875     55289729        35.56
        3.66     0.973437     55289729        37.65
        3.68     0.975000     55475961        40.00
        3.68     0.976562     55475961        42.67
        3.69     0.978125     55631690        45.71
        3.69     0.979688     55631690        49.23
        3.71     0.981250     55761923        53.33
        3.71     0.982812     55761923        58.18
        3.73     0.984375     55874066        64.00
        3.74     0.985156     55969115        67.37
        3.74     0.985938     55969115        71.11
        3.74     0.986719     55969115        75.29
        3.76     0.987500     56054245        80.00
        3.77     0.988281     56129629        85.33
        3.77     0.989062     56129629        91.43
        3.79     0.989844     56198257        98.46
        3.79     0.990625     56198257       106.67
        3.81     0.991406     56260266       116.36
        3.82     0.992188     56316728       128.00
        3.82     0.992578     56316728       134.74
        3.84     0.992969     56367681       142.22
        3.84     0.993359     56367681       150.59
        3.84     0.993750     56367681       160.00
        3.85     0.994141     56413778       170.67
        3.85     0.994531     56413778       182.86
        3.87     0.994922     56456593       196.92
        3.87     0.995313     56456593       213.33
        3.89     0.995703     56494055       232.73
        3.90     0.996094     56527545       256.00
        3.90     0.996289     56527545       269.47
        3.90     0.996484     56527545       284.44
        3.92     0.996680     56556383       301.18
        3.92     0.996875     56556383       320.00
        3.92     0.997070     56556383       341.33
        3.94     0.997266     56581807       365.71
        3.94     0.997461     56581807       393.85
        3.95     0.997656     56603080       426.67
        3.95     0.997852     56603080       465.45
        3.97     0.998047     56620680       512.00
        3.97     0.998145     56620680       538.95
        3.97     0.998242     56620680       568.89
        3.98     0.998340     56635699       602.35
        3.98     0.998437     56635699       640.00
        4.00     0.998535     56647753       682.67
        4.00     0.998633     56647753       731.43
        4.01     0.998730     56657943       787.69
        4.01     0.998828     56657943       853.33
        4.03     0.998926     56666011       930.91
        4.03     0.999023     56666011      1024.00
        4.05     0.999072     56672765      1077.89
        4.05     0.999121     56672765      1137.78
        4.06     0.999170     56678289      1204.71
        4.06     0.999219     56678289      1280.00
        4.08     0.999268     56682735      1365.33
        4.08     0.999316     56682735      1462.86
        4.09     0.999365     56686592      1575.38
        4.13     0.999414     56692348      1706.67
        4.13     0.999463     56692348      1861.82
        4.16     0.999512     56696576      2048.00
        4.16     0.999536     56696576      2155.79
        4.16     0.999561     56696576      2275.56
        4.19     0.999585     56699957      2409.41
        4.19     0.999609     56699957      2560.00
        4.19     0.999634     56699957      2730.67
        4.22     0.999658     56702505      2925.71
        4.22     0.999683     56702505      3150.77
        4.25     0.999707     56704825      3413.33
        4.29     0.999731     56706714      3723.64
        4.29     0.999756     56706714      4096.00
        4.32     0.999768     56708324      4311.58
        4.32     0.999780     56708324      4551.11
        4.35     0.999792     56709611      4818.82
        4.35     0.999805     56709611      5120.00
        4.38     0.999817     56710844      5461.33
        4.38     0.999829     56710844      5851.43
        4.42     0.999841     56711928      6301.54
        4.45     0.999854     56712904      6826.67
        4.45     0.999866     56712904      7447.27
        4.48     0.999878     56713730      8192.00
        4.48     0.999884     56713730      8623.16
        4.51     0.999890     56714515      9102.22
        4.51     0.999896     56714515      9637.65
        4.54     0.999902     56715180     10240.00
        4.54     0.999908     56715180     10922.67
        4.58     0.999915     56715744     11702.86
        4.58     0.999921     56715744     12603.08
        4.61     0.999927     56716267     13653.33
        4.64     0.999933     56716737     14894.55
        4.67     0.999939     56717227     16384.00
        4.67     0.999942     56717227     17246.32
        4.67     0.999945     56717227     18204.44
        4.70     0.999948     56717620     19275.29
        4.70     0.999951     56717620     20480.00
        4.74     0.999954     56718009     21845.33
        4.74     0.999957     56718009     23405.71
        4.74     0.999960     56718009     25206.15
        4.77     0.999963     56718302     27306.67
        4.80     0.999966     56718555     29789.09
        4.80     0.999969     56718555     32768.00
        4.83     0.999971     56718797     34492.63
        4.83     0.999973     56718797     36408.89
        4.83     0.999974     56718797     38550.59
        4.86     0.999976     56719015     40960.00
        4.86     0.999977     56719015     43690.67
        4.89     0.999979     56719167     46811.43
        4.89     0.999980     56719167     50412.31
        4.93     0.999982     56719299     54613.33
        4.93     0.999983     56719299     59578.18
        4.96     0.999985     56719401     65536.00
        4.99     0.999986     56719482     68985.26
        4.99     0.999986     56719482     72817.78
        5.02     0.999987     56719611     77101.18
        5.02     0.999988     56719611     81920.00
        5.02     0.999989     56719611     87381.33
        5.05     0.999989     56719687     93622.86
        5.05     0.999990     56719687    100824.62
        5.09     0.999991     56719757    109226.67
        5.12     0.999992     56719879    119156.36
        5.12     0.999992     56719879    131072.00
        5.12     0.999993     56719879    137970.53
        5.12     0.999993     56719879    145635.56
        5.12     0.999994     56719879    154202.35
        5.15     0.999994     56719935    163840.00
        5.15     0.999994     56719935    174762.67
        5.18     0.999995     56719969    187245.71
        5.18     0.999995     56719969    201649.23
        5.21     0.999995     56720013    218453.33
        5.21     0.999996     56720013    238312.73
        5.25     0.999996     56720033    262144.00
        5.28     0.999996     56720077    275941.05
        5.28     0.999997     56720077    291271.11
        5.28     0.999997     56720077    308404.71
        5.28     0.999997     56720077    327680.00
        5.31     0.999997     56720094    349525.33
        5.31     0.999997     56720094    374491.43
        5.34     0.999998     56720117    403298.46
        5.34     0.999998     56720117    436906.67
        5.38     0.999998     56720149    476625.45
        5.38     0.999998     56720149    524288.00
        5.38     0.999998     56720149    551882.11
        5.38     0.999998     56720149    582542.22
        5.41     0.999998     56720165    616809.41
        5.41     0.999998     56720165    655360.00
        5.41     0.999999     56720165    699050.67
        5.44     0.999999     56720172    748982.86
        5.47     0.999999     56720181    806596.92
        5.47     0.999999     56720181    873813.33
        5.50     0.999999     56720196    953250.91
        5.50     0.999999     56720196   1048576.00
        5.50     0.999999     56720196   1103764.21
        5.50     0.999999     56720196   1165084.44
        5.54     0.999999     56720211   1233618.82
        5.54     0.999999     56720211   1310720.00
        5.54     0.999999     56720211   1398101.33
        5.54     0.999999     56720211   1497965.71
        5.54     0.999999     56720211   1613193.85
        5.57     0.999999     56720215   1747626.67
        5.57     0.999999     56720215   1906501.82
        5.60     1.000000     56720223   2097152.00
        5.60     1.000000     56720223   2207528.42
        5.60     1.000000     56720223   2330168.89
        5.60     1.000000     56720223   2467237.65
        5.60     1.000000     56720223   2621440.00
        5.63     1.000000     56720230   2796202.67
        5.63     1.000000     56720230   2995931.43
        5.63     1.000000     56720230   3226387.69
        5.63     1.000000     56720230   3495253.33
        5.63     1.000000     56720230   3813003.64
        5.66     1.000000     56720238   4194304.00
        5.66     1.000000     56720238   4415056.84
        5.66     1.000000     56720238   4660337.78
        5.66     1.000000     56720238   4934475.29
        5.66     1.000000     56720238   5242880.00
        5.66     1.000000     56720238   5592405.33
        5.66     1.000000     56720238   5991862.86
        5.66     1.000000     56720238   6452775.39
        5.66     1.000000     56720238   6990506.67
        5.66     1.000000     56720238   7626007.28
        5.66     1.000000     56720238   8388608.00
        5.66     1.000000     56720238   8830113.68
        5.66     1.000000     56720238   9320675.55
        5.70     1.000000     56720239   9868950.59
        5.70     1.000000     56720239  10485760.00
        5.70     1.000000     56720239  11184810.67
        5.73     1.000000     56720240  11983725.71
        5.73     1.000000     56720240  12905550.76
        5.73     1.000000     56720240  13981013.34
        5.76     1.000000     56720242  15252014.55
        5.76     1.000000     56720242  16777216.00
        5.76     1.000000     56720242  17660227.38
        5.76     1.000000     56720242  18641351.10
        5.76     1.000000     56720242  19737901.19
        5.76     1.000000     56720242  20971519.98
        5.76     1.000000     56720242  22369621.33
        5.76     1.000000     56720242  23967451.45
        5.76     1.000000     56720242  25811101.52
        5.76     1.000000     56720242  27962026.68
        5.89     1.000000     56720243  30504029.05
        5.89     1.000000     56720243  33554432.00
        5.89     1.000000     56720243  35320454.76
        5.89     1.000000     56720243  37282702.28
        5.89     1.000000     56720243  39475802.28
        5.89     1.000000     56720243  41943039.96
        5.89     1.000000     56720243  44739242.67
        5.89     1.000000     56720243  47934902.91
        5.89     1.000000     56720243  51622203.20
        5.89     1.000000     56720243  55924053.19
        5.92     1.000000     56720244  61008058.10
        5.92     1.000000     56720244          inf
#[Mean    =        2.537, StdDeviation   =        0.679]
#[Max     =        5.919, Total count    =     56720244]
#[Buckets =           20, SubBuckets     =          256]
