ping
calls
1
histogram_usec
132
1
get
calls
14087781
histogram_usec
1
10255554
2
13844358
4
14079069
8
14086415
16
14087426
33
14087761
66
14087779
132
14087780
4227
14087781
setex
calls
14087829
histogram_usec
1
5702902
2
11959907
4
13951729
8
14072440
16
14083955
33
14087490
66
14087816
132
14087825
528
14087826
1056
14087827
2113
14087829
latency|histogram
calls
1
histogram_usec
132
1
latency|latest
calls
2
histogram_usec
4
1
8
2
info
calls
2
histogram_usec
264
2
dbsize
calls
1
histogram_usec
1
1
