       Value   Percentile   TotalCount 1/(1-Percentile)

        0.11     0.000000            1         1.00
        0.69     0.050000       168868         1.05
        0.69     0.100000       460747         1.11
        0.69     0.150000       460747         1.18
        0.69     0.200000       460747         1.25
        0.70     0.250000       873364         1.33
        0.70     0.300000       873364         1.43
        0.70     0.350000       873364         1.54
        0.71     0.400000      1267695         1.67
        0.71     0.450000      1267695         1.82
        0.71     0.500000      1267695         2.00
        0.71     0.525000      1267695         2.11
        0.71     0.550000      1267695         2.22
        0.72     0.575000      1615878         2.35
        0.72     0.600000      1615878         2.50
        0.72     0.625000      1615878         2.67
        0.72     0.650000      1615878         2.86
        0.72     0.675000      1615878         3.08
        0.72     0.700000      1615878         3.33
        0.73     0.725000      1897065         3.64
        0.73     0.750000      1897065         4.00
        0.73     0.762500      1897065         4.21
        0.73     0.775000      1897065         4.44
        0.73     0.787500      1897065         4.71
        0.73     0.800000      1897065         5.00
        0.73     0.812500      1897065         5.33
        0.73     0.825000      1897065         5.71
        0.73     0.837500      1897065         6.15
        0.73     0.850000      2061795         6.67
        0.73     0.862500      2061795         7.27
        0.73     0.875000      2061795         8.00
        0.73     0.881250      2061795         8.42
        0.73     0.887500      2061795         8.89
        0.73     0.893750      2061795         9.41
        0.73     0.900000      2061795        10.00
        0.73     0.906250      2061795        10.67
        0.73     0.912500      2061795        11.43
        0.74     0.918750      2126287        12.31
        0.74     0.925000      2126287        13.33
        0.74     0.931250      2126287        14.55
        0.74     0.937500      2126287        16.00
        0.74     0.940625      2126287        16.84
        0.74     0.943750      2126287        17.78
        0.75     0.946875      2148508        18.82
        0.75     0.950000      2148508        20.00
        0.75     0.953125      2148508        21.33
        0.76     0.956250      2159083        22.86
        0.77     0.959375      2166205        24.62
        0.78     0.962500      2171080        26.67
        0.79     0.965625      2176652        29.09
        0.82     0.968750      2184575        32.00
        0.83     0.970313      2187555        33.68
        0.84     0.971875      2190322        35.56
        0.85     0.973437      2193591        37.65
        0.94     0.975000      2196304        40.00
        1.05     0.976562      2199789        42.67
        1.37     0.978125      2203375        45.71
        1.38     0.979688      2208441        49.23
        1.39     0.981250      2212593        53.33
        1.40     0.982812      2217431        58.18
        1.40     0.984375      2217431        64.00
        1.41     0.985156      2222507        67.37
        1.41     0.985938      2222507        71.11
        1.42     0.986719      2227356        75.29
        1.42     0.987500      2227356        80.00
        1.42     0.988281      2227356        85.33
        1.42     0.989062      2231668        91.43
        1.42     0.989844      2231668        98.46
        1.42     0.990625      2231668       106.67
        1.43     0.991406      2235695       116.36
        1.43     0.992188      2235695       128.00
        1.44     0.992578      2239443       134.74
        1.44     0.992969      2239443       142.22
        1.44     0.993359      2239443       150.59
        1.44     0.993750      2239443       160.00
        1.44     0.994141      2239443       170.67
        1.45     0.994531      2242871       182.86
        1.45     0.994922      2242871       196.92
        1.45     0.995313      2242871       213.33
        1.45     0.995703      2242871       232.73
        1.46     0.996094      2245701       256.00
        1.46     0.996289      2245701       269.47
        1.46     0.996484      2245701       284.44
        1.46     0.996680      2245701       301.18
        1.46     0.996875      2245701       320.00
        1.46     0.997070      2247942       341.33
        1.46     0.997266      2247942       365.71
        1.46     0.997461      2247942       393.85
        1.46     0.997656      2247942       426.67
        1.46     0.997852      2247942       465.45
        1.47     0.998047      2249524       512.00
        1.47     0.998145      2249524       538.95
        1.47     0.998242      2249524       568.89
        1.47     0.998340      2249524       602.35
        1.47     0.998437      2249524       640.00
        1.47     0.998535      2249524       682.67
        1.47     0.998633      2249524       731.43
        1.48     0.998730      2250515       787.69
        1.48     0.998828      2250515       853.33
        1.48     0.998926      2250515       930.91
        1.48     0.999023      2250515      1024.00
        1.48     0.999072      2250515      1077.89
        1.49     0.999121      2251029      1137.78
        1.49     0.999170      2251029      1204.71
        1.49     0.999219      2251029      1280.00
        1.49     0.999268      2251029      1365.33
        1.49     0.999316      2251029      1462.86
        1.50     0.999365      2251284      1575.38
        1.50     0.999414      2251284      1706.67
        1.50     0.999463      2251467      1861.82
        1.50     0.999512      2251467      2048.00
        1.51     0.999536      2251616      2155.79
        1.51     0.999561      2251616      2275.56
        1.51     0.999585      2251616      2409.41
        1.52     0.999609      2251745      2560.00
        1.52     0.999634      2251745      2730.67
        1.53     0.999658      2251882      2925.71
        1.53     0.999683      2251882      3150.77
        1.53     0.999707      2251990      3413.33
        1.53     0.999731      2251990      3723.64
        1.54     0.999756      2252087      4096.00
        1.54     0.999768      2252087      4311.58
        1.54     0.999780      2252087      4551.11
        1.54     0.999792      2252087      4818.82
        1.55     0.999805      2252159      5120.00
        1.55     0.999817      2252159      5461.33
        1.55     0.999829      2252159      5851.43
        1.56     0.999841      2252224      6301.54
        1.56     0.999854      2252224      6826.67
        1.57     0.999866      2252282      7447.27
        1.57     0.999878      2252282      8192.00
        1.57     0.999884      2252282      8623.16
        1.57     0.999890      2252327      9102.22
        1.57     0.999896      2252327      9637.65
        1.57     0.999902      2252327     10240.00
        1.58     0.999908      2252355     10922.67
        1.58     0.999915      2252355     11702.86
        1.59     0.999921      2252385     12603.08
        1.59     0.999927      2252385     13653.33
        1.60     0.999933      2252402     14894.55
        1.61     0.999939      2252415     16384.00
        1.61     0.999942      2252415     17246.32
        1.61     0.999945      2252421     18204.44
        1.62     0.999948      2252428     19275.29
        1.64     0.999951      2252435     20480.00
        1.65     0.999954      2252439     21845.33
        1.66     0.999957      2252446     23405.71
        1.69     0.999960      2252453     25206.15
        1.71     0.999963      2252461     27306.67
        1.73     0.999966      2252468     29789.09
        1.78     0.999969      2252475     32768.00
        1.87     0.999971      2252478     34492.63
        1.92     0.999973      2252482     36408.89
        1.94     0.999974      2252486     38550.59
        1.97     0.999976      2252488     40960.00
        2.08     0.999977      2252494     43690.67
        2.08     0.999979      2252494     46811.43
        2.13     0.999980      2252499     50412.31
        2.14     0.999982      2252503     54613.33
        2.16     0.999983      2252505     59578.18
        2.19     0.999985      2252508     65536.00
        2.21     0.999986      2252510     68985.26
        2.24     0.999986      2252512     72817.78
        2.25     0.999987      2252513     77101.18
        2.50     0.999988      2252515     81920.00
        2.61     0.999989      2252517     87381.33
        2.81     0.999989      2252518     93622.86
        2.88     0.999990      2252520    100824.62
        3.09     0.999991      2252522    109226.67
        3.60     0.999992      2252524    119156.36
        4.58     0.999992      2252525    131072.00
        4.67     0.999993      2252526    137970.53
        4.70     0.999993      2252527    145635.56
        4.89     0.999994      2252528    154202.35
        4.96     0.999994      2252529    163840.00
        5.05     0.999994      2252530    174762.67
        5.05     0.999995      2252530    187245.71
        5.09     0.999995      2252531    201649.23
        5.12     0.999995      2252533    218453.33
        5.12     0.999996      2252533    238312.73
        5.21     0.999996      2252534    262144.00
        5.21     0.999996      2252534    275941.05
        5.25     0.999997      2252536    291271.11
        5.25     0.999997      2252536    308404.71
        5.25     0.999997      2252536    327680.00
        5.25     0.999997      2252536    349525.33
        5.25     0.999997      2252536    374491.43
        5.54     0.999998      2252537    403298.46
        5.54     0.999998      2252537    436906.67
        5.60     0.999998      2252539    476625.45
        5.60     0.999998      2252539    524288.00
        5.60     0.999998      2252539    551882.11
        5.60     0.999998      2252539    582542.22
        5.60     0.999998      2252539    616809.41
        5.60     0.999998      2252539    655360.00
        5.60     0.999999      2252539    699050.67
        5.60     0.999999      2252539    748982.86
        5.63     0.999999      2252540    806596.92
        5.63     0.999999      2252540    873813.33
        5.63     0.999999      2252540    953250.91
        5.63     0.999999      2252540   1048576.00
        5.63     0.999999      2252540   1103764.21
        5.73     0.999999      2252541   1165084.44
        5.73     0.999999      2252541   1233618.82
        5.73     0.999999      2252541   1310720.00
        5.73     0.999999      2252541   1398101.33
        5.73     0.999999      2252541   1497965.71
        5.73     0.999999      2252541   1613193.85
        5.73     0.999999      2252541   1747626.67
        5.73     0.999999      2252541   1906501.82
        5.73     1.000000      2252541   2097152.00
        5.73     1.000000      2252541   2207528.42
        5.82     1.000000      2252542   2330168.89
        5.82     1.000000      2252542          inf
#[Mean    =        0.727, StdDeviation   =        0.110]
#[Max     =        5.823, Total count    =      2252542]
#[Buckets =           20, SubBuckets     =          256]
