       Value   Percentile   TotalCount 1/(1-Percentile)

        0.10     0.000000            1         1.00
        0.69     0.050000      1757716         1.05
        0.69     0.100000      4727267         1.11
        0.69     0.150000      4727267         1.18
        0.69     0.200000      4727267         1.25
        0.70     0.250000      8868276         1.33
        0.70     0.300000      8868276         1.43
        0.70     0.350000      8868276         1.54
        0.71     0.400000     12805268         1.67
        0.71     0.450000     12805268         1.82
        0.71     0.500000     12805268         2.00
        0.71     0.525000     12805268         2.11
        0.71     0.550000     12805268         2.22
        0.72     0.575000     16275201         2.35
        0.72     0.600000     16275201         2.50
        0.72     0.625000     16275201         2.67
        0.72     0.650000     16275201         2.86
        0.72     0.675000     16275201         3.08
        0.72     0.700000     16275201         3.33
        0.73     0.725000     19060596         3.64
        0.73     0.750000     19060596         4.00
        0.73     0.762500     19060596         4.21
        0.73     0.775000     19060596         4.44
        0.73     0.787500     19060596         4.71
        0.73     0.800000     19060596         5.00
        0.73     0.812500     19060596         5.33
        0.73     0.825000     19060596         5.71
        0.73     0.837500     19060596         6.15
        0.73     0.850000     20682171         6.67
        0.73     0.862500     20682171         7.27
        0.73     0.875000     20682171         8.00
        0.73     0.881250     20682171         8.42
        0.73     0.887500     20682171         8.89
        0.73     0.893750     20682171         9.41
        0.73     0.900000     20682171        10.00
        0.73     0.906250     20682171        10.67
        0.73     0.912500     20682171        11.43
        0.74     0.918750     21312877        12.31
        0.74     0.925000     21312877        13.33
        0.74     0.931250     21312877        14.55
        0.74     0.937500     21312877        16.00
        0.74     0.940625     21312877        16.84
        0.74     0.943750     21312877        17.78
        0.75     0.946875     21531534        18.82
        0.75     0.950000     21531534        20.00
        0.75     0.953125     21531534        21.33
        0.76     0.956250     21635925        22.86
        0.76     0.959375     21635925        24.62
        0.77     0.962500     21705077        26.67
        0.78     0.965625     21752550        29.09
        0.80     0.968750     21821523        32.00
        0.81     0.970313     21856555        33.68
        0.83     0.971875     21915558        35.56
        0.84     0.973437     21942698        37.65
        0.85     0.975000     21962978        40.00
        0.94     0.976562     21998187        42.67
        1.32     0.978125     22032504        45.71
        1.38     0.979688     22077095        49.23
        1.38     0.981250     22106644        53.33
        1.39     0.982812     22145948        58.18
        1.40     0.984375     22192123        64.00
        1.40     0.985156     22192123        67.37
        1.41     0.985938     22239974        71.11
        1.41     0.986719     22239974        75.29
        1.42     0.987500     22285193        80.00
        1.42     0.988281     22285193        85.33
        1.42     0.989062     22285193        91.43
        1.42     0.989844     22326719        98.46
        1.42     0.990625     22326719       106.67
        1.43     0.991406     22364986       116.36
        1.43     0.992188     22364986       128.00
        1.43     0.992578     22364986       134.74
        1.44     0.992969     22400556       142.22
        1.44     0.993359     22400556       150.59
        1.44     0.993750     22400556       160.00
        1.44     0.994141     22400556       170.67
        1.45     0.994531     22433076       182.86
        1.45     0.994922     22433076       196.92
        1.45     0.995313     22433076       213.33
        1.45     0.995703     22433076       232.73
        1.46     0.996094     22460946       256.00
        1.46     0.996289     22460946       269.47
        1.46     0.996484     22460946       284.44
        1.46     0.996680     22460946       301.18
        1.46     0.996875     22460946       320.00
        1.46     0.997070     22460946       341.33
        1.46     0.997266     22482143       365.71
        1.46     0.997461     22482143       393.85
        1.46     0.997656     22482143       426.67
        1.46     0.997852     22482143       465.45
        1.46     0.998047     22482143       512.00
        1.47     0.998145     22496594       538.95
        1.47     0.998242     22496594       568.89
        1.47     0.998340     22496594       602.35
        1.47     0.998437     22496594       640.00
        1.47     0.998535     22496594       682.67
        1.47     0.998633     22496594       731.43
        1.47     0.998730     22496594       787.69
        1.48     0.998828     22505313       853.33
        1.48     0.998926     22505313       930.91
        1.48     0.999023     22505313      1024.00
        1.48     0.999072     22505313      1077.89
        1.48     0.999121     22505313      1137.78
        1.49     0.999170     22510255      1204.71
        1.49     0.999219     22510255      1280.00
        1.49     0.999268     22510255      1365.33
        1.49     0.999316     22510255      1462.86
        1.50     0.999365     22513036      1575.38
        1.50     0.999414     22513036      1706.67
        1.50     0.999463     22513036      1861.82
        1.50     0.999512     22514798      2048.00
        1.50     0.999536     22514798      2155.79
        1.51     0.999561     22516204      2275.56
        1.51     0.999585     22516204      2409.41
        1.51     0.999609     22516204      2560.00
        1.52     0.999634     22517592      2730.67
        1.52     0.999658     22517592      2925.71
        1.53     0.999683     22518801      3150.77
        1.53     0.999707     22518801      3413.33
        1.53     0.999731     22519825      3723.64
        1.53     0.999756     22519825      4096.00
        1.53     0.999768     22519825      4311.58
        1.54     0.999780     22520673      4551.11
        1.54     0.999792     22520673      4818.82
        1.54     0.999805     22520673      5120.00
        1.55     0.999817     22521376      5461.33
        1.55     0.999829     22521376      5851.43
        1.56     0.999841     22522006      6301.54
        1.56     0.999854     22522006      6826.67
        1.56     0.999866     22522006      7447.27
        1.57     0.999878     22522541      8192.00
        1.57     0.999884     22522541      8623.16
        1.57     0.999890     22522541      9102.22
        1.57     0.999896     22522979      9637.65
        1.57     0.999902     22522979     10240.00
        1.57     0.999908     22522979     10922.67
        1.58     0.999915     22523331     11702.86
        1.58     0.999921     22523331     12603.08
        1.58     0.999927     22523331     13653.33
        1.59     0.999933     22523599     14894.55
        1.59     0.999939     22523599     16384.00
        1.60     0.999942     22523800     17246.32
        1.60     0.999945     22523800     18204.44
        1.61     0.999948     22523912     19275.29
        1.61     0.999951     22523912     20480.00
        1.61     0.999954     22523988     21845.33
        1.62     0.999957     22524059     23405.71
        1.63     0.999960     22524104     25206.15
        1.66     0.999963     22524168     27306.67
        1.69     0.999966     22524226     29789.09
        1.75     0.999969     22524285     32768.00
        1.77     0.999971     22524318     34492.63
        1.81     0.999973     22524355     36408.89
        1.86     0.999974     22524395     38550.59
        1.90     0.999976     22524429     40960.00
        1.94     0.999977     22524458     43690.67
        1.98     0.999979     22524492     46811.43
        2.03     0.999980     22524531     50412.31
        2.06     0.999982     22524566     54613.33
        2.11     0.999983     22524612     59578.18
        2.13     0.999985     22524629     65536.00
        2.14     0.999986     22524654     68985.26
        2.16     0.999986     22524667     72817.78
        2.17     0.999987     22524682     77101.18
        2.21     0.999988     22524701     81920.00
        2.30     0.999989     22524722     87381.33
        2.33     0.999989     22524735     93622.86
        2.48     0.999990     22524748    100824.62
        2.75     0.999991     22524765    109226.67
        2.85     0.999992     22524785    119156.36
        2.94     0.999992     22524800    131072.00
        2.99     0.999993     22524809    137970.53
        3.02     0.999993     22524822    145635.56
        3.04     0.999994     22524826    154202.35
        3.20     0.999994     22524834    163840.00
        3.47     0.999994     22524843    174762.67
        3.54     0.999995     22524851    187245.71
        3.68     0.999995     22524860    201649.23
        4.42     0.999995     22524869    218453.33
        4.64     0.999996     22524880    238312.73
        4.70     0.999996     22524888    262144.00
        4.74     0.999996     22524893    275941.05
        4.77     0.999997     22524896    291271.11
        4.80     0.999997     22524898    308404.71
        4.86     0.999997     22524904    327680.00
        4.96     0.999997     22524908    349525.33
        4.99     0.999997     22524911    374491.43
        5.05     0.999998     22524917    403298.46
        5.09     0.999998     22524923    436906.67
        5.12     0.999998     22524926    476625.45
        5.15     0.999998     22524929    524288.00
        5.18     0.999998     22524933    551882.11
        5.18     0.999998     22524933    582542.22
        5.21     0.999998     22524935    616809.41
        5.25     0.999998     22524937    655360.00
        5.28     0.999999     22524940    699050.67
        5.31     0.999999     22524942    748982.86
        5.54     0.999999     22524944    806596.92
        5.57     0.999999     22524947    873813.33
        5.60     0.999999     22524950    953250.91
        5.60     0.999999     22524950   1048576.00
        5.63     0.999999     22524953   1103764.21
        5.63     0.999999     22524953   1165084.44
        5.63     0.999999     22524953   1233618.82
        5.66     0.999999     22524955   1310720.00
        5.66     0.999999     22524955   1398101.33
        5.73     0.999999     22524958   1497965.71
        5.73     0.999999     22524958   1613193.85
        5.76     0.999999     22524961   1747626.67
        5.76     0.999999     22524961   1906501.82
        5.76     1.000000     22524961   2097152.00
        5.76     1.000000     22524961   2207528.42
        5.79     1.000000     22524964   2330168.89
        5.79     1.000000     22524964   2467237.65
        5.79     1.000000     22524964   2621440.00
        5.79     1.000000     22524964   2796202.67
        5.79     1.000000     22524964   2995931.43
        5.82     1.000000     22524966   3226387.69
        5.82     1.000000     22524966   3495253.33
        5.82     1.000000     22524966   3813003.64
        5.82     1.000000     22524966   4194304.00
        5.82     1.000000     22524966   4415056.84
        5.86     1.000000     22524969   4660337.78
        5.86     1.000000     22524969   4934475.29
        5.86     1.000000     22524969   5242880.00
        5.86     1.000000     22524969   5592405.33
        5.86     1.000000     22524969   5991862.86
        5.86     1.000000     22524969   6452775.39
        5.86     1.000000     22524969   6990506.67
        5.86     1.000000     22524969   7626007.28
        5.86     1.000000     22524969   8388608.00
        5.86     1.000000     22524969   8830113.68
        5.86     1.000000     22524969   9320675.55
        5.86     1.000000     22524969   9868950.59
        5.86     1.000000     22524969  10485760.00
        5.86     1.000000     22524969  11184810.67
        5.89     1.000000     22524971  11983725.71
        5.89     1.000000     22524971          inf
#[Mean    =        0.726, StdDeviation   =        0.107]
#[Max     =        5.887, Total count    =     22524971]
#[Buckets =           20, SubBuckets     =          256]
