       Value   Percentile   TotalCount 1/(1-Percentile)

        0.02     0.000000        16176         1.00
        0.34     0.050000      1425437         1.05
        0.57     0.100000      2827369         1.11
        0.66     0.150000      4367613         1.18
        0.68     0.200000      6308863         1.25
        0.69     0.250000      7732761         1.33
        0.69     0.300000      9477477         1.43
        0.70     0.350000     11556552         1.54
        0.70     0.400000     11556552         1.67
        0.71     0.450000     14024351         1.82
        0.72     0.500000     16909411         2.00
        0.72     0.525000     16909411         2.11
        0.72     0.550000     16909411         2.22
        0.72     0.575000     16909411         2.35
        0.73     0.600000     20226973         2.50
        0.73     0.625000     20226973         2.67
        0.73     0.650000     20226973         2.86
        0.73     0.675000     20226973         3.08
        0.73     0.700000     20226973         3.33
        0.73     0.725000     23200617         3.64
        0.73     0.750000     23200617         4.00
        0.73     0.762500     23200617         4.21
        0.73     0.775000     23200617         4.44
        0.73     0.787500     23200617         4.71
        0.73     0.800000     23200617         5.00
        0.73     0.812500     23200617         5.33
        0.74     0.825000     25086658         5.71
        0.74     0.837500     25086658         6.15
        0.74     0.850000     25086658         6.67
        0.74     0.862500     25086658         7.27
        0.74     0.875000     25086658         8.00
        0.74     0.881250     25086658         8.42
        0.74     0.887500     25086658         8.89
        0.75     0.893750     26014559         9.41
        0.75     0.900000     26014559        10.00
        0.75     0.906250     26014559        10.67
        0.75     0.912500     26014559        11.43
        0.75     0.918750     26014559        12.31
        0.76     0.925000     26430518        13.33
        0.76     0.931250     26430518        14.55
        0.77     0.937500     26632702        16.00
        0.77     0.940625     26632702        16.84
        0.77     0.943750     26632702        17.78
        0.78     0.946875     26740171        18.82
        0.78     0.950000     26810699        20.00
        0.80     0.953125     26917294        21.33
        0.81     0.956250     26992538        22.86
        0.83     0.959375     27064571        24.62
        0.85     0.962500     27173105        26.67
        0.88     0.965625     27241550        29.09
        0.92     0.968750     27326620        32.00
        0.94     0.970313     27367211        33.68
        0.95     0.971875     27408423        35.56
        0.97     0.973437     27464254        37.65
        1.00     0.975000     27508637        40.00
        1.03     0.976562     27539955        42.67
        1.18     0.978125     27585727        45.71
        1.29     0.979688     27629103        49.23
        1.33     0.981250     27675224        53.33
        1.36     0.982812     27722256        58.18
        1.38     0.984375     27760416        64.00
        1.39     0.985156     27804510        67.37
        1.39     0.985938     27804510        71.11
        1.40     0.986719     27829417        75.29
        1.41     0.987500     27855709        80.00
        1.42     0.988281     27883737        85.33
        1.42     0.989062     27913442        91.43
        1.43     0.989844     27945136        98.46
        1.43     0.990625     27945136       106.67
        1.44     0.991406     27978640       116.36
        1.45     0.992188     28014654       128.00
        1.45     0.992578     28014654       134.74
        1.45     0.992969     28014654       142.22
        1.45     0.993359     28014654       150.59
        1.46     0.993750     28051672       160.00
        1.46     0.994141     28051672       170.67
        1.46     0.994531     28051672       182.86
        1.46     0.994922     28087420       196.92
        1.46     0.995313     28087420       213.33
        1.46     0.995703     28087420       232.73
        1.47     0.996094     28118750       256.00
        1.47     0.996289     28118750       269.47
        1.47     0.996484     28118750       284.44
        1.47     0.996680     28118750       301.18
        1.47     0.996875     28118750       320.00
        1.47     0.997070     28118750       341.33
        1.48     0.997266     28143482       365.71
        1.48     0.997461     28143482       393.85
        1.48     0.997656     28143482       426.67
        1.48     0.997852     28143482       465.45
        1.49     0.998047     28161413       512.00
        1.49     0.998145     28161413       538.95
        1.49     0.998242     28161413       568.89
        1.49     0.998340     28161413       602.35
        1.49     0.998437     28161413       640.00
        1.49     0.998535     28161413       682.67
        1.50     0.998633     28173420       731.43
        1.50     0.998730     28173420       787.69
        1.50     0.998828     28173420       853.33
        1.50     0.998926     28173420       930.91
        1.50     0.999023     28173420      1024.00
        1.50     0.999072     28181041      1077.89
        1.50     0.999121     28181041      1137.78
        1.50     0.999170     28181041      1204.71
        1.50     0.999219     28181041      1280.00
        1.50     0.999268     28181041      1365.33
        1.51     0.999316     28185741      1462.86
        1.51     0.999365     28185741      1575.38
        1.51     0.999414     28185741      1706.67
        1.51     0.999463     28185741      1861.82
        1.52     0.999512     28188777      2048.00
        1.52     0.999536     28188777      2155.79
        1.52     0.999561     28188777      2275.56
        1.53     0.999585     28190933      2409.41
        1.53     0.999609     28190933      2560.00
        1.53     0.999634     28190933      2730.67
        1.53     0.999658     28192477      2925.71
        1.53     0.999683     28192477      3150.77
        1.53     0.999707     28192477      3413.33
        1.54     0.999731     28193750      3723.64
        1.55     0.999756     28194800      4096.00
        1.55     0.999768     28194800      4311.58
        1.55     0.999780     28194800      4551.11
        1.56     0.999792     28195666      4818.82
        1.56     0.999805     28195666      5120.00
        1.56     0.999817     28195666      5461.33
        1.57     0.999829     28196463      5851.43
        1.57     0.999841     28196463      6301.54
        1.57     0.999854     28197155      6826.67
        1.57     0.999866     28197155      7447.27
        1.58     0.999878     28197775      8192.00
        1.58     0.999884     28197775      8623.16
        1.58     0.999890     28197775      9102.22
        1.58     0.999896     28197775      9637.65
        1.59     0.999902     28198318     10240.00
        1.59     0.999908     28198318     10922.67
        1.59     0.999915     28198318     11702.86
        1.60     0.999921     28198749     12603.08
        1.60     0.999927     28198749     13653.33
        1.61     0.999933     28199118     14894.55
        1.61     0.999939     28199118     16384.00
        1.61     0.999942     28199118     17246.32
        1.61     0.999945     28199344     18204.44
        1.61     0.999948     28199344     19275.29
        1.61     0.999951     28199344     20480.00
        1.62     0.999954     28199523     21845.33
        1.62     0.999957     28199523     23405.71
        1.63     0.999960     28199633     25206.15
        1.64     0.999963     28199714     27306.67
        1.65     0.999966     28199766     29789.09
        1.66     0.999969     28199844     32768.00
        1.67     0.999971     28199880     34492.63
        1.68     0.999973     28199908     36408.89
        1.70     0.999974     28199962     38550.59
        1.72     0.999976     28200007     40960.00
        1.74     0.999977     28200036     43690.67
        1.77     0.999979     28200078     46811.43
        1.81     0.999980     28200134     50412.31
        1.85     0.999982     28200168     54613.33
        1.89     0.999983     28200212     59578.18
        1.94     0.999985     28200250     65536.00
        1.98     0.999986     28200275     68985.26
        2.01     0.999986     28200292     72817.78
        2.03     0.999987     28200314     77101.18
        2.06     0.999988     28200337     81920.00
        2.10     0.999989     28200364     87381.33
        2.13     0.999989     28200383     93622.86
        2.16     0.999990     28200411    100824.62
        2.19     0.999991     28200428    109226.67
        2.22     0.999992     28200447    119156.36
        2.25     0.999992     28200469    131072.00
        2.27     0.999993     28200475    137970.53
        2.29     0.999993     28200487    145635.56
        2.33     0.999994     28200498    154202.35
        2.42     0.999994     28200507    163840.00
        2.69     0.999994     28200518    174762.67
        2.83     0.999995     28200533    187245.71
        2.85     0.999995     28200541    201649.23
        3.01     0.999995     28200550    218453.33
        3.13     0.999996     28200562    238312.73
        3.17     0.999996     28200577    262144.00
        3.17     0.999996     28200577    275941.05
        4.70     0.999997     28200584    291271.11
        4.77     0.999997     28200589    308404.71
        4.80     0.999997     28200593    327680.00
        4.86     0.999997     28200599    349525.33
        4.93     0.999997     28200604    374491.43
        7.10     0.999998     28200613    403298.46
        7.13     0.999998     28200616    436906.67
        7.17     0.999998     28200620    476625.45
        7.20     0.999998     28200628    524288.00
        7.20     0.999998     28200628    551882.11
        8.38     0.999998     28200639    582542.22
        8.38     0.999998     28200639    616809.41
        8.38     0.999998     28200639    655360.00
        8.38     0.999999     28200639    699050.67
        8.45     0.999999     28200650    748982.86
        8.45     0.999999     28200650    806596.92
        8.45     0.999999     28200650    873813.33
        8.45     0.999999     28200650    953250.91
        8.64     0.999999     28200668   1048576.00
        8.64     0.999999     28200668   1103764.21
        8.64     0.999999     28200668   1165084.44
        8.64     0.999999     28200668   1233618.82
        8.64     0.999999     28200668   1310720.00
        8.64     0.999999     28200668   1398101.33
        8.64     0.999999     28200668   1497965.71
        8.64     0.999999     28200668   1613193.85
        8.64     0.999999     28200668   1747626.67
        8.64     0.999999     28200668   1906501.82
        8.64     1.000000     28200668   2097152.00
        8.64     1.000000     28200668   2207528.42
        8.64     1.000000     28200668   2330168.89
        8.64     1.000000     28200668   2467237.65
        8.70     1.000000     28200674   2621440.00
        8.70     1.000000     28200674   2796202.67
        8.70     1.000000     28200674   2995931.43
        8.70     1.000000     28200674   3226387.69
        8.70     1.000000     28200674   3495253.33
        8.70     1.000000     28200674   3813003.64
        8.70     1.000000     28200674   4194304.00
        8.70     1.000000     28200674   4415056.84
        8.70     1.000000     28200674   4660337.78
        8.70     1.000000     28200674   4934475.29
        8.70     1.000000     28200674   5242880.00
        8.70     1.000000     28200674   5592405.33
        8.77     1.000000     28200679   5991862.86
        8.77     1.000000     28200679          inf
#[Mean    =        0.692, StdDeviation   =        0.172]
#[Max     =        8.767, Total count    =     28200679]
#[Buckets =           20, SubBuckets     =          256]
