       Value   Percentile   TotalCount 1/(1-Percentile)

        0.02     0.000000        11838         1.00
        0.38     0.050000       851934         1.05
        0.60     0.100000      1726195         1.11
        0.68     0.150000      2729303         1.18
        0.69     0.200000      3829758         1.25
        0.70     0.250000      4636487         1.33
        0.71     0.300000      5638696         1.43
        0.72     0.350000      6846277         1.54
        0.72     0.400000      6846277         1.67
        0.73     0.450000      8273495         1.82
        0.73     0.500000      9875185         2.00
        0.73     0.525000      9875185         2.11
        0.73     0.550000      9875185         2.22
        0.73     0.575000      9875185         2.35
        0.74     0.600000     11456709         2.50
        0.74     0.625000     11456709         2.67
        0.74     0.650000     11456709         2.86
        0.74     0.675000     11456709         3.08
        0.75     0.700000     12782705         3.33
        0.75     0.725000     12782705         3.64
        0.75     0.750000     12782705         4.00
        0.76     0.762500     13693462         4.21
        0.76     0.775000     13693462         4.44
        0.76     0.787500     13693462         4.71
        0.76     0.800000     13693462         5.00
        0.77     0.812500     14222706         5.33
        0.77     0.825000     14222706         5.71
        0.77     0.837500     14222706         6.15
        0.78     0.850000     14508740         6.67
        0.78     0.862500     14671242         7.27
        0.80     0.875000     14907540         8.00
        0.80     0.881250     14907540         8.42
        0.81     0.887500     15024489         8.89
        0.81     0.893750     15149104         9.41
        0.82     0.900000     15281296        10.00
        0.83     0.906250     15418459        10.67
        0.84     0.912500     15561818        11.43
        0.84     0.918750     15561818        12.31
        0.85     0.925000     15701106        13.33
        0.85     0.931250     15828053        14.55
        0.86     0.937500     15934681        16.00
        0.86     0.940625     15934681        16.84
        0.87     0.943750     16019932        17.78
        0.87     0.946875     16019932        18.82
        0.88     0.950000     16087161        20.00
        0.89     0.953125     16137589        21.33
        0.90     0.956250     16177315        22.86
        0.91     0.959375     16238761        24.62
        0.93     0.962500     16287820        26.67
        0.95     0.965625     16345230        29.09
        0.97     0.968750     16380699        32.00
        0.98     0.970313     16411677        33.68
        1.00     0.971875     16437958        35.56
        1.02     0.973437     16467341        37.65
        1.05     0.975000     16489840        40.00
        1.13     0.976562     16512517        42.67
        1.23     0.978125     16539874        45.71
        1.33     0.979688     16566722        49.23
        1.37     0.981250     16593308        53.33
        1.39     0.982812     16618256        58.18
        1.42     0.984375     16650790        64.00
        1.42     0.985156     16663555        67.37
        1.43     0.985938     16677290        71.11
        1.44     0.986719     16691842        75.29
        1.45     0.987500     16707446        80.00
        1.46     0.988281     16724017        85.33
        1.46     0.989062     16724017        91.43
        1.46     0.989844     16742029        98.46
        1.47     0.990625     16761600       106.67
        1.48     0.991406     16781107       116.36
        1.48     0.992188     16781107       128.00
        1.49     0.992578     16799488       134.74
        1.49     0.992969     16799488       142.22
        1.49     0.993359     16799488       150.59
        1.50     0.993750     16816100       160.00
        1.50     0.994141     16816100       170.67
        1.50     0.994531     16816100       182.86
        1.50     0.994922     16830207       196.92
        1.50     0.995313     16830207       213.33
        1.51     0.995703     16841218       232.73
        1.52     0.996094     16849880       256.00
        1.52     0.996289     16849880       269.47
        1.52     0.996484     16849880       284.44
        1.53     0.996680     16856196       301.18
        1.53     0.996875     16856196       320.00
        1.53     0.997070     16860857       341.33
        1.54     0.997266     16864354       365.71
        1.55     0.997461     16867018       393.85
        1.56     0.997656     16869232       426.67
        1.57     0.997852     16872729       465.45
        1.59     0.998047     16875808       512.00
        1.60     0.998145     16877314       538.95
        1.61     0.998242     16878927       568.89
        1.61     0.998340     16880496       602.35
        1.63     0.998437     16883596       640.00
        1.64     0.998535     16885191       682.67
        1.65     0.998633     16886671       731.43
        1.66     0.998730     16888172       787.69
        1.66     0.998828     16889713       853.33
        1.67     0.998926     16891288       930.91
        1.68     0.999023     16892821      1024.00
        1.68     0.999072     16892821      1077.89
        1.69     0.999121     16894337      1137.78
        1.70     0.999170     16895776      1204.71
        1.70     0.999219     16895776      1280.00
        1.70     0.999268     16897098      1365.33
        1.70     0.999316     16897098      1462.86
        1.71     0.999365     16898338      1575.38
        1.72     0.999414     16899478      1706.67
        1.72     0.999463     16899478      1861.82
        1.73     0.999512     16900468      2048.00
        1.74     0.999536     16901365      2155.79
        1.74     0.999561     16901365      2275.56
        1.74     0.999585     16902123      2409.41
        1.74     0.999609     16902123      2560.00
        1.75     0.999634     16902772      2730.67
        1.75     0.999658     16902772      2925.71
        1.76     0.999683     16903254      3150.77
        1.77     0.999707     16903682      3413.33
        1.77     0.999731     16904070      3723.64
        1.78     0.999756     16904408      4096.00
        1.79     0.999768     16904724      4311.58
        1.79     0.999780     16904724      4551.11
        1.80     0.999792     16904985      4818.82
        1.81     0.999805     16905257      5120.00
        1.81     0.999817     16905515      5461.33
        1.82     0.999829     16905760      5851.43
        1.82     0.999841     16905760      6301.54
        1.83     0.999854     16905955      6826.67
        1.85     0.999866     16906317      7447.27
        1.85     0.999878     16906473      8192.00
        1.85     0.999884     16906473      8623.16
        1.86     0.999890     16906652      9102.22
        1.87     0.999896     16906784      9637.65
        1.87     0.999902     16906784     10240.00
        1.88     0.999908     16906927     10922.67
        1.89     0.999915     16907063     11702.86
        1.90     0.999921     16907200     12603.08
        1.90     0.999927     16907200     13653.33
        1.90     0.999933     16907319     14894.55
        1.91     0.999939     16907405     16384.00
        1.92     0.999942     16907489     17246.32
        1.92     0.999945     16907489     18204.44
        1.93     0.999948     16907556     19275.29
        1.94     0.999951     16907617     20480.00
        1.94     0.999954     16907674     21845.33
        1.95     0.999957     16907712     23405.71
        1.96     0.999960     16907747     25206.15
        1.98     0.999963     16907798     27306.67
        2.01     0.999966     16907860     29789.09
        2.04     0.999969     16907903     32768.00
        2.06     0.999971     16907930     34492.63
        2.11     0.999973     16907959     36408.89
        2.16     0.999974     16907996     38550.59
        2.17     0.999976     16908014     40960.00
        2.21     0.999977     16908037     43690.67
        2.24     0.999979     16908060     46811.43
        2.27     0.999980     16908084     50412.31
        2.32     0.999982     16908110     54613.33
        2.38     0.999983     16908137     59578.18
        2.48     0.999985     16908160     65536.00
        2.62     0.999986     16908173     68985.26
        2.86     0.999986     16908190     72817.78
        2.88     0.999987     16908206     77101.18
        2.90     0.999988     16908227     81920.00
        2.90     0.999989     16908227     87381.33
        3.57     0.999989     16908240     93622.86
        3.58     0.999990     16908250    100824.62
        3.60     0.999991     16908269    109226.67
        4.77     0.999992     16908283    119156.36
        4.80     0.999992     16908316    131072.00
        4.80     0.999993     16908316    137970.53
        4.80     0.999993     16908316    145635.56
        4.80     0.999994     16908316    154202.35
        4.80     0.999994     16908316    163840.00
       79.87     0.999994     16908334    174762.67
       79.87     0.999995     16908334    187245.71
       79.87     0.999995     16908334    201649.23
       80.38     0.999995     16908359    218453.33
       80.38     0.999996     16908359    238312.73
       80.38     0.999996     16908359    262144.00
       80.38     0.999996     16908359    275941.05
       80.38     0.999997     16908359    291271.11
       80.89     0.999997     16908368    308404.71
       80.89     0.999997     16908368    327680.00
       81.41     0.999997     16908369    349525.33
      171.01     0.999997     16908414    374491.43
      171.01     0.999998     16908414    403298.46
      171.01     0.999998     16908414    436906.67
      171.01     0.999998     16908414    476625.45
      171.01     0.999998     16908414    524288.00
      171.01     0.999998     16908414    551882.11
      171.01     0.999998     16908414    582542.22
      171.01     0.999998     16908414    616809.41
      171.01     0.999998     16908414    655360.00
      171.01     0.999999     16908414    699050.67
      171.01     0.999999     16908414    748982.86
      171.01     0.999999     16908414    806596.92
      171.01     0.999999     16908414    873813.33
      171.01     0.999999     16908414    953250.91
      171.01     0.999999     16908414   1048576.00
      171.01     0.999999     16908414   1103764.21
      171.01     0.999999     16908414   1165084.44
      171.01     0.999999     16908414   1233618.82
      171.01     0.999999     16908414   1310720.00
      171.01     0.999999     16908414   1398101.33
      171.01     0.999999     16908414   1497965.71
      171.01     0.999999     16908414   1613193.85
      171.01     0.999999     16908414   1747626.67
      171.01     0.999999     16908414   1906501.82
      171.01     1.000000     16908414   2097152.00
      171.01     1.000000     16908414   2207528.42
      171.01     1.000000     16908414   2330168.89
      171.01     1.000000     16908414   2467237.65
      171.01     1.000000     16908414   2621440.00
      171.01     1.000000     16908414   2796202.67
      171.01     1.000000     16908414   2995931.43
      171.01     1.000000     16908414   3226387.69
      171.01     1.000000     16908414   3495253.33
      171.01     1.000000     16908414   3813003.64
      171.01     1.000000     16908414   4194304.00
      171.01     1.000000     16908414   4415056.84
      171.01     1.000000     16908414   4660337.78
      171.01     1.000000     16908414   4934475.29
      171.01     1.000000     16908414   5242880.00
      171.01     1.000000     16908414   5592405.33
      172.03     1.000000     16908417   5991862.86
      172.03     1.000000     16908417          inf
#[Mean    =        0.718, StdDeviation   =        0.362]
#[Max     =      172.031, Total count    =     16908417]
#[Buckets =           20, SubBuckets     =          256]
