
### section=lat_mem_rd label=64MB-stride128-run-1
### command='/data/local/tmp/pixel-overview-early/lat_mem_rd' -P 1 -W 1 -N 3 64 128
### gate_start_mc=37000 gate_wait_sec=0 gate_ready_mc=37000 freq_before_khz=1795000 thermal_before_mc=36000
"stride=128
0.00049 1.542
0.00098 1.542
0.00195 1.542
0.00293 1.541
0.00391 1.542
0.00586 1.542
0.00781 1.542
0.01172 1.542
0.01562 1.542
0.02344 1.542
0.03125 1.542
0.04688 1.542
0.06250 1.542
0.09375 2.545
0.12500 2.534
0.18750 2.524
0.25000 2.548
0.37500 2.262
0.50000 2.291
0.75000 2.313
1.00000 2.273
1.50000 2.248
2.00000 2.243
3.00000 2.244
4.00000 2.343
6.00000 2.460
8.00000 2.553
12.00000 2.672
16.00000 2.714
24.00000 2.793
32.00000 3.051
48.00000 3.491
64.00000 3.489

### rc=0 freq_after_khz=1418000 thermal_after_mc=47000
