       Value   Percentile   TotalCount 1/(1-Percentile)

        0.29     0.000000            1         1.00
        1.89     0.050000      3081848         1.05
        1.92     0.100000      5657906         1.11
        1.95     0.150000      9286174         1.18
        1.97     0.200000     11423245         1.25
        1.99     0.250000     14865741         1.33
        2.01     0.300000     17203138         1.43
        2.03     0.350000     20560458         1.54
        2.05     0.400000     22601068         1.67
        2.08     0.450000     26001010         1.82
        2.11     0.500000     28436445         2.00
        2.13     0.525000     29319625         2.11
        2.17     0.550000     30965868         2.22
        2.32     0.575000     32097091         2.35
        3.01     0.600000     33484653         2.50
        3.10     0.625000     35180549         2.67
        3.15     0.650000     36454275         2.86
        3.20     0.675000     38037213         3.08
        3.23     0.700000     39252803         3.33
        3.26     0.725000     40574822         3.64
        3.29     0.750000     41971070         4.00
        3.31     0.762500     42676962         4.21
        3.33     0.775000     43381319         4.44
        3.34     0.787500     44075854         4.71
        3.36     0.800000     44748953         5.00
        3.38     0.812500     45391870         5.33
        3.41     0.825000     46561905         5.71
        3.42     0.837500     47081833         6.15
        3.44     0.850000     47558216         6.67
        3.47     0.862500     48391719         7.27
        3.50     0.875000     49123769         8.00
        3.52     0.881250     49477846         8.42
        3.54     0.887500     49833491         8.89
        3.55     0.893750     50201900         9.41
        3.57     0.900000     50581999        10.00
        3.57     0.906250     50581999        10.67
        3.58     0.912500     50978137        11.43
        3.60     0.918750     51386778        12.31
        3.62     0.925000     51800301        13.33
        3.63     0.931250     52209551        14.55
        3.65     0.937500     52607721        16.00
        3.65     0.940625     52607721        16.84
        3.66     0.943750     52989794        17.78
        3.66     0.946875     52989794        18.82
        3.68     0.950000     53346096        20.00
        3.68     0.953125     53346096        21.33
        3.69     0.956250     53669306        22.86
        3.69     0.959375     53669306        24.62
        3.71     0.962500     53956508        26.67
        3.71     0.965625     53956508        29.09
        3.73     0.968750     54207783        32.00
        3.73     0.970313     54207783        33.68
        3.74     0.971875     54419836        35.56
        3.74     0.973437     54419836        37.65
        3.74     0.975000     54419836        40.00
        3.76     0.976562     54602165        42.67
        3.76     0.978125     54602165        45.71
        3.77     0.979688     54754501        49.23
        3.77     0.981250     54754501        53.33
        3.79     0.982812     54882907        58.18
        3.81     0.984375     54992172        64.00
        3.81     0.985156     54992172        67.37
        3.82     0.985938     55085182        71.11
        3.82     0.986719     55085182        75.29
        3.84     0.987500     55166976        80.00
        3.84     0.988281     55166976        85.33
        3.85     0.989062     55237924        91.43
        3.85     0.989844     55237924        98.46
        3.87     0.990625     55302301       106.67
        3.89     0.991406     55361442       116.36
        3.89     0.992188     55361442       128.00
        3.90     0.992578     55415760       134.74
        3.90     0.992969     55415760       142.22
        3.92     0.993359     55464691       150.59
        3.92     0.993750     55464691       160.00
        3.92     0.994141     55464691       170.67
        3.94     0.994531     55509958       182.86
        3.94     0.994922     55509958       196.92
        3.95     0.995313     55551383       213.33
        3.95     0.995703     55551383       232.73
        3.97     0.996094     55588530       256.00
        3.97     0.996289     55588530       269.47
        3.98     0.996484     55621118       284.44
        3.98     0.996680     55621118       301.18
        3.98     0.996875     55621118       320.00
        4.00     0.997070     55649324       341.33
        4.00     0.997266     55649324       365.71
        4.00     0.997461     55649324       393.85
        4.01     0.997656     55672629       426.67
        4.01     0.997852     55672629       465.45
        4.03     0.998047     55691950       512.00
        4.03     0.998145     55691950       538.95
        4.05     0.998242     55708246       568.89
        4.05     0.998340     55708246       602.35
        4.05     0.998437     55708246       640.00
        4.06     0.998535     55721632       682.67
        4.06     0.998633     55721632       731.43
        4.06     0.998730     55721632       787.69
        4.08     0.998828     55732335       853.33
        4.08     0.998926     55732335       930.91
        4.09     0.999023     55740947      1024.00
        4.09     0.999072     55740947      1077.89
        4.13     0.999121     55753850      1137.78
        4.13     0.999170     55753850      1204.71
        4.13     0.999219     55753850      1280.00
        4.13     0.999268     55753850      1365.33
        4.13     0.999316     55753850      1462.86
        4.16     0.999365     55761594      1575.38
        4.16     0.999414     55761594      1706.67
        4.16     0.999463     55761594      1861.82
        4.19     0.999512     55766868      2048.00
        4.19     0.999536     55766868      2155.79
        4.19     0.999561     55766868      2275.56
        4.22     0.999585     55770419      2409.41
        4.22     0.999609     55770419      2560.00
        4.25     0.999634     55772874      2730.67
        4.25     0.999658     55772874      2925.71
        4.29     0.999683     55774798      3150.77
        4.29     0.999707     55774798      3413.33
        4.32     0.999731     55776417      3723.64
        4.35     0.999756     55777833      4096.00
        4.38     0.999768     55779149      4311.58
        4.38     0.999780     55779149      4551.11
        4.42     0.999792     55780209      4818.82
        4.42     0.999805     55780209      5120.00
        4.45     0.999817     55781272      5461.33
        4.48     0.999829     55782228      5851.43
        4.48     0.999841     55782228      6301.54
        4.51     0.999854     55783166      6826.67
        4.54     0.999866     55783987      7447.27
        4.58     0.999878     55784773      8192.00
        4.58     0.999884     55784773      8623.16
        4.61     0.999890     55785455      9102.22
        4.61     0.999896     55785455      9637.65
        4.64     0.999902     55786163     10240.00
        4.64     0.999908     55786163     10922.67
        4.67     0.999915     55786735     11702.86
        4.67     0.999921     55786735     12603.08
        4.70     0.999927     55787311     13653.33
        4.70     0.999933     55787311     14894.55
        4.74     0.999939     55787830     16384.00
        4.74     0.999942     55787830     17246.32
        4.77     0.999945     55788201     18204.44
        4.77     0.999948     55788201     19275.29
        4.80     0.999951     55788568     20480.00
        4.80     0.999954     55788568     21845.33
        4.83     0.999957     55788936     23405.71
        4.83     0.999960     55788936     25206.15
        4.83     0.999963     55788936     27306.67
        4.86     0.999966     55789197     29789.09
        4.89     0.999969     55789440     32768.00
        4.89     0.999971     55789440     34492.63
        4.89     0.999973     55789440     36408.89
        4.93     0.999974     55789613     38550.59
        4.93     0.999976     55789613     40960.00
        4.96     0.999977     55789760     43690.67
        4.99     0.999979     55789883     46811.43
        4.99     0.999980     55789883     50412.31
        5.02     0.999982     55790047     54613.33
        5.02     0.999983     55790047     59578.18
        5.05     0.999985     55790144     65536.00
        5.09     0.999986     55790265     68985.26
        5.09     0.999986     55790265     72817.78
        5.09     0.999987     55790265     77101.18
        5.12     0.999988     55790341     81920.00
        5.12     0.999989     55790341     87381.33
        5.15     0.999989     55790419     93622.86
        5.15     0.999990     55790419    100824.62
        5.18     0.999991     55790492    109226.67
        5.18     0.999992     55790492    119156.36
        5.21     0.999992     55790569    131072.00
        5.21     0.999993     55790569    137970.53
        5.25     0.999993     55790619    145635.56
        5.25     0.999994     55790619    154202.35
        5.25     0.999994     55790619    163840.00
        5.28     0.999994     55790682    174762.67
        5.28     0.999995     55790682    187245.71
        5.28     0.999995     55790682    201649.23
        5.31     0.999995     55790711    218453.33
        5.34     0.999996     55790741    238312.73
        5.34     0.999996     55790741    262144.00
        5.38     0.999996     55790760    275941.05
        5.41     0.999997     55790801    291271.11
        5.41     0.999997     55790801    308404.71
        5.41     0.999997     55790801    327680.00
        5.41     0.999997     55790801    349525.33
        5.44     0.999997     55790829    374491.43
        5.44     0.999998     55790829    403298.46
        5.44     0.999998     55790829    436906.67
        5.47     0.999998     55790852    476625.45
        5.47     0.999998     55790852    524288.00
        5.47     0.999998     55790852    551882.11
        5.50     0.999998     55790868    582542.22
        5.50     0.999998     55790868    616809.41
        5.50     0.999998     55790868    655360.00
        5.54     0.999999     55790882    699050.67
        5.54     0.999999     55790882    748982.86
        5.57     0.999999     55790888    806596.92
        5.60     0.999999     55790901    873813.33
        5.60     0.999999     55790901    953250.91
        5.60     0.999999     55790901   1048576.00
        5.63     0.999999     55790917   1103764.21
        5.63     0.999999     55790917   1165084.44
        5.63     0.999999     55790917   1233618.82
        5.63     0.999999     55790917   1310720.00
        5.63     0.999999     55790917   1398101.33
        5.63     0.999999     55790917   1497965.71
        5.66     0.999999     55790927   1613193.85
        5.66     0.999999     55790927   1747626.67
        5.66     0.999999     55790927   1906501.82
        5.66     1.000000     55790927   2097152.00
        5.70     1.000000     55790935   2207528.42
        5.70     1.000000     55790935   2330168.89
        5.70     1.000000     55790935   2467237.65
        5.70     1.000000     55790935   2621440.00
        5.70     1.000000     55790935   2796202.67
        5.70     1.000000     55790935   2995931.43
        5.73     1.000000     55790940   3226387.69
        5.73     1.000000     55790940   3495253.33
        5.73     1.000000     55790940   3813003.64
        5.73     1.000000     55790940   4194304.00
        5.76     1.000000     55790943   4415056.84
        5.76     1.000000     55790943   4660337.78
        5.76     1.000000     55790943   4934475.29
        5.76     1.000000     55790943   5242880.00
        5.79     1.000000     55790948   5592405.33
        5.79     1.000000     55790948   5991862.86
        5.79     1.000000     55790948   6452775.39
        5.79     1.000000     55790948   6990506.67
        5.79     1.000000     55790948   7626007.28
        5.79     1.000000     55790948   8388608.00
        5.79     1.000000     55790948   8830113.68
        5.79     1.000000     55790948   9320675.55
        5.79     1.000000     55790948   9868950.59
        5.79     1.000000     55790948  10485760.00
        5.86     1.000000     55790952  11184810.67
        5.86     1.000000     55790952  11983725.71
        5.86     1.000000     55790952  12905550.76
        5.86     1.000000     55790952  13981013.34
        5.86     1.000000     55790952  15252014.55
        5.86     1.000000     55790952  16777216.00
        5.86     1.000000     55790952  17660227.38
        5.86     1.000000     55790952  18641351.10
        5.86     1.000000     55790952  19737901.19
        5.86     1.000000     55790952  20971519.98
        5.86     1.000000     55790952  22369621.33
        5.86     1.000000     55790952  23967451.45
        5.86     1.000000     55790952  25811101.52
        5.86     1.000000     55790952  27962026.68
        5.86     1.000000     55790952  30504029.05
        5.86     1.000000     55790952  33554432.00
        5.86     1.000000     55790952  35320454.76
        5.86     1.000000     55790952  37282702.28
        5.86     1.000000     55790952  39475802.28
        5.86     1.000000     55790952  41943039.96
        5.86     1.000000     55790952  44739242.67
        5.86     1.000000     55790952  47934902.91
        5.86     1.000000     55790952  51622203.20
        5.89     1.000000     55790953  55924053.19
        5.89     1.000000     55790953          inf
#[Mean    =        2.580, StdDeviation   =        0.695]
#[Max     =        5.887, Total count    =     55790953]
#[Buckets =           20, SubBuckets     =          256]
