       Value   Percentile   TotalCount 1/(1-Percentile)

        0.02     0.000000         1014         1.00
        0.48     0.050000       710212         1.05
        0.73     0.100000      1425905         1.11
        0.78     0.150000      2121177         1.18
        0.81     0.200000      3257426         1.25
        0.81     0.250000      3830751         1.33
        0.82     0.300000      4494160         1.43
        0.83     0.350000      5228340         1.54
        0.84     0.400000      6015379         1.67
        0.85     0.450000      6823020         1.82
        0.85     0.500000      7630826         2.00
        0.85     0.525000      7630826         2.11
        0.86     0.550000      8410273         2.22
        0.86     0.575000      8410273         2.35
        0.87     0.600000      9134010         2.50
        0.87     0.625000      9134010         2.67
        0.88     0.650000      9798389         2.86
        0.88     0.675000      9798389         3.08
        0.89     0.700000     10396545         3.33
        0.89     0.725000     10396545         3.64
        0.90     0.750000     10927487         4.00
        0.90     0.762500     10927487         4.21
        0.90     0.775000     10927487         4.44
        0.90     0.787500     11384200         4.71
        0.90     0.800000     11384200         5.00
        0.91     0.812500     11773590         5.33
        0.91     0.825000     11773590         5.71
        0.92     0.837500     12106499         6.15
        0.92     0.850000     12106499         6.67
        0.93     0.862500     12385950         7.27
        0.93     0.875000     12385950         8.00
        0.94     0.881250     12615041         8.42
        0.94     0.887500     12615041         8.89
        0.94     0.893750     12615041         9.41
        0.94     0.900000     12800028        10.00
        0.94     0.906250     12800028        10.67
        0.95     0.912500     12947643        11.43
        0.95     0.918750     12947643        12.31
        0.96     0.925000     13063965        13.33
        0.97     0.931250     13154988        14.55
        0.97     0.937500     13224377        16.00
        0.98     0.940625     13276713        16.84
        0.99     0.943750     13317597        17.78
        1.00     0.946875     13348149        18.82
        1.01     0.950000     13393055        20.00
        1.03     0.953125     13422204        21.33
        1.07     0.956250     13466348        22.86
        1.14     0.959375     13516057        24.62
        1.18     0.962500     13560031        26.67
        1.22     0.965625     13604805        29.09
        1.26     0.968750     13647275        32.00
        1.29     0.970313     13668478        33.68
        1.31     0.971875     13686265        35.56
        1.35     0.973437     13708485        37.65
        1.42     0.975000     13730581        40.00
        1.54     0.976562     13752358        42.67
        1.59     0.978125     13775274        45.71
        1.62     0.979688     13803030        49.23
        1.64     0.981250     13821188        53.33
        1.66     0.982812     13841853        58.18
        1.67     0.984375     13864179        64.00
        1.68     0.985156     13875749        67.37
        1.69     0.985938     13887450        71.11
        1.70     0.986719     13899164        75.29
        1.70     0.987500     13910688        80.00
        1.71     0.988281     13922059        85.33
        1.72     0.989062     13932961        91.43
        1.73     0.989844     13943765        98.46
        1.74     0.990625     13953878       106.67
        1.74     0.991406     13963442       116.36
        1.75     0.992188     13972496       128.00
        1.76     0.992578     13980987       134.74
        1.77     0.992969     13988863       142.22
        1.77     0.993359     13988863       150.59
        1.77     0.993750     13996245       160.00
        1.78     0.994141     14003018       170.67
        1.79     0.994531     14009349       182.86
        1.80     0.994922     14015205       196.92
        1.81     0.995313     14020624       213.33
        1.81     0.995703     14025827       232.73
        1.82     0.996094     14030588       256.00
        1.82     0.996289     14030588       269.47
        1.83     0.996484     14034789       284.44
        1.84     0.996680     14038663       301.18
        1.84     0.996875     14038663       320.00
        1.85     0.997070     14042006       341.33
        1.85     0.997266     14045001       365.71
        1.86     0.997461     14047571       393.85
        1.87     0.997656     14049885       426.67
        1.89     0.997852     14053473       465.45
        1.90     0.998047     14054754       512.00
        1.91     0.998145     14056680       538.95
        1.92     0.998242     14057430       568.89
        1.94     0.998340     14058965       602.35
        1.97     0.998437     14060226       640.00
        1.98     0.998535     14061525       682.67
        2.00     0.998633     14063286       731.43
        2.01     0.998730     14064557       787.69
        2.02     0.998828     14065784       853.33
        2.03     0.998926     14068002       930.91
        2.04     0.999023     14069111      1024.00
        2.04     0.999072     14069111      1077.89
        2.05     0.999121     14070398      1137.78
        2.06     0.999170     14073036      1204.71
        2.06     0.999219     14073036      1280.00
        2.06     0.999268     14073036      1365.33
        2.06     0.999316     14073036      1462.86
        2.08     0.999365     14074591      1575.38
        2.08     0.999414     14074591      1706.67
        2.08     0.999463     14074591      1861.82
        2.10     0.999512     14076164      2048.00
        2.10     0.999536     14076164      2155.79
        2.10     0.999561     14076164      2275.56
        2.11     0.999585     14077446      2409.41
        2.11     0.999609     14077446      2560.00
        2.11     0.999634     14077446      2730.67
        2.11     0.999658     14077446      2925.71
        2.13     0.999683     14078253      3150.77
        2.13     0.999707     14078253      3413.33
        2.14     0.999731     14078813      3723.64
        2.14     0.999756     14078813      4096.00
        2.16     0.999768     14079216      4311.58
        2.16     0.999780     14079216      4551.11
        2.16     0.999792     14079216      4818.82
        2.17     0.999805     14079524      5120.00
        2.19     0.999817     14079607      5461.33
        2.24     0.999829     14079745      5851.43
        2.33     0.999841     14079897      6301.54
        2.40     0.999854     14080091      6826.67
        2.43     0.999866     14080242      7447.27
        2.48     0.999878     14080435      8192.00
        2.50     0.999884     14080484      8623.16
        2.53     0.999890     14080580      9102.22
        2.56     0.999896     14080652      9637.65
        2.62     0.999902     14080739     10240.00
        2.72     0.999908     14080832     10922.67
        2.80     0.999915     14080921     11702.86
        2.83     0.999921     14081006     12603.08
        2.86     0.999927     14081137     13653.33
        2.88     0.999933     14081212     14894.55
        2.90     0.999939     14081281     16384.00
        2.91     0.999942     14081353     17246.32
        2.91     0.999945     14081353     18204.44
        2.93     0.999948     14081439     19275.29
        2.93     0.999951     14081439     20480.00
        2.94     0.999954     14081506     21845.33
        2.96     0.999957     14081565     23405.71
        2.96     0.999960     14081565     25206.15
        2.98     0.999963     14081630     27306.67
        2.99     0.999966     14081678     29789.09
        3.01     0.999969     14081730     32768.00
        3.01     0.999971     14081730     34492.63
        3.01     0.999973     14081730     36408.89
        3.02     0.999974     14081762     38550.59
        3.04     0.999976     14081793     40960.00
        3.04     0.999977     14081793     43690.67
        3.06     0.999979     14081817     46811.43
        3.09     0.999980     14081839     50412.31
        3.21     0.999982     14081855     54613.33
        4.89     0.999983     14081947     59578.18
        4.89     0.999985     14081947     65536.00
        4.89     0.999986     14081947     68985.26
        4.89     0.999986     14081947     72817.78
        4.89     0.999987     14081947     77101.18
        4.89     0.999988     14081947     81920.00
        4.93     0.999989     14081951     87381.33
        7.39     0.999989     14082007     93622.86
        7.39     0.999990     14082007    100824.62
        7.39     0.999991     14082007    109226.67
        7.39     0.999992     14082007    119156.36
        7.39     0.999992     14082007    131072.00
        8.26     0.999993     14082010    137970.53
       28.29     0.999993     14082017    145635.56
       28.41     0.999994     14082055    154202.35
       28.41     0.999994     14082055    163840.00
       28.41     0.999994     14082055    174762.67
       28.41     0.999995     14082055    187245.71
       28.41     0.999995     14082055    201649.23
       28.41     0.999995     14082055    218453.33
       28.41     0.999996     14082055    238312.73
       28.54     0.999996     14082059    262144.00
       34.30     0.999996     14082110    275941.05
       34.30     0.999997     14082110    291271.11
       34.30     0.999997     14082110    308404.71
       34.30     0.999997     14082110    327680.00
       34.30     0.999997     14082110    349525.33
       34.30     0.999997     14082110    374491.43
       34.30     0.999998     14082110    403298.46
       34.30     0.999998     14082110    436906.67
       34.30     0.999998     14082110    476625.45
       34.30     0.999998     14082110    524288.00
       34.30     0.999998     14082110    551882.11
       34.30     0.999998     14082110    582542.22
       34.30     0.999998     14082110    616809.41
       34.30     0.999998     14082110    655360.00
       34.30     0.999999     14082110    699050.67
       34.30     0.999999     14082110    748982.86
       34.30     0.999999     14082110    806596.92
       34.30     0.999999     14082110    873813.33
       34.30     0.999999     14082110    953250.91
       34.30     0.999999     14082110   1048576.00
       34.30     0.999999     14082110   1103764.21
       34.30     0.999999     14082110   1165084.44
       34.30     0.999999     14082110   1233618.82
       34.30     0.999999     14082110   1310720.00
       34.30     0.999999     14082110   1398101.33
       34.30     0.999999     14082110   1497965.71
       34.30     0.999999     14082110   1613193.85
       34.30     0.999999     14082110   1747626.67
       34.30     0.999999     14082110   1906501.82
       34.30     1.000000     14082110   2097152.00
       34.30     1.000000     14082110   2207528.42
       34.30     1.000000     14082110   2330168.89
       34.30     1.000000     14082110   2467237.65
       34.30     1.000000     14082110   2621440.00
       34.30     1.000000     14082110   2796202.67
       34.30     1.000000     14082110   2995931.43
       34.30     1.000000     14082110   3226387.69
       34.30     1.000000     14082110   3495253.33
       34.30     1.000000     14082110   3813003.64
       34.30     1.000000     14082110   4194304.00
       34.30     1.000000     14082110   4415056.84
       34.30     1.000000     14082110   4660337.78
       34.30     1.000000     14082110   4934475.29
       34.30     1.000000     14082110   5242880.00
       34.30     1.000000     14082110   5592405.33
       34.30     1.000000     14082110   5991862.86
       34.30     1.000000     14082110   6452775.39
       34.30     1.000000     14082110   6990506.67
       35.33     1.000000     14082111   7626007.28
       35.33     1.000000     14082111   8388608.00
       35.33     1.000000     14082111   8830113.68
       35.33     1.000000     14082111   9320675.55
       35.33     1.000000     14082111   9868950.59
       35.33     1.000000     14082111  10485760.00
       35.33     1.000000     14082111  11184810.67
       35.33     1.000000     14082111  11983725.71
       35.33     1.000000     14082111  12905550.76
       35.33     1.000000     14082111  13981013.34
       62.21     1.000000     14082112  15252014.55
       62.21     1.000000     14082112          inf
#[Mean    =        0.844, StdDeviation   =        0.232]
#[Max     =       62.207, Total count    =     14082112]
#[Buckets =           20, SubBuckets     =          256]
