       Value   Percentile   TotalCount 1/(1-Percentile)

        0.02     0.000000         3392         1.00
        0.34     0.050000       854062         1.05
        0.59     0.100000      1691849         1.11
        0.69     0.150000      2890665         1.18
        0.69     0.200000      3414362         1.25
        0.71     0.250000      5078742         1.33
        0.71     0.300000      5078742         1.43
        0.72     0.350000      6242542         1.54
        0.73     0.400000      7617330         1.67
        0.73     0.450000      7617330         1.82
        0.73     0.500000      9171608         2.00
        0.73     0.525000      9171608         2.11
        0.74     0.550000     10772280         2.22
        0.74     0.575000     10772280         2.35
        0.74     0.600000     10772280         2.50
        0.74     0.625000     10772280         2.67
        0.75     0.650000     12212397         2.86
        0.75     0.675000     12212397         3.08
        0.75     0.700000     12212397         3.33
        0.76     0.725000     13271351         3.64
        0.76     0.750000     13271351         4.00
        0.76     0.762500     13271351         4.21
        0.76     0.775000     13271351         4.44
        0.77     0.787500     13923135         4.71
        0.77     0.800000     13923135         5.00
        0.77     0.812500     13923135         5.33
        0.78     0.825000     14280735         5.71
        0.78     0.837500     14280735         6.15
        0.78     0.850000     14479036         6.67
        0.79     0.862500     14614184         7.27
        0.81     0.875000     14843081         8.00
        0.81     0.881250     14963820         8.42
        0.82     0.887500     15092708         8.89
        0.83     0.893750     15229969         9.41
        0.83     0.900000     15229969        10.00
        0.84     0.906250     15370375        10.67
        0.85     0.912500     15512261        11.43
        0.85     0.918750     15647781        12.31
        0.85     0.925000     15647781        13.33
        0.86     0.931250     15771889        14.55
        0.87     0.937500     15879765        16.00
        0.88     0.940625     15966456        16.84
        0.88     0.943750     15966456        17.78
        0.89     0.946875     16036239        18.82
        0.90     0.950000     16088641        20.00
        0.90     0.953125     16130990        21.33
        0.92     0.956250     16193395        22.86
        0.94     0.959375     16242176        24.62
        0.95     0.962500     16282388        26.67
        0.97     0.965625     16336801        29.09
        1.00     0.968750     16385920        32.00
        1.01     0.970313     16413846        33.68
        1.03     0.971875     16438061        35.56
        1.05     0.973437     16463133        37.65
        1.10     0.975000     16486433        40.00
        1.19     0.976562     16512953        42.67
        1.29     0.978125     16539605        45.71
        1.36     0.979688     16569911        49.23
        1.38     0.981250     16591536        53.33
        1.41     0.982812     16621592        58.18
        1.42     0.984375     16647309        64.00
        1.43     0.985156     16661983        67.37
        1.44     0.985938     16677518        71.11
        1.45     0.986719     16694091        75.29
        1.46     0.987500     16711686        80.00
        1.46     0.988281     16711686        85.33
        1.46     0.989062     16730477        91.43
        1.47     0.989844     16749498        98.46
        1.48     0.990625     16769028       106.67
        1.48     0.991406     16769028       116.36
        1.49     0.992188     16788166       128.00
        1.49     0.992578     16788166       134.74
        1.50     0.992969     16805705       142.22
        1.50     0.993359     16805705       150.59
        1.50     0.993750     16805705       160.00
        1.50     0.994141     16821049       170.67
        1.50     0.994531     16821049       182.86
        1.51     0.994922     16833664       196.92
        1.51     0.995313     16833664       213.33
        1.52     0.995703     16843548       232.73
        1.52     0.996094     16843548       256.00
        1.53     0.996289     16851002       269.47
        1.53     0.996484     16851002       284.44
        1.53     0.996680     16856339       301.18
        1.53     0.996875     16856339       320.00
        1.54     0.997070     16860473       341.33
        1.55     0.997266     16863537       365.71
        1.56     0.997461     16865929       393.85
        1.57     0.997656     16869672       426.67
        1.59     0.997852     16872829       465.45
        1.61     0.998047     16875752       512.00
        1.61     0.998145     16877279       538.95
        1.62     0.998242     16878810       568.89
        1.63     0.998340     16880326       602.35
        1.65     0.998437     16883446       640.00
        1.66     0.998535     16885079       682.67
        1.66     0.998633     16886661       731.43
        1.67     0.998730     16888333       787.69
        1.68     0.998828     16890034       853.33
        1.69     0.998926     16891656       930.91
        1.70     0.999023     16893257      1024.00
        1.70     0.999072     16893257      1077.89
        1.70     0.999121     16894794      1137.78
        1.70     0.999170     16894794      1204.71
        1.71     0.999219     16896259      1280.00
        1.71     0.999268     16896259      1365.33
        1.72     0.999316     16897563      1462.86
        1.73     0.999365     16898709      1575.38
        1.73     0.999414     16898709      1706.67
        1.74     0.999463     16899746      1861.82
        1.74     0.999512     16900687      2048.00
        1.74     0.999536     16900687      2155.79
        1.75     0.999561     16901499      2275.56
        1.75     0.999585     16901499      2409.41
        1.76     0.999609     16902243      2560.00
        1.76     0.999634     16902243      2730.67
        1.77     0.999658     16902903      2925.71
        1.77     0.999683     16903493      3150.77
        1.77     0.999707     16903493      3413.33
        1.78     0.999731     16903997      3723.64
        1.79     0.999756     16904445      4096.00
        1.80     0.999768     16904864      4311.58
        1.80     0.999780     16904864      4551.11
        1.81     0.999792     16905213      4818.82
        1.81     0.999805     16905213      5120.00
        1.81     0.999817     16905520      5461.33
        1.81     0.999829     16905520      5851.43
        1.82     0.999841     16905738      6301.54
        1.83     0.999854     16905939      6826.67
        1.84     0.999866     16906139      7447.27
        1.85     0.999878     16906332      8192.00
        1.85     0.999884     16906516      8623.16
        1.86     0.999890     16906684      9102.22
        1.86     0.999896     16906684      9637.65
        1.87     0.999902     16906827     10240.00
        1.88     0.999908     16906961     10922.67
        1.88     0.999915     16906961     11702.86
        1.89     0.999921     16907091     12603.08
        1.90     0.999927     16907193     13653.33
        1.90     0.999933     16907285     14894.55
        1.91     0.999939     16907373     16384.00
        1.92     0.999942     16907448     17246.32
        1.93     0.999945     16907496     18204.44
        1.94     0.999948     16907537     19275.29
        1.94     0.999951     16907581     20480.00
        1.95     0.999954     16907619     21845.33
        1.97     0.999957     16907689     23405.71
        1.98     0.999960     16907729     25206.15
        1.99     0.999963     16907773     27306.67
        2.02     0.999966     16907831     29789.09
        2.05     0.999969     16907881     32768.00
        2.06     0.999971     16907902     34492.63
        2.10     0.999973     16907941     36408.89
        2.11     0.999974     16907957     38550.59
        2.14     0.999976     16907983     40960.00
        2.17     0.999977     16908004     43690.67
        2.22     0.999979     16908032     46811.43
        2.27     0.999980     16908064     50412.31
        2.30     0.999982     16908087     54613.33
        2.35     0.999983     16908113     59578.18
        2.42     0.999985     16908140     65536.00
        2.43     0.999986     16908146     68985.26
        2.51     0.999986     16908160     72817.78
        2.59     0.999987     16908172     77101.18
        4.03     0.999988     16908217     81920.00
        4.03     0.999989     16908217     87381.33
        4.03     0.999989     16908217     93622.86
        4.05     0.999990     16908237    100824.62
        4.05     0.999991     16908237    109226.67
        4.35     0.999992     16908273    119156.36
        4.35     0.999992     16908273    131072.00
        4.35     0.999993     16908273    137970.53
        4.38     0.999993     16908278    145635.56
        4.80     0.999994     16908283    154202.35
        6.59     0.999994     16908289    163840.00
        6.66     0.999994     16908313    174762.67
        6.66     0.999995     16908313    187245.71
        6.66     0.999995     16908313    201649.23
        7.36     0.999995     16908315    218453.33
       80.38     0.999996     16908328    238312.73
       80.38     0.999996     16908328    262144.00
       80.89     0.999996     16908343    275941.05
       80.89     0.999997     16908343    291271.11
       80.89     0.999997     16908343    308404.71
       80.89     0.999997     16908343    327680.00
       80.89     0.999997     16908343    349525.33
       81.41     0.999997     16908350    374491.43
       81.41     0.999998     16908350    403298.46
      165.89     0.999998     16908383    436906.67
      165.89     0.999998     16908383    476625.45
      165.89     0.999998     16908383    524288.00
      165.89     0.999998     16908383    551882.11
      165.89     0.999998     16908383    582542.22
      165.89     0.999998     16908383    616809.41
      165.89     0.999998     16908383    655360.00
      165.89     0.999999     16908383    699050.67
      165.89     0.999999     16908383    748982.86
      165.89     0.999999     16908383    806596.92
      165.89     0.999999     16908383    873813.33
      165.89     0.999999     16908383    953250.91
      165.89     0.999999     16908383   1048576.00
      165.89     0.999999     16908383   1103764.21
      165.89     0.999999     16908383   1165084.44
      165.89     0.999999     16908383   1233618.82
      165.89     0.999999     16908383   1310720.00
      165.89     0.999999     16908383   1398101.33
      165.89     0.999999     16908383   1497965.71
      165.89     0.999999     16908383   1613193.85
      165.89     0.999999     16908383   1747626.67
      165.89     0.999999     16908383   1906501.82
      165.89     1.000000     16908383   2097152.00
      166.91     1.000000     16908391   2207528.42
      166.91     1.000000     16908391          inf
#[Mean    =        0.722, StdDeviation   =        0.337]
#[Max     =      166.911, Total count    =     16908391]
#[Buckets =           20, SubBuckets     =          256]
