       Value   Percentile   TotalCount 1/(1-Percentile)

        0.02     0.000000        18596         1.00
        0.33     0.050000      1439225         1.05
        0.56     0.100000      2896117         1.11
        0.66     0.150000      4721821         1.18
        0.68     0.200000      6751128         1.25
        0.69     0.250000      8044877         1.33
        0.69     0.300000      9556046         1.43
        0.70     0.350000     11430132         1.54
        0.70     0.400000     11430132         1.67
        0.71     0.450000     13766926         1.82
        0.72     0.500000     16864912         2.00
        0.72     0.525000     16864912         2.11
        0.72     0.550000     16864912         2.22
        0.72     0.575000     16864912         2.35
        0.73     0.600000     20696775         2.50
        0.73     0.625000     20696775         2.67
        0.73     0.650000     20696775         2.86
        0.73     0.675000     20696775         3.08
        0.73     0.700000     20696775         3.33
        0.73     0.725000     20696775         3.64
        0.73     0.750000     23813440         4.00
        0.73     0.762500     23813440         4.21
        0.73     0.775000     23813440         4.44
        0.73     0.787500     23813440         4.71
        0.73     0.800000     23813440         5.00
        0.73     0.812500     23813440         5.33
        0.73     0.825000     23813440         5.71
        0.73     0.837500     23813440         6.15
        0.74     0.850000     25453305         6.67
        0.74     0.862500     25453305         7.27
        0.74     0.875000     25453305         8.00
        0.74     0.881250     25453305         8.42
        0.74     0.887500     25453305         8.89
        0.74     0.893750     25453305         9.41
        0.74     0.900000     25453305        10.00
        0.75     0.906250     26211810        10.67
        0.75     0.912500     26211810        11.43
        0.75     0.918750     26211810        12.31
        0.75     0.925000     26211810        13.33
        0.76     0.931250     26563061        14.55
        0.76     0.937500     26563061        16.00
        0.76     0.940625     26563061        16.84
        0.77     0.943750     26733728        17.78
        0.77     0.946875     26733728        18.82
        0.78     0.950000     26830408        20.00
        0.78     0.953125     26899549        21.33
        0.80     0.956250     26995584        22.86
        0.81     0.959375     27059736        24.62
        0.84     0.962500     27161180        26.67
        0.85     0.965625     27232651        29.09
        0.90     0.968750     27326044        32.00
        0.92     0.970313     27381082        33.68
        0.94     0.971875     27422406        35.56
        0.95     0.973437     27459575        37.65
        0.97     0.975000     27506085        40.00
        1.00     0.976562     27540001        42.67
        1.09     0.978125     27584729        45.71
        1.25     0.979688     27629490        49.23
        1.32     0.981250     27673823        53.33
        1.35     0.982812     27729334        58.18
        1.37     0.984375     27761581        64.00
        1.38     0.985156     27796104        67.37
        1.39     0.985938     27815324        71.11
        1.40     0.986719     27836404        75.29
        1.41     0.987500     27859297        80.00
        1.42     0.988281     27884388        85.33
        1.42     0.989062     27912135        91.43
        1.43     0.989844     27943107        98.46
        1.43     0.990625     27943107       106.67
        1.44     0.991406     27978329       116.36
        1.45     0.992188     28018677       128.00
        1.45     0.992578     28018677       134.74
        1.45     0.992969     28018677       142.22
        1.45     0.993359     28018677       150.59
        1.46     0.993750     28061080       160.00
        1.46     0.994141     28061080       170.67
        1.46     0.994531     28061080       182.86
        1.46     0.994922     28061080       196.92
        1.46     0.995313     28100395       213.33
        1.46     0.995703     28100395       232.73
        1.46     0.996094     28100395       256.00
        1.46     0.996289     28100395       269.47
        1.47     0.996484     28132443       284.44
        1.47     0.996680     28132443       301.18
        1.47     0.996875     28132443       320.00
        1.47     0.997070     28132443       341.33
        1.47     0.997266     28132443       365.71
        1.47     0.997461     28132443       393.85
        1.48     0.997656     28155511       426.67
        1.48     0.997852     28155511       465.45
        1.48     0.998047     28155511       512.00
        1.48     0.998145     28155511       538.95
        1.48     0.998242     28155511       568.89
        1.48     0.998340     28155511       602.35
        1.49     0.998437     28170442       640.00
        1.49     0.998535     28170442       682.67
        1.49     0.998633     28170442       731.43
        1.49     0.998730     28170442       787.69
        1.49     0.998828     28170442       853.33
        1.49     0.998926     28170442       930.91
        1.50     0.999023     28179848      1024.00
        1.50     0.999072     28179848      1077.89
        1.50     0.999121     28179848      1137.78
        1.50     0.999170     28179848      1204.71
        1.50     0.999219     28179848      1280.00
        1.50     0.999268     28185532      1365.33
        1.50     0.999316     28185532      1462.86
        1.50     0.999365     28185532      1575.38
        1.50     0.999414     28185532      1706.67
        1.50     0.999463     28185532      1861.82
        1.51     0.999512     28188954      2048.00
        1.51     0.999536     28188954      2155.79
        1.51     0.999561     28188954      2275.56
        1.52     0.999585     28191192      2409.41
        1.52     0.999609     28191192      2560.00
        1.52     0.999634     28191192      2730.67
        1.52     0.999658     28191192      2925.71
        1.53     0.999683     28192810      3150.77
        1.53     0.999707     28192810      3413.33
        1.53     0.999731     28194021      3723.64
        1.53     0.999756     28194021      4096.00
        1.54     0.999768     28195061      4311.58
        1.54     0.999780     28195061      4551.11
        1.54     0.999792     28195061      4818.82
        1.55     0.999805     28195887      5120.00
        1.55     0.999817     28195887      5461.33
        1.55     0.999829     28195887      5851.43
        1.56     0.999841     28196621      6301.54
        1.56     0.999854     28196621      6826.67
        1.57     0.999866     28197302      7447.27
        1.57     0.999878     28197302      8192.00
        1.57     0.999884     28197938      8623.16
        1.57     0.999890     28197938      9102.22
        1.57     0.999896     28197938      9637.65
        1.57     0.999902     28197938     10240.00
        1.58     0.999908     28198569     10922.67
        1.58     0.999915     28198569     11702.86
        1.58     0.999921     28198569     12603.08
        1.59     0.999927     28199075     13653.33
        1.59     0.999933     28199075     14894.55
        1.59     0.999939     28199075     16384.00
        1.59     0.999942     28199075     17246.32
        1.60     0.999945     28199486     18204.44
        1.60     0.999948     28199486     19275.29
        1.60     0.999951     28199486     20480.00
        1.60     0.999954     28199486     21845.33
        1.60     0.999957     28199486     23405.71
        1.61     0.999960     28199748     25206.15
        1.61     0.999963     28199748     27306.67
        1.61     0.999966     28199748     29789.09
        1.61     0.999969     28199952     32768.00
        1.61     0.999971     28199952     34492.63
        1.61     0.999973     28199952     36408.89
        1.61     0.999974     28199952     38550.59
        1.62     0.999976     28200074     40960.00
        1.62     0.999977     28200074     43690.67
        1.62     0.999979     28200074     46811.43
        1.63     0.999980     28200145     50412.31
        1.64     0.999982     28200186     54613.33
        1.65     0.999983     28200230     59578.18
        1.66     0.999985     28200247     65536.00
        1.66     0.999986     28200269     68985.26
        1.68     0.999986     28200296     72817.78
        1.69     0.999987     28200314     77101.18
        1.70     0.999988     28200332     81920.00
        1.72     0.999989     28200360     87381.33
        1.74     0.999989     28200379     93622.86
        1.77     0.999990     28200402    100824.62
        1.78     0.999991     28200420    109226.67
        1.81     0.999992     28200443    119156.36
        1.83     0.999992     28200463    131072.00
        1.84     0.999993     28200473    137970.53
        1.85     0.999993     28200485    145635.56
        1.88     0.999994     28200498    154202.35
        1.90     0.999994     28200505    163840.00
        1.92     0.999994     28200514    174762.67
        1.94     0.999995     28200528    187245.71
        1.98     0.999995     28200539    201649.23
        2.00     0.999995     28200546    218453.33
        2.02     0.999996     28200557    238312.73
        2.05     0.999996     28200568    262144.00
        2.08     0.999996     28200574    275941.05
        2.10     0.999997     28200582    291271.11
        2.11     0.999997     28200596    308404.71
        2.11     0.999997     28200596    327680.00
        2.11     0.999997     28200596    349525.33
        2.14     0.999997     28200603    374491.43
        2.16     0.999998     28200608    403298.46
        2.17     0.999998     28200616    436906.67
        2.17     0.999998     28200616    476625.45
        2.21     0.999998     28200629    524288.00
        2.21     0.999998     28200629    551882.11
        2.21     0.999998     28200629    582542.22
        2.22     0.999998     28200637    616809.41
        2.22     0.999998     28200637    655360.00
        2.22     0.999999     28200637    699050.67
        2.24     0.999999     28200638    748982.86
        2.25     0.999999     28200643    806596.92
        2.25     0.999999     28200643    873813.33
        2.27     0.999999     28200646    953250.91
        2.30     0.999999     28200650   1048576.00
        2.30     0.999999     28200650   1103764.21
        2.32     0.999999     28200654   1165084.44
        2.32     0.999999     28200654   1233618.82
        2.32     0.999999     28200654   1310720.00
        2.35     0.999999     28200655   1398101.33
        2.37     0.999999     28200658   1497965.71
        2.37     0.999999     28200658   1613193.85
        2.38     0.999999     28200659   1747626.67
        2.45     0.999999     28200663   1906501.82
        2.45     1.000000     28200663   2097152.00
        2.45     1.000000     28200663   2207528.42
        2.45     1.000000     28200663   2330168.89
        2.48     1.000000     28200664   2467237.65
        2.50     1.000000     28200665   2621440.00
        2.50     1.000000     28200665   2796202.67
        2.51     1.000000     28200667   2995931.43
        2.51     1.000000     28200667   3226387.69
        2.51     1.000000     28200667   3495253.33
        2.53     1.000000     28200668   3813003.64
        2.56     1.000000     28200669   4194304.00
        2.56     1.000000     28200669   4415056.84
        2.56     1.000000     28200669   4660337.78
        2.58     1.000000     28200670   4934475.29
        2.58     1.000000     28200670   5242880.00
        2.58     1.000000     28200670   5592405.33
        2.59     1.000000     28200671   5991862.86
        2.59     1.000000     28200671   6452775.39
        2.59     1.000000     28200671   6990506.67
        2.64     1.000000     28200672   7626007.28
        2.64     1.000000     28200672   8388608.00
        2.64     1.000000     28200672   8830113.68
        2.64     1.000000     28200672   9320675.55
        2.72     1.000000     28200673   9868950.59
        2.72     1.000000     28200673  10485760.00
        2.72     1.000000     28200673  11184810.67
        2.72     1.000000     28200673  11983725.71
        2.72     1.000000     28200673  12905550.76
        2.72     1.000000     28200673  13981013.34
        3.38     1.000000     28200674  15252014.55
        3.38     1.000000     28200674  16777216.00
        3.38     1.000000     28200674  17660227.38
        3.38     1.000000     28200674  18641351.10
        3.38     1.000000     28200674  19737901.19
        3.38     1.000000     28200674  20971519.98
        3.38     1.000000     28200674  22369621.33
        3.38     1.000000     28200674  23967451.45
        3.38     1.000000     28200674  25811101.52
        3.38     1.000000     28200674  27962026.68
        3.57     1.000000     28200675  30504029.05
        3.57     1.000000     28200675          inf
#[Mean    =        0.688, StdDeviation   =        0.173]
#[Max     =        3.567, Total count    =     28200675]
#[Buckets =           20, SubBuckets     =          256]
