       Value   Percentile   TotalCount 1/(1-Percentile)

        0.28     0.000000            1         1.00
        1.86     0.050000      3110976         1.05
        1.90     0.100000      6226781         1.11
        1.93     0.150000      8762716         1.18
        1.95     0.200000     11681758         1.25
        1.98     0.250000     14806627         1.33
        1.99     0.300000     16906889         1.43
        2.02     0.350000     19908316         1.54
        2.04     0.400000     22598808         1.67
        2.08     0.450000     26113893         1.82
        2.11     0.500000     28025464         2.00
        2.16     0.525000     29694290         2.11
        2.24     0.550000     30710922         2.22
        2.94     0.575000     32206741         2.35
        3.04     0.600000     33782144         2.50
        3.09     0.625000     34975763         2.67
        3.13     0.650000     36462116         2.86
        3.18     0.675000     38228677         3.08
        3.21     0.700000     39542385         3.33
        3.25     0.725000     40930752         3.64
        3.28     0.750000     42354340         4.00
        3.29     0.762500     43059552         4.21
        3.31     0.775000     43752753         4.44
        3.33     0.787500     44427856         4.71
        3.34     0.800000     45072554         5.00
        3.36     0.812500     45685256         5.33
        3.38     0.825000     46262090         5.71
        3.39     0.837500     46806540         6.15
        3.42     0.850000     47793113         6.67
        3.44     0.862500     48249892         7.27
        3.47     0.875000     49120704         8.00
        3.49     0.881250     49550312         8.42
        3.49     0.887500     49550312         8.89
        3.50     0.893750     49983715         9.41
        3.52     0.900000     50422640        10.00
        3.54     0.906250     50869575        10.67
        3.55     0.912500     51316028        11.43
        3.55     0.918750     51316028        12.31
        3.57     0.925000     51763360        13.33
        3.58     0.931250     52200747        14.55
        3.60     0.937500     52619554        16.00
        3.60     0.940625     52619554        16.84
        3.62     0.943750     53016149        17.78
        3.62     0.946875     53016149        18.82
        3.63     0.950000     53379184        20.00
        3.63     0.953125     53379184        21.33
        3.63     0.956250     53379184        22.86
        3.65     0.959375     53705084        24.62
        3.66     0.962500     53993905        26.67
        3.66     0.965625     53993905        29.09
        3.68     0.968750     54243203        32.00
        3.68     0.970313     54243203        33.68
        3.69     0.971875     54454318        35.56
        3.69     0.973437     54454318        37.65
        3.69     0.975000     54454318        40.00
        3.71     0.976562     54636215        42.67
        3.71     0.978125     54636215        45.71
        3.73     0.979688     54787532        49.23
        3.73     0.981250     54787532        53.33
        3.74     0.982812     54916935        58.18
        3.76     0.984375     55025444        64.00
        3.76     0.985156     55025444        67.37
        3.77     0.985938     55116970        71.11
        3.77     0.986719     55116970        75.29
        3.79     0.987500     55195845        80.00
        3.79     0.988281     55195845        85.33
        3.81     0.989062     55266682        91.43
        3.81     0.989844     55266682        98.46
        3.82     0.990625     55329436       106.67
        3.84     0.991406     55387299       116.36
        3.84     0.992188     55387299       128.00
        3.85     0.992578     55440141       134.74
        3.85     0.992969     55440141       142.22
        3.87     0.993359     55488759       150.59
        3.87     0.993750     55488759       160.00
        3.89     0.994141     55534183       170.67
        3.89     0.994531     55534183       182.86
        3.90     0.994922     55574259       196.92
        3.90     0.995313     55574259       213.33
        3.92     0.995703     55610117       232.73
        3.92     0.996094     55610117       256.00
        3.94     0.996289     55641275       269.47
        3.94     0.996484     55641275       284.44
        3.94     0.996680     55641275       301.18
        3.95     0.996875     55669857       320.00
        3.95     0.997070     55669857       341.33
        3.95     0.997266     55669857       365.71
        3.97     0.997461     55694415       393.85
        3.97     0.997656     55694415       426.67
        3.98     0.997852     55714978       465.45
        3.98     0.998047     55714978       512.00
        4.00     0.998145     55732434       538.95
        4.00     0.998242     55732434       568.89
        4.00     0.998340     55732434       602.35
        4.01     0.998437     55746663       640.00
        4.01     0.998535     55746663       682.67
        4.01     0.998633     55746663       731.43
        4.03     0.998730     55758838       787.69
        4.03     0.998828     55758838       853.33
        4.05     0.998926     55768588       930.91
        4.05     0.999023     55768588      1024.00
        4.06     0.999072     55776117      1077.89
        4.06     0.999121     55776117      1137.78
        4.06     0.999170     55776117      1204.71
        4.08     0.999219     55782551      1280.00
        4.08     0.999268     55782551      1365.33
        4.09     0.999316     55787517      1462.86
        4.09     0.999365     55787517      1575.38
        4.13     0.999414     55794631      1706.67
        4.13     0.999463     55794631      1861.82
        4.13     0.999512     55794631      2048.00
        4.16     0.999536     55799294      2155.79
        4.16     0.999561     55799294      2275.56
        4.16     0.999585     55799294      2409.41
        4.19     0.999609     55802495      2560.00
        4.19     0.999634     55802495      2730.67
        4.19     0.999658     55802495      2925.71
        4.22     0.999683     55804818      3150.77
        4.22     0.999707     55804818      3413.33
        4.25     0.999731     55806448      3723.64
        4.29     0.999756     55807947      4096.00
        4.32     0.999768     55809252      4311.58
        4.32     0.999780     55809252      4551.11
        4.35     0.999792     55810401      4818.82
        4.35     0.999805     55810401      5120.00
        4.38     0.999817     55811444      5461.33
        4.42     0.999829     55812272      5851.43
        4.42     0.999841     55812272      6301.54
        4.45     0.999854     55813136      6826.67
        4.48     0.999866     55813949      7447.27
        4.51     0.999878     55814642      8192.00
        4.54     0.999884     55815326      8623.16
        4.54     0.999890     55815326      9102.22
        4.58     0.999896     55815905      9637.65
        4.58     0.999902     55815905     10240.00
        4.61     0.999908     55816452     10922.67
        4.61     0.999915     55816452     11702.86
        4.64     0.999921     55816951     12603.08
        4.67     0.999927     55817422     13653.33
        4.67     0.999933     55817422     14894.55
        4.70     0.999939     55817864     16384.00
        4.74     0.999942     55818243     17246.32
        4.74     0.999945     55818243     18204.44
        4.74     0.999948     55818243     19275.29
        4.77     0.999951     55818695     20480.00
        4.77     0.999954     55818695     21845.33
        4.80     0.999957     55818990     23405.71
        4.80     0.999960     55818990     25206.15
        4.83     0.999963     55819304     27306.67
        4.83     0.999966     55819304     29789.09
        4.86     0.999969     55819549     32768.00
        4.86     0.999971     55819549     34492.63
        4.89     0.999973     55819745     36408.89
        4.89     0.999974     55819745     38550.59
        4.93     0.999976     55819909     40960.00
        4.93     0.999977     55819909     43690.67
        4.96     0.999979     55820060     46811.43
        4.96     0.999980     55820060     50412.31
        4.99     0.999982     55820204     54613.33
        4.99     0.999983     55820204     59578.18
        5.02     0.999985     55820304     65536.00
        5.05     0.999986     55820379     68985.26
        5.05     0.999986     55820379     72817.78
        5.09     0.999987     55820473     77101.18
        5.09     0.999988     55820473     81920.00
        5.12     0.999989     55820557     87381.33
        5.12     0.999989     55820557     93622.86
        5.15     0.999990     55820650    100824.62
        5.15     0.999991     55820650    109226.67
        5.15     0.999992     55820650    119156.36
        5.18     0.999992     55820707    131072.00
        5.21     0.999993     55820761    137970.53
        5.21     0.999993     55820761    145635.56
        5.21     0.999994     55820761    154202.35
        5.25     0.999994     55820802    163840.00
        5.25     0.999994     55820802    174762.67
        5.28     0.999995     55820827    187245.71
        5.31     0.999995     55820853    201649.23
        5.34     0.999995     55820881    218453.33
        5.38     0.999996     55820907    238312.73
        5.38     0.999996     55820907    262144.00
        5.41     0.999996     55820927    275941.05
        5.41     0.999997     55820927    291271.11
        5.44     0.999997     55820962    308404.71
        5.44     0.999997     55820962    327680.00
        5.44     0.999997     55820962    349525.33
        5.47     0.999997     55820982    374491.43
        5.47     0.999998     55820982    403298.46
        5.50     0.999998     55821010    436906.67
        5.50     0.999998     55821010    476625.45
        5.54     0.999998     55821034    524288.00
        5.54     0.999998     55821034    551882.11
        5.54     0.999998     55821034    582542.22
        5.54     0.999998     55821034    616809.41
        5.54     0.999998     55821034    655360.00
        5.57     0.999999     55821048    699050.67
        5.57     0.999999     55821048    748982.86
        5.60     0.999999     55821060    806596.92
        5.60     0.999999     55821060    873813.33
        5.60     0.999999     55821060    953250.91
        5.63     0.999999     55821070   1048576.00
        5.63     0.999999     55821070   1103764.21
        5.66     0.999999     55821076   1165084.44
        5.66     0.999999     55821076   1233618.82
        5.66     0.999999     55821076   1310720.00
        5.70     0.999999     55821087   1398101.33
        5.70     0.999999     55821087   1497965.71
        5.70     0.999999     55821087   1613193.85
        5.70     0.999999     55821087   1747626.67
        5.73     0.999999     55821091   1906501.82
        5.76     1.000000     55821099   2097152.00
        5.76     1.000000     55821099   2207528.42
        5.76     1.000000     55821099   2330168.89
        5.76     1.000000     55821099   2467237.65
        5.76     1.000000     55821099   2621440.00
        5.76     1.000000     55821099   2796202.67
        5.79     1.000000     55821106   2995931.43
        5.79     1.000000     55821106   3226387.69
        5.79     1.000000     55821106   3495253.33
        5.79     1.000000     55821106   3813003.64
        5.79     1.000000     55821106   4194304.00
        5.79     1.000000     55821106   4415056.84
        5.89     1.000000     55821112   4660337.78
        5.89     1.000000     55821112   4934475.29
        5.89     1.000000     55821112   5242880.00
        5.89     1.000000     55821112   5592405.33
        5.89     1.000000     55821112   5991862.86
        5.89     1.000000     55821112   6452775.39
        5.89     1.000000     55821112   6990506.67
        5.89     1.000000     55821112   7626007.28
        5.89     1.000000     55821112   8388608.00
        5.89     1.000000     55821112   8830113.68
        5.95     1.000000     55821116   9320675.55
        5.95     1.000000     55821116   9868950.59
        5.95     1.000000     55821116  10485760.00
        5.95     1.000000     55821116  11184810.67
        5.95     1.000000     55821116  11983725.71
        5.95     1.000000     55821116  12905550.76
        5.95     1.000000     55821116  13981013.34
        5.95     1.000000     55821116  15252014.55
        5.95     1.000000     55821116  16777216.00
        5.95     1.000000     55821116  17660227.38
        5.95     1.000000     55821116  18641351.10
        5.95     1.000000     55821116  19737901.19
        5.95     1.000000     55821116  20971519.98
        5.95     1.000000     55821116  22369621.33
        5.95     1.000000     55821116  23967451.45
        5.95     1.000000     55821116  25811101.52
        5.98     1.000000     55821117  27962026.68
        5.98     1.000000     55821117  30504029.05
        5.98     1.000000     55821117  33554432.00
        5.98     1.000000     55821117  35320454.76
        5.98     1.000000     55821117  37282702.28
        5.98     1.000000     55821117  39475802.28
        5.98     1.000000     55821117  41943039.96
        5.98     1.000000     55821117  44739242.67
        5.98     1.000000     55821117  47934902.91
        5.98     1.000000     55821117  51622203.20
        6.11     1.000000     55821118  55924053.19
        6.11     1.000000     55821118          inf
#[Mean    =        2.578, StdDeviation   =        0.687]
#[Max     =        6.111, Total count    =     55821118]
#[Buckets =           20, SubBuckets     =          256]
