       Value   Percentile   TotalCount 1/(1-Percentile)

        0.28     0.000000            1         1.00
        1.86     0.050000      3110891         1.05
        1.90     0.100000      6226532         1.11
        1.93     0.150000      8762303         1.18
        1.95     0.200000     11681100         1.25
        1.98     0.250000     14805751         1.33
        1.99     0.300000     16905820         1.43
        2.02     0.350000     19907008         1.54
        2.04     0.400000     22597219         1.67
        2.08     0.450000     26112193         1.82
        2.11     0.500000     28023798         2.00
        2.16     0.525000     29692906         2.11
        2.24     0.550000     30710143         2.22
        2.94     0.575000     32206569         2.35
        3.04     0.600000     33782093         2.50
        3.09     0.625000     34975811         2.67
        3.13     0.650000     36462289         2.86
        3.18     0.675000     38228966         3.08
        3.21     0.700000     39542773         3.33
        3.25     0.725000     40931246         3.64
        3.28     0.750000     42354957         4.00
        3.29     0.762500     43060229         4.21
        3.31     0.775000     43753481         4.44
        3.33     0.787500     44428603         4.71
        3.34     0.800000     45073326         5.00
        3.36     0.812500     45686049         5.33
        3.38     0.825000     46262895         5.71
        3.39     0.837500     46807341         6.15
        3.42     0.850000     47793847         6.67
        3.44     0.862500     48250597         7.27
        3.47     0.875000     49121286         8.00
        3.49     0.881250     49550820         8.42
        3.49     0.887500     49550820         8.89
        3.50     0.893750     49984141         9.41
        3.52     0.900000     50422982        10.00
        3.54     0.906250     50869845        10.67
        3.55     0.912500     51316242        11.43
        3.55     0.918750     51316242        12.31
        3.57     0.925000     51763487        13.33
        3.58     0.931250     52200811        14.55
        3.60     0.937500     52619592        16.00
        3.60     0.940625     52619592        16.84
        3.62     0.943750     53016125        17.78
        3.62     0.946875     53016125        18.82
        3.63     0.950000     53379110        20.00
        3.63     0.953125     53379110        21.33
        3.63     0.956250     53379110        22.86
        3.65     0.959375     53704991        24.62
        3.66     0.962500     53993790        26.67
        3.66     0.965625     53993790        29.09
        3.68     0.968750     54243065        32.00
        3.68     0.970313     54243065        33.68
        3.69     0.971875     54454196        35.56
        3.69     0.973437     54454196        37.65
        3.69     0.975000     54454196        40.00
        3.71     0.976562     54636070        42.67
        3.71     0.978125     54636070        45.71
        3.73     0.979688     54787406        49.23
        3.73     0.981250     54787406        53.33
        3.74     0.982812     54916829        58.18
        3.76     0.984375     55025333        64.00
        3.76     0.985156     55025333        67.37
        3.77     0.985938     55116863        71.11
        3.77     0.986719     55116863        75.29
        3.79     0.987500     55195737        80.00
        3.79     0.988281     55195737        85.33
        3.81     0.989062     55266591        91.43
        3.81     0.989844     55266591        98.46
        3.82     0.990625     55329347       106.67
        3.84     0.991406     55387212       116.36
        3.84     0.992188     55387212       128.00
        3.85     0.992578     55440065       134.74
        3.85     0.992969     55440065       142.22
        3.87     0.993359     55488701       150.59
        3.87     0.993750     55488701       160.00
        3.89     0.994141     55534117       170.67
        3.89     0.994531     55534117       182.86
        3.90     0.994922     55574188       196.92
        3.90     0.995313     55574188       213.33
        3.92     0.995703     55610054       232.73
        3.92     0.996094     55610054       256.00
        3.94     0.996289     55641207       269.47
        3.94     0.996484     55641207       284.44
        3.94     0.996680     55641207       301.18
        3.95     0.996875     55669783       320.00
        3.95     0.997070     55669783       341.33
        3.95     0.997266     55669783       365.71
        3.97     0.997461     55694343       393.85
        3.97     0.997656     55694343       426.67
        3.98     0.997852     55714899       465.45
        3.98     0.998047     55714899       512.00
        4.00     0.998145     55732355       538.95
        4.00     0.998242     55732355       568.89
        4.00     0.998340     55732355       602.35
        4.01     0.998437     55746577       640.00
        4.01     0.998535     55746577       682.67
        4.01     0.998633     55746577       731.43
        4.03     0.998730     55758753       787.69
        4.03     0.998828     55758753       853.33
        4.05     0.998926     55768505       930.91
        4.05     0.999023     55768505      1024.00
        4.06     0.999072     55776029      1077.89
        4.06     0.999121     55776029      1137.78
        4.06     0.999170     55776029      1204.71
        4.08     0.999219     55782460      1280.00
        4.08     0.999268     55782460      1365.33
        4.09     0.999316     55787426      1462.86
        4.09     0.999365     55787426      1575.38
        4.13     0.999414     55794529      1706.67
        4.13     0.999463     55794529      1861.82
        4.13     0.999512     55794529      2048.00
        4.16     0.999536     55799190      2155.79
        4.16     0.999561     55799190      2275.56
        4.16     0.999585     55799190      2409.41
        4.19     0.999609     55802391      2560.00
        4.19     0.999634     55802391      2730.67
        4.19     0.999658     55802391      2925.71
        4.22     0.999683     55804715      3150.77
        4.22     0.999707     55804715      3413.33
        4.25     0.999731     55806346      3723.64
        4.29     0.999756     55807846      4096.00
        4.32     0.999768     55809148      4311.58
        4.32     0.999780     55809148      4551.11
        4.35     0.999792     55810297      4818.82
        4.35     0.999805     55810297      5120.00
        4.38     0.999817     55811339      5461.33
        4.42     0.999829     55812169      5851.43
        4.42     0.999841     55812169      6301.54
        4.45     0.999854     55813034      6826.67
        4.48     0.999866     55813845      7447.27
        4.51     0.999878     55814539      8192.00
        4.54     0.999884     55815223      8623.16
        4.54     0.999890     55815223      9102.22
        4.58     0.999896     55815802      9637.65
        4.58     0.999902     55815802     10240.00
        4.61     0.999908     55816348     10922.67
        4.61     0.999915     55816348     11702.86
        4.64     0.999921     55816847     12603.08
        4.67     0.999927     55817320     13653.33
        4.67     0.999933     55817320     14894.55
        4.70     0.999939     55817762     16384.00
        4.74     0.999942     55818141     17246.32
        4.74     0.999945     55818141     18204.44
        4.74     0.999948     55818141     19275.29
        4.77     0.999951     55818594     20480.00
        4.77     0.999954     55818594     21845.33
        4.80     0.999957     55818888     23405.71
        4.80     0.999960     55818888     25206.15
        4.83     0.999963     55819202     27306.67
        4.83     0.999966     55819202     29789.09
        4.86     0.999969     55819447     32768.00
        4.86     0.999971     55819447     34492.63
        4.89     0.999973     55819643     36408.89
        4.89     0.999974     55819643     38550.59
        4.93     0.999976     55819807     40960.00
        4.93     0.999977     55819807     43690.67
        4.96     0.999979     55819959     46811.43
        4.96     0.999980     55819959     50412.31
        4.99     0.999982     55820103     54613.33
        4.99     0.999983     55820103     59578.18
        5.02     0.999985     55820203     65536.00
        5.05     0.999986     55820278     68985.26
        5.05     0.999986     55820278     72817.78
        5.09     0.999987     55820371     77101.18
        5.09     0.999988     55820371     81920.00
        5.12     0.999989     55820455     87381.33
        5.12     0.999989     55820455     93622.86
        5.15     0.999990     55820547    100824.62
        5.15     0.999991     55820547    109226.67
        5.18     0.999992     55820605    119156.36
        5.18     0.999992     55820605    131072.00
        5.21     0.999993     55820660    137970.53
        5.21     0.999993     55820660    145635.56
        5.21     0.999994     55820660    154202.35
        5.25     0.999994     55820702    163840.00
        5.25     0.999994     55820702    174762.67
        5.28     0.999995     55820727    187245.71
        5.31     0.999995     55820753    201649.23
        5.34     0.999995     55820781    218453.33
        5.38     0.999996     55820807    238312.73
        5.38     0.999996     55820807    262144.00
        5.41     0.999996     55820827    275941.05
        5.41     0.999997     55820827    291271.11
        5.44     0.999997     55820862    308404.71
        5.44     0.999997     55820862    327680.00
        5.44     0.999997     55820862    349525.33
        5.47     0.999997     55820882    374491.43
        5.47     0.999998     55820882    403298.46
        5.50     0.999998     55820910    436906.67
        5.50     0.999998     55820910    476625.45
        5.54     0.999998     55820934    524288.00
        5.54     0.999998     55820934    551882.11
        5.54     0.999998     55820934    582542.22
        5.54     0.999998     55820934    616809.41
        5.54     0.999998     55820934    655360.00
        5.57     0.999999     55820948    699050.67
        5.57     0.999999     55820948    748982.86
        5.60     0.999999     55820960    806596.92
        5.60     0.999999     55820960    873813.33
        5.60     0.999999     55820960    953250.91
        5.63     0.999999     55820970   1048576.00
        5.63     0.999999     55820970   1103764.21
        5.66     0.999999     55820976   1165084.44
        5.66     0.999999     55820976   1233618.82
        5.66     0.999999     55820976   1310720.00
        5.70     0.999999     55820987   1398101.33
        5.70     0.999999     55820987   1497965.71
        5.70     0.999999     55820987   1613193.85
        5.70     0.999999     55820987   1747626.67
        5.73     0.999999     55820991   1906501.82
        5.76     1.000000     55820999   2097152.00
        5.76     1.000000     55820999   2207528.42
        5.76     1.000000     55820999   2330168.89
        5.76     1.000000     55820999   2467237.65
        5.76     1.000000     55820999   2621440.00
        5.76     1.000000     55820999   2796202.67
        5.79     1.000000     55821006   2995931.43
        5.79     1.000000     55821006   3226387.69
        5.79     1.000000     55821006   3495253.33
        5.79     1.000000     55821006   3813003.64
        5.79     1.000000     55821006   4194304.00
        5.79     1.000000     55821006   4415056.84
        5.89     1.000000     55821012   4660337.78
        5.89     1.000000     55821012   4934475.29
        5.89     1.000000     55821012   5242880.00
        5.89     1.000000     55821012   5592405.33
        5.89     1.000000     55821012   5991862.86
        5.89     1.000000     55821012   6452775.39
        5.89     1.000000     55821012   6990506.67
        5.89     1.000000     55821012   7626007.28
        5.89     1.000000     55821012   8388608.00
        5.89     1.000000     55821012   8830113.68
        5.95     1.000000     55821016   9320675.55
        5.95     1.000000     55821016   9868950.59
        5.95     1.000000     55821016  10485760.00
        5.95     1.000000     55821016  11184810.67
        5.95     1.000000     55821016  11983725.71
        5.95     1.000000     55821016  12905550.76
        5.95     1.000000     55821016  13981013.34
        5.95     1.000000     55821016  15252014.55
        5.95     1.000000     55821016  16777216.00
        5.95     1.000000     55821016  17660227.38
        5.95     1.000000     55821016  18641351.10
        5.95     1.000000     55821016  19737901.19
        5.95     1.000000     55821016  20971519.98
        5.95     1.000000     55821016  22369621.33
        5.95     1.000000     55821016  23967451.45
        5.95     1.000000     55821016  25811101.52
        5.98     1.000000     55821017  27962026.68
        5.98     1.000000     55821017  30504029.05
        5.98     1.000000     55821017  33554432.00
        5.98     1.000000     55821017  35320454.76
        5.98     1.000000     55821017  37282702.28
        5.98     1.000000     55821017  39475802.28
        5.98     1.000000     55821017  41943039.96
        5.98     1.000000     55821017  44739242.67
        5.98     1.000000     55821017  47934902.91
        5.98     1.000000     55821017  51622203.20
        6.11     1.000000     55821018  55924053.19
        6.11     1.000000     55821018          inf
#[Mean    =        2.578, StdDeviation   =        0.687]
#[Max     =        6.111, Total count    =     55821018]
#[Buckets =           20, SubBuckets     =          256]
