dbsize
calls
1
histogram_usec
2
1
latency|histogram
calls
1
histogram_usec
66
1
latency|latest
calls
2
histogram_usec
2
1
8
2
ping
calls
1
histogram_usec
4
1
setex
calls
14091356
histogram_usec
1
5791870
2
12008991
4
13957849
8
14076055
16
14087558
33
14090995
66
14091339
132
14091352
264
14091353
528
14091354
2113
14091355
4227
14091356
get
calls
14091306
histogram_usec
1
10387104
2
13863261
4
14082923
8
14090057
16
14090960
33
14091290
66
14091301
132
14091303
264
14091304
528
14091305
4227
14091306
info
calls
2
histogram_usec
264
2
