       Value   Percentile   TotalCount 1/(1-Percentile)

        0.02     0.000000        10313         1.00
        0.39     0.050000       850771         1.05
        0.61     0.100000      1703827         1.11
        0.69     0.150000      2897623         1.18
        0.70     0.200000      3423425         1.25
        0.72     0.250000      5042298         1.33
        0.73     0.300000      6139078         1.43
        0.73     0.350000      6139078         1.54
        0.73     0.400000      7407276         1.67
        0.74     0.450000      8839078         1.82
        0.74     0.500000      8839078         2.00
        0.75     0.525000     10350902         2.11
        0.75     0.550000     10350902         2.22
        0.75     0.575000     10350902         2.35
        0.75     0.600000     10350902         2.50
        0.76     0.625000     11763693         2.67
        0.76     0.650000     11763693         2.86
        0.76     0.675000     11763693         3.08
        0.77     0.700000     12924351         3.33
        0.77     0.725000     12924351         3.64
        0.77     0.750000     12924351         4.00
        0.77     0.762500     12924351         4.21
        0.78     0.775000     13720324         4.44
        0.78     0.787500     13720324         4.71
        0.78     0.800000     13720324         5.00
        0.78     0.812500     14192512         5.33
        0.78     0.825000     14192512         5.71
        0.78     0.837500     14192512         6.15
        0.79     0.850000     14454020         6.67
        0.80     0.862500     14614553         7.27
        0.81     0.875000     14855229         8.00
        0.82     0.881250     14979432         8.42
        0.83     0.887500     15108089         8.89
        0.84     0.893750     15241199         9.41
        0.84     0.900000     15241199        10.00
        0.85     0.906250     15374590        10.67
        0.85     0.912500     15513921        11.43
        0.86     0.918750     15648127        12.31
        0.86     0.925000     15648127        13.33
        0.87     0.931250     15772781        14.55
        0.88     0.937500     15880954        16.00
        0.89     0.940625     15971743        16.84
        0.89     0.943750     15971743        17.78
        0.90     0.946875     16043757        18.82
        0.90     0.950000     16101114        20.00
        0.91     0.953125     16145138        21.33
        0.92     0.956250     16180938        22.86
        0.94     0.959375     16235456        24.62
        0.95     0.962500     16278176        26.67
        0.97     0.965625     16330779        29.09
        1.00     0.968750     16380021        32.00
        1.01     0.970313     16409249        33.68
        1.03     0.971875     16434363        35.56
        1.05     0.973437     16463381        37.65
        1.09     0.975000     16485828        40.00
        1.18     0.976562     16513082        42.67
        1.27     0.978125     16539196        45.71
        1.36     0.979688     16567833        49.23
        1.40     0.981250     16596907        53.33
        1.42     0.982812     16624682        58.18
        1.44     0.984375     16648067        64.00
        1.45     0.985156     16661153        67.37
        1.46     0.985938     16674960        71.11
        1.46     0.986719     16689387        75.29
        1.47     0.987500     16704637        80.00
        1.48     0.988281     16720519        85.33
        1.49     0.989062     16737152        91.43
        1.49     0.989844     16737152        98.46
        1.50     0.990625     16754318       106.67
        1.50     0.991406     16771994       116.36
        1.51     0.992188     16789234       128.00
        1.51     0.992578     16789234       134.74
        1.51     0.992969     16789234       142.22
        1.52     0.993359     16805598       150.59
        1.52     0.993750     16805598       160.00
        1.53     0.994141     16819988       170.67
        1.53     0.994531     16819988       182.86
        1.53     0.994922     16832252       196.92
        1.53     0.995313     16832252       213.33
        1.54     0.995703     16842057       232.73
        1.54     0.996094     16842057       256.00
        1.55     0.996289     16849643       269.47
        1.55     0.996484     16849643       284.44
        1.56     0.996680     16855357       301.18
        1.56     0.996875     16855357       320.00
        1.57     0.997070     16859673       341.33
        1.57     0.997266     16862863       365.71
        1.58     0.997461     16865423       393.85
        1.60     0.997656     16869137       426.67
        1.61     0.997852     16872375       465.45
        1.63     0.998047     16875581       512.00
        1.64     0.998145     16877201       538.95
        1.65     0.998242     16878825       568.89
        1.66     0.998340     16880404       602.35
        1.66     0.998437     16882012       640.00
        1.67     0.998535     16883575       682.67
        1.68     0.998633     16885107       731.43
        1.69     0.998730     16886629       787.69
        1.70     0.998828     16888158       853.33
        1.70     0.998926     16889678       930.91
        1.71     0.999023     16891183      1024.00
        1.72     0.999072     16892656      1077.89
        1.72     0.999121     16892656      1137.78
        1.73     0.999170     16894066      1204.71
        1.73     0.999219     16894066      1280.00
        1.74     0.999268     16895413      1365.33
        1.74     0.999316     16896696      1462.86
        1.74     0.999365     16896696      1575.38
        1.75     0.999414     16897852      1706.67
        1.76     0.999463     16898890      1861.82
        1.77     0.999512     16899824      2048.00
        1.77     0.999536     16899824      2155.79
        1.77     0.999561     16900606      2275.56
        1.77     0.999585     16900606      2409.41
        1.78     0.999609     16901338      2560.00
        1.78     0.999634     16901338      2730.67
        1.79     0.999658     16901953      2925.71
        1.79     0.999683     16901953      3150.77
        1.80     0.999707     16902499      3413.33
        1.81     0.999731     16902993      3723.64
        1.81     0.999756     16903402      4096.00
        1.81     0.999768     16903402      4311.58
        1.82     0.999780     16903746      4551.11
        1.83     0.999792     16904038      4818.82
        1.83     0.999805     16904038      5120.00
        1.84     0.999817     16904351      5461.33
        1.85     0.999829     16904623      5851.43
        1.85     0.999841     16904623      6301.54
        1.85     0.999854     16904830      6826.67
        1.86     0.999866     16905048      7447.27
        1.87     0.999878     16905258      8192.00
        1.88     0.999884     16905410      8623.16
        1.88     0.999890     16905410      9102.22
        1.89     0.999896     16905564      9637.65
        1.90     0.999902     16905709     10240.00
        1.90     0.999908     16905709     10922.67
        1.90     0.999915     16905850     11702.86
        1.91     0.999921     16905963     12603.08
        1.92     0.999927     16906048     13653.33
        1.93     0.999933     16906141     14894.55
        1.94     0.999939     16906268     16384.00
        1.95     0.999942     16906337     17246.32
        1.95     0.999945     16906337     18204.44
        1.96     0.999948     16906417     19275.29
        1.97     0.999951     16906468     20480.00
        1.98     0.999954     16906513     21845.33
        1.98     0.999957     16906562     23405.71
        1.99     0.999960     16906608     25206.15
        2.00     0.999963     16906654     27306.67
        2.01     0.999966     16906690     29789.09
        2.02     0.999969     16906755     32768.00
        2.03     0.999971     16906772     34492.63
        2.05     0.999973     16906792     36408.89
        2.08     0.999974     16906833     38550.59
        2.10     0.999976     16906844     40960.00
        2.14     0.999977     16906879     43690.67
        2.17     0.999979     16906901     46811.43
        2.21     0.999980     16906921     50412.31
        2.25     0.999982     16906948     54613.33
        2.32     0.999983     16906980     59578.18
        2.37     0.999985     16906999     65536.00
        2.40     0.999986     16907015     68985.26
        2.43     0.999986     16907026     72817.78
        2.51     0.999987     16907038     77101.18
        2.62     0.999988     16907051     81920.00
        2.81     0.999989     16907063     87381.33
        3.38     0.999989     16907104     93622.86
        3.38     0.999990     16907104    100824.62
        3.38     0.999991     16907104    109226.67
        3.46     0.999992     16907116    119156.36
        5.18     0.999992     16907163    131072.00
        5.18     0.999993     16907163    137970.53
        5.18     0.999993     16907163    145635.56
        5.18     0.999994     16907163    154202.35
        5.18     0.999994     16907163    163840.00
        5.18     0.999994     16907163    174762.67
        5.21     0.999995     16907169    187245.71
       80.89     0.999995     16907183    201649.23
       80.89     0.999995     16907183    218453.33
       81.41     0.999996     16907202    238312.73
       81.41     0.999996     16907202    262144.00
       81.41     0.999996     16907202    275941.05
       81.41     0.999997     16907202    291271.11
       81.41     0.999997     16907202    308404.71
       81.92     0.999997     16907208    327680.00
       81.92     0.999997     16907208    349525.33
       82.43     0.999997     16907211    374491.43
      172.03     0.999998     16907253    403298.46
      172.03     0.999998     16907253    436906.67
      172.03     0.999998     16907253    476625.45
      172.03     0.999998     16907253    524288.00
      172.03     0.999998     16907253    551882.11
      172.03     0.999998     16907253    582542.22
      172.03     0.999998     16907253    616809.41
      172.03     0.999998     16907253    655360.00
      172.03     0.999999     16907253    699050.67
      172.03     0.999999     16907253    748982.86
      172.03     0.999999     16907253    806596.92
      172.03     0.999999     16907253    873813.33
      172.03     0.999999     16907253    953250.91
      172.03     0.999999     16907253   1048576.00
      172.03     0.999999     16907253   1103764.21
      172.03     0.999999     16907253   1165084.44
      172.03     0.999999     16907253   1233618.82
      172.03     0.999999     16907253   1310720.00
      172.03     0.999999     16907253   1398101.33
      172.03     0.999999     16907253   1497965.71
      172.03     0.999999     16907253   1613193.85
      172.03     0.999999     16907253   1747626.67
      172.03     0.999999     16907253   1906501.82
      172.03     1.000000     16907253   2097152.00
      172.03     1.000000     16907253   2207528.42
      172.03     1.000000     16907253   2330168.89
      172.03     1.000000     16907253   2467237.65
      172.03     1.000000     16907253   2621440.00
      172.03     1.000000     16907253   2796202.67
      172.03     1.000000     16907253   2995931.43
      172.03     1.000000     16907253   3226387.69
      172.03     1.000000     16907253   3495253.33
      172.03     1.000000     16907253   3813003.64
      172.03     1.000000     16907253   4194304.00
      172.03     1.000000     16907253   4415056.84
      172.03     1.000000     16907253   4660337.78
      172.03     1.000000     16907253   4934475.29
      172.03     1.000000     16907253   5242880.00
      172.03     1.000000     16907253   5592405.33
      173.06     1.000000     16907255   5991862.86
      173.06     1.000000     16907255   6452775.39
      173.06     1.000000     16907255   6990506.67
      173.06     1.000000     16907255   7626007.28
      173.06     1.000000     16907255   8388608.00
      173.06     1.000000     16907255   8830113.68
      173.06     1.000000     16907255   9320675.55
      173.06     1.000000     16907255   9868950.59
      173.06     1.000000     16907255  10485760.00
      173.06     1.000000     16907255  11184810.67
      173.06     1.000000     16907255  11983725.71
      173.06     1.000000     16907255  12905550.76
      173.06     1.000000     16907255  13981013.34
      173.06     1.000000     16907255  15252014.55
      173.06     1.000000     16907255  16777216.00
      174.08     1.000000     16907256  17660227.38
      174.08     1.000000     16907256          inf
#[Mean    =        0.732, StdDeviation   =        0.357]
#[Max     =      174.079, Total count    =     16907256]
#[Buckets =           20, SubBuckets     =          256]
