       Value   Percentile   TotalCount 1/(1-Percentile)

        0.02     0.000000        14100         1.00
        0.37     0.050000      1720484         1.05
        0.60     0.100000      3390262         1.11
        0.69     0.150000      5122400         1.18
        0.70     0.200000      6889383         1.25
        0.72     0.250000     10059239         1.33
        0.73     0.300000     12189247         1.43
        0.73     0.350000     12189247         1.54
        0.73     0.400000     14644277         1.67
        0.74     0.450000     17425679         1.82
        0.74     0.500000     17425679         2.00
        0.75     0.525000     20401922         2.11
        0.75     0.550000     20401922         2.22
        0.75     0.575000     20401922         2.35
        0.75     0.600000     20401922         2.50
        0.76     0.625000     23260577         2.67
        0.76     0.650000     23260577         2.86
        0.76     0.675000     23260577         3.08
        0.77     0.700000     25648071         3.33
        0.77     0.725000     25648071         3.64
        0.77     0.750000     25648071         4.00
        0.78     0.762500     27295117         4.21
        0.78     0.775000     27295117         4.44
        0.78     0.787500     27295117         4.71
        0.78     0.800000     27295117         5.00
        0.78     0.812500     28265592         5.33
        0.78     0.825000     28265592         5.71
        0.79     0.837500     28797783         6.15
        0.79     0.850000     28797783         6.67
        0.81     0.862500     29368597         7.27
        0.81     0.875000     29605892         8.00
        0.82     0.881250     29854703         8.42
        0.83     0.887500     30112288         8.89
        0.84     0.893750     30378288         9.41
        0.85     0.900000     30646615        10.00
        0.85     0.906250     30646615        10.67
        0.85     0.912500     30926830        11.43
        0.86     0.918750     31197988        12.31
        0.87     0.925000     31451647        13.33
        0.88     0.931250     31674317        14.55
        0.89     0.937500     31862282        16.00
        0.89     0.940625     31862282        16.84
        0.90     0.943750     32012235        17.78
        0.90     0.946875     32131754        18.82
        0.90     0.950000     32131754        20.00
        0.92     0.953125     32299538        21.33
        0.93     0.956250     32360460        22.86
        0.94     0.959375     32462570        24.62
        0.97     0.962500     32580569        26.67
        0.98     0.965625     32652741        29.09
        1.01     0.968750     32784249        32.00
        1.02     0.970313     32812412        33.68
        1.05     0.971875     32883658        35.56
        1.06     0.973437     32917476        37.65
        1.11     0.975000     32972836        40.00
        1.20     0.976562     33025563        42.67
        1.29     0.978125     33075074        45.71
        1.37     0.979688     33135217        49.23
        1.40     0.981250     33187429        53.33
        1.42     0.982812     33244403        58.18
        1.44     0.984375     33291628        64.00
        1.45     0.985156     33317900        67.37
        1.46     0.985938     33345684        71.11
        1.46     0.986719     33374681        75.29
        1.47     0.987500     33405238        80.00
        1.48     0.988281     33437265        85.33
        1.49     0.989062     33470509        91.43
        1.50     0.989844     33504888        98.46
        1.50     0.990625     33504888       106.67
        1.50     0.991406     33539977       116.36
        1.51     0.992188     33574675       128.00
        1.51     0.992578     33574675       134.74
        1.52     0.992969     33607685       142.22
        1.52     0.993359     33607685       150.59
        1.52     0.993750     33607685       160.00
        1.53     0.994141     33636778       170.67
        1.53     0.994531     33636778       182.86
        1.53     0.994922     33661382       196.92
        1.53     0.995313     33661382       213.33
        1.54     0.995703     33681326       232.73
        1.55     0.996094     33696816       256.00
        1.55     0.996289     33696816       269.47
        1.55     0.996484     33696816       284.44
        1.56     0.996680     33708578       301.18
        1.57     0.996875     33717431       320.00
        1.57     0.997070     33717431       341.33
        1.57     0.997266     33723974       365.71
        1.58     0.997461     33729101       393.85
        1.60     0.997656     33736687       426.67
        1.61     0.997852     33743145       465.45
        1.63     0.998047     33749680       512.00
        1.64     0.998145     33752904       538.95
        1.65     0.998242     33756176       568.89
        1.66     0.998340     33759402       602.35
        1.66     0.998437     33762656       640.00
        1.67     0.998535     33765809       682.67
        1.68     0.998633     33768907       731.43
        1.69     0.998730     33772056       787.69
        1.70     0.998828     33775147       853.33
        1.70     0.998926     33778249       930.91
        1.72     0.999023     33784327      1024.00
        1.72     0.999072     33784327      1077.89
        1.73     0.999121     33787164      1137.78
        1.73     0.999170     33787164      1204.71
        1.74     0.999219     33789954      1280.00
        1.74     0.999268     33789954      1365.33
        1.74     0.999316     33792616      1462.86
        1.75     0.999365     33794982      1575.38
        1.75     0.999414     33794982      1706.67
        1.76     0.999463     33797139      1861.82
        1.77     0.999512     33799006      2048.00
        1.77     0.999536     33799006      2155.79
        1.77     0.999561     33800642      2275.56
        1.77     0.999585     33800642      2409.41
        1.78     0.999609     33802110      2560.00
        1.79     0.999634     33803395      2730.67
        1.79     0.999658     33803395      2925.71
        1.80     0.999683     33804508      3150.77
        1.81     0.999707     33805489      3413.33
        1.81     0.999731     33805489      3723.64
        1.81     0.999756     33806328      4096.00
        1.82     0.999768     33807085      4311.58
        1.83     0.999780     33807709      4551.11
        1.83     0.999792     33807709      4818.82
        1.84     0.999805     33808365      5120.00
        1.85     0.999817     33808931      5461.33
        1.85     0.999829     33808931      5851.43
        1.85     0.999841     33809389      6301.54
        1.86     0.999854     33809823      6826.67
        1.87     0.999866     33810249      7447.27
        1.88     0.999878     33810560      8192.00
        1.89     0.999884     33810895      8623.16
        1.89     0.999890     33810895      9102.22
        1.90     0.999896     33811213      9637.65
        1.90     0.999902     33811498     10240.00
        1.90     0.999908     33811498     10922.67
        1.91     0.999915     33811713     11702.86
        1.92     0.999921     33811898     12603.08
        1.94     0.999927     33812221     13653.33
        1.94     0.999933     33812352     14894.55
        1.96     0.999939     33812638     16384.00
        1.96     0.999942     33812638     17246.32
        1.97     0.999945     33812748     18204.44
        1.98     0.999948     33812846     19275.29
        1.98     0.999951     33812946     20480.00
        1.99     0.999954     33813049     21845.33
        2.00     0.999957     33813139     23405.71
        2.02     0.999960     33813290     25206.15
        2.02     0.999963     33813345     27306.67
        2.05     0.999966     33813448     29789.09
        2.08     0.999969     33813556     32768.00
        2.10     0.999971     33813586     34492.63
        2.13     0.999973     33813645     36408.89
        2.16     0.999974     33813693     38550.59
        2.19     0.999976     33813742     40960.00
        2.22     0.999977     33813790     43690.67
        2.25     0.999979     33813844     46811.43
        2.30     0.999980     33813901     50412.31
        2.35     0.999982     33813955     54613.33
        2.40     0.999983     33814006     59578.18
        2.48     0.999985     33814050     65536.00
        2.58     0.999986     33814072     68985.26
        2.65     0.999986     33814098     72817.78
        2.81     0.999987     33814126     77101.18
        3.36     0.999988     33814156     81920.00
        3.38     0.999989     33814226     87381.33
        3.38     0.999989     33814226     93622.86
        3.39     0.999990     33814242    100824.62
        3.49     0.999991     33814255    109226.67
        5.18     0.999992     33814346    119156.36
        5.18     0.999992     33814346    131072.00
        5.18     0.999993     33814346    137970.53
        5.18     0.999993     33814346    145635.56
        5.18     0.999994     33814346    154202.35
        5.47     0.999994     33814356    163840.00
       80.89     0.999994     33814381    174762.67
       81.41     0.999995     33814433    187245.71
       81.41     0.999995     33814433    201649.23
       81.41     0.999995     33814433    218453.33
       81.41     0.999996     33814433    238312.73
       81.92     0.999996     33814456    262144.00
       81.92     0.999996     33814456    275941.05
       81.92     0.999997     33814456    291271.11
       81.92     0.999997     33814456    308404.71
       82.43     0.999997     33814462    327680.00
      172.03     0.999997     33814556    349525.33
      172.03     0.999997     33814556    374491.43
      172.03     0.999998     33814556    403298.46
      172.03     0.999998     33814556    436906.67
      172.03     0.999998     33814556    476625.45
      172.03     0.999998     33814556    524288.00
      172.03     0.999998     33814556    551882.11
      172.03     0.999998     33814556    582542.22
      172.03     0.999998     33814556    616809.41
      172.03     0.999998     33814556    655360.00
      172.03     0.999999     33814556    699050.67
      172.03     0.999999     33814556    748982.86
      172.03     0.999999     33814556    806596.92
      172.03     0.999999     33814556    873813.33
      172.03     0.999999     33814556    953250.91
      172.03     0.999999     33814556   1048576.00
      172.03     0.999999     33814556   1103764.21
      172.03     0.999999     33814556   1165084.44
      172.03     0.999999     33814556   1233618.82
      172.03     0.999999     33814556   1310720.00
      172.03     0.999999     33814556   1398101.33
      172.03     0.999999     33814556   1497965.71
      172.03     0.999999     33814556   1613193.85
      172.03     0.999999     33814556   1747626.67
      172.03     0.999999     33814556   1906501.82
      172.03     1.000000     33814556   2097152.00
      172.03     1.000000     33814556   2207528.42
      172.03     1.000000     33814556   2330168.89
      172.03     1.000000     33814556   2467237.65
      172.03     1.000000     33814556   2621440.00
      172.03     1.000000     33814556   2796202.67
      172.03     1.000000     33814556   2995931.43
      172.03     1.000000     33814556   3226387.69
      172.03     1.000000     33814556   3495253.33
      172.03     1.000000     33814556   3813003.64
      172.03     1.000000     33814556   4194304.00
      172.03     1.000000     33814556   4415056.84
      172.03     1.000000     33814556   4660337.78
      172.03     1.000000     33814556   4934475.29
      172.03     1.000000     33814556   5242880.00
      172.03     1.000000     33814556   5592405.33
      173.06     1.000000     33814559   5991862.86
      173.06     1.000000     33814559   6452775.39
      173.06     1.000000     33814559   6990506.67
      173.06     1.000000     33814559   7626007.28
      173.06     1.000000     33814559   8388608.00
      173.06     1.000000     33814559   8830113.68
      173.06     1.000000     33814559   9320675.55
      173.06     1.000000     33814559   9868950.59
      173.06     1.000000     33814559  10485760.00
      173.06     1.000000     33814559  11184810.67
      174.08     1.000000     33814562  11983725.71
      174.08     1.000000     33814562          inf
#[Mean    =        0.732, StdDeviation   =        0.375]
#[Max     =      174.079, Total count    =     33814562]
#[Buckets =           20, SubBuckets     =          256]
