       Value   Percentile   TotalCount 1/(1-Percentile)

        0.38     0.000000            2         1.00
        1.87     0.050000      6428109         1.05
        1.90     0.100000     11656029         1.11
        1.93     0.150000     16904732         1.18
        1.95     0.200000     23062739         1.25
        1.98     0.250000     29719413         1.33
        1.99     0.300000     34197969         1.43
        2.02     0.350000     40581742         1.54
        2.04     0.400000     46226420         1.67
        2.06     0.450000     50891507         1.82
        2.11     0.500000     57253728         2.00
        2.14     0.525000     59670539         2.11
        2.19     0.550000     61599549         2.22
        2.90     0.575000     64372447         2.35
        3.02     0.600000     67490696         2.50
        3.09     0.625000     70363938         2.67
        3.13     0.650000     73210457         2.86
        3.18     0.675000     76633287         3.08
        3.21     0.700000     79205430         3.33
        3.25     0.725000     81944916         3.64
        3.28     0.750000     84760806         4.00
        3.29     0.762500     86168138         4.21
        3.31     0.775000     87545112         4.44
        3.33     0.787500     88878668         4.71
        3.34     0.800000     90159927         5.00
        3.36     0.812500     91374249         5.33
        3.38     0.825000     92517303         5.71
        3.41     0.837500     94574603         6.15
        3.42     0.850000     95501262         6.67
        3.46     0.862500     97223779         7.27
        3.47     0.875000     98047226         8.00
        3.49     0.881250     98871244         8.42
        3.50     0.887500     99701757         8.89
        3.52     0.893750    100552656         9.41
        3.54     0.900000    101425540        10.00
        3.54     0.906250    101425540        10.67
        3.55     0.912500    102312073        11.43
        3.57     0.918750    103211361        12.31
        3.58     0.925000    104092234        13.33
        3.60     0.931250    104942883        14.55
        3.60     0.937500    104942883        16.00
        3.62     0.940625    105748545        16.84
        3.62     0.943750    105748545        17.78
        3.63     0.946875    106499659        18.82
        3.63     0.950000    106499659        20.00
        3.65     0.953125    107189868        21.33
        3.65     0.956250    107189868        22.86
        3.66     0.959375    107802532        24.62
        3.66     0.962500    107802532        26.67
        3.68     0.965625    108345269        29.09
        3.69     0.968750    108818912        32.00
        3.69     0.970313    108818912        33.68
        3.69     0.971875    108818912        35.56
        3.71     0.973437    109223749        37.65
        3.71     0.975000    109223749        40.00
        3.73     0.976562    109569166        42.67
        3.73     0.978125    109569166        45.71
        3.74     0.979688    109859864        49.23
        3.74     0.981250    109859864        53.33
        3.76     0.982812    110101925        58.18
        3.77     0.984375    110313228        64.00
        3.77     0.985156    110313228        67.37
        3.77     0.985938    110313228        71.11
        3.79     0.986719    110492582        75.29
        3.79     0.987500    110492582        80.00
        3.81     0.988281    110651884        85.33
        3.82     0.989062    110793683        91.43
        3.82     0.989844    110793683        98.46
        3.84     0.990625    110921324       106.67
        3.84     0.991406    110921324       116.36
        3.85     0.992188    111036470       128.00
        3.87     0.992578    111144398       134.74
        3.87     0.992969    111144398       142.22
        3.87     0.993359    111144398       150.59
        3.89     0.993750    111241423       160.00
        3.89     0.994141    111241423       170.67
        3.90     0.994531    111328995       182.86
        3.90     0.994922    111328995       196.92
        3.92     0.995313    111410125       213.33
        3.92     0.995703    111410125       232.73
        3.94     0.996094    111478765       256.00
        3.94     0.996289    111478765       269.47
        3.95     0.996484    111539676       284.44
        3.95     0.996680    111539676       301.18
        3.95     0.996875    111539676       320.00
        3.97     0.997070    111593344       341.33
        3.97     0.997266    111593344       365.71
        3.98     0.997461    111639629       393.85
        3.98     0.997656    111639629       426.67
        3.98     0.997852    111639629       465.45
        4.00     0.998047    111677420       512.00
        4.00     0.998145    111677420       538.95
        4.01     0.998242    111709631       568.89
        4.01     0.998340    111709631       602.35
        4.01     0.998437    111709631       640.00
        4.03     0.998535    111736409       682.67
        4.03     0.998633    111736409       731.43
        4.03     0.998730    111736409       787.69
        4.05     0.998828    111758116       853.33
        4.06     0.998926    111776760       930.91
        4.06     0.999023    111776760      1024.00
        4.06     0.999072    111776760      1077.89
        4.08     0.999121    111790997      1137.78
        4.08     0.999170    111790997      1204.71
        4.08     0.999219    111790997      1280.00
        4.09     0.999268    111802702      1365.33
        4.09     0.999316    111802702      1462.86
        4.13     0.999365    111819821      1575.38
        4.13     0.999414    111819821      1706.67
        4.13     0.999463    111819821      1861.82
        4.16     0.999512    111831109      2048.00
        4.16     0.999536    111831109      2155.79
        4.16     0.999561    111831109      2275.56
        4.19     0.999585    111838290      2409.41
        4.19     0.999609    111838290      2560.00
        4.19     0.999634    111838290      2730.67
        4.22     0.999658    111843527      2925.71
        4.22     0.999683    111843527      3150.77
        4.25     0.999707    111847797      3413.33
        4.29     0.999731    111851299      3723.64
        4.29     0.999756    111851299      4096.00
        4.32     0.999768    111854277      4311.58
        4.32     0.999780    111854277      4551.11
        4.35     0.999792    111856773      4818.82
        4.35     0.999805    111856773      5120.00
        4.38     0.999817    111859025      5461.33
        4.42     0.999829    111861191      5851.43
        4.42     0.999841    111861191      6301.54
        4.45     0.999854    111862945      6826.67
        4.48     0.999866    111864581      7447.27
        4.51     0.999878    111865936      8192.00
        4.51     0.999884    111865936      8623.16
        4.54     0.999890    111867239      9102.22
        4.54     0.999896    111867239      9637.65
        4.58     0.999902    111868700     10240.00
        4.58     0.999908    111868700     10922.67
        4.61     0.999915    111869922     11702.86
        4.61     0.999921    111869922     12603.08
        4.64     0.999927    111870851     13653.33
        4.64     0.999933    111870851     14894.55
        4.67     0.999939    111871782     16384.00
        4.70     0.999942    111872639     17246.32
        4.70     0.999945    111872639     18204.44
        4.70     0.999948    111872639     19275.29
        4.74     0.999951    111873445     20480.00
        4.74     0.999954    111873445     21845.33
        4.77     0.999957    111874274     23405.71
        4.77     0.999960    111874274     25206.15
        4.77     0.999963    111874274     27306.67
        4.80     0.999966    111874754     29789.09
        4.83     0.999969    111875150     32768.00
        4.83     0.999971    111875150     34492.63
        4.86     0.999973    111875578     36408.89
        4.86     0.999974    111875578     38550.59
        4.89     0.999976    111876008     40960.00
        4.89     0.999977    111876008     43690.67
        4.89     0.999979    111876008     46811.43
        4.93     0.999980    111876378     50412.31
        4.93     0.999982    111876378     54613.33
        4.96     0.999983    111876638     59578.18
        4.99     0.999985    111876890     65536.00
        4.99     0.999986    111876890     68985.26
        4.99     0.999986    111876890     72817.78
        5.02     0.999987    111877020     77101.18
        5.02     0.999988    111877020     81920.00
        5.05     0.999989    111877170     87381.33
        5.05     0.999989    111877170     93622.86
        5.09     0.999990    111877335    100824.62
        5.09     0.999991    111877335    109226.67
        5.12     0.999992    111877470    119156.36
        5.15     0.999992    111877634    131072.00
        5.15     0.999993    111877634    137970.53
        5.15     0.999993    111877634    145635.56
        5.15     0.999994    111877634    154202.35
        5.18     0.999994    111877814    163840.00
        5.18     0.999994    111877814    174762.67
        5.18     0.999995    111877814    187245.71
        5.18     0.999995    111877814    201649.23
        5.21     0.999995    111877880    218453.33
        5.25     0.999996    111877948    238312.73
        5.25     0.999996    111877948    262144.00
        5.28     0.999996    111877992    275941.05
        5.28     0.999997    111877992    291271.11
        5.28     0.999997    111877992    308404.71
        5.31     0.999997    111878036    327680.00
        5.31     0.999997    111878036    349525.33
        5.34     0.999997    111878066    374491.43
        5.38     0.999998    111878100    403298.46
        5.38     0.999998    111878100    436906.67
        5.44     0.999998    111878150    476625.45
        5.44     0.999998    111878150    524288.00
        5.47     0.999998    111878208    551882.11
        5.47     0.999998    111878208    582542.22
        5.47     0.999998    111878208    616809.41
        5.47     0.999998    111878208    655360.00
        5.47     0.999999    111878208    699050.67
        5.47     0.999999    111878208    748982.86
        5.50     0.999999    111878230    806596.92
        5.50     0.999999    111878230    873813.33
        5.54     0.999999    111878250    953250.91
        5.54     0.999999    111878250   1048576.00
        5.57     0.999999    111878260   1103764.21
        5.57     0.999999    111878260   1165084.44
        5.60     0.999999    111878286   1233618.82
        5.60     0.999999    111878286   1310720.00
        5.60     0.999999    111878286   1398101.33
        5.60     0.999999    111878286   1497965.71
        5.60     0.999999    111878286   1613193.85
        5.63     0.999999    111878296   1747626.67
        5.63     0.999999    111878296   1906501.82
        5.70     1.000000    111878302   2097152.00
        5.73     1.000000    111878310   2207528.42
        5.73     1.000000    111878310   2330168.89
        5.73     1.000000    111878310   2467237.65
        5.76     1.000000    111878312   2621440.00
        5.86     1.000000    111878330   2796202.67
        5.86     1.000000    111878330   2995931.43
        5.86     1.000000    111878330   3226387.69
        5.86     1.000000    111878330   3495253.33
        5.86     1.000000    111878330   3813003.64
        5.86     1.000000    111878330   4194304.00
        5.86     1.000000    111878330   4415056.84
        5.86     1.000000    111878330   4660337.78
        5.89     1.000000    111878338   4934475.29
        5.89     1.000000    111878338   5242880.00
        5.89     1.000000    111878338   5592405.33
        5.89     1.000000    111878338   5991862.86
        5.89     1.000000    111878338   6452775.39
        5.89     1.000000    111878338   6990506.67
        5.92     1.000000    111878340   7626007.28
        6.01     1.000000    111878342   8388608.00
        6.01     1.000000    111878342   8830113.68
        6.01     1.000000    111878342   9320675.55
        6.05     1.000000    111878344   9868950.59
        6.05     1.000000    111878344  10485760.00
        6.05     1.000000    111878344  11184810.67
        6.14     1.000000    111878352  11983725.71
        6.14     1.000000    111878352  12905550.76
        6.14     1.000000    111878352  13981013.34
        6.14     1.000000    111878352  15252014.55
        6.14     1.000000    111878352  16777216.00
        6.14     1.000000    111878352  17660227.38
        6.14     1.000000    111878352  18641351.10
        6.14     1.000000    111878352  19737901.19
        6.14     1.000000    111878352  20971519.98
        6.14     1.000000    111878352  22369621.33
        6.14     1.000000    111878352  23967451.45
        6.14     1.000000    111878352  25811101.52
        6.14     1.000000    111878352  27962026.68
        6.14     1.000000    111878352  30504029.05
        6.14     1.000000    111878352  33554432.00
        6.14     1.000000    111878352  35320454.76
        6.14     1.000000    111878352  37282702.28
        6.14     1.000000    111878352  39475802.28
        6.14     1.000000    111878352  41943039.96
        6.14     1.000000    111878352  44739242.67
        6.14     1.000000    111878352  47934902.91
        6.14     1.000000    111878352  51622203.20
        6.14     1.000000    111878352  55924053.19
        6.17     1.000000    111878354  61008058.10
        6.17     1.000000    111878354          inf
#[Mean    =        2.573, StdDeviation   =        0.689]
#[Max     =        6.175, Total count    =    111878354]
#[Buckets =           20, SubBuckets     =          256]
