       Value   Percentile   TotalCount 1/(1-Percentile)

        0.02     0.000000        12146         1.00
        0.33     0.050000      1422274         1.05
        0.56     0.100000      2862499         1.11
        0.66     0.150000      4433501         1.18
        0.68     0.200000      6214836         1.25
        0.69     0.250000      7541572         1.33
        0.69     0.300000      9151294         1.43
        0.70     0.350000     11098641         1.54
        0.71     0.400000     13438688         1.67
        0.71     0.450000     13438688         1.82
        0.72     0.500000     16270942         2.00
        0.72     0.525000     16270942         2.11
        0.72     0.550000     16270942         2.22
        0.72     0.575000     16270942         2.35
        0.73     0.600000     19606290         2.50
        0.73     0.625000     19606290         2.67
        0.73     0.650000     19606290         2.86
        0.73     0.675000     19606290         3.08
        0.73     0.700000     22772208         3.33
        0.73     0.725000     22772208         3.64
        0.73     0.750000     22772208         4.00
        0.73     0.762500     22772208         4.21
        0.73     0.775000     22772208         4.44
        0.73     0.787500     22772208         4.71
        0.73     0.800000     22772208         5.00
        0.74     0.812500     24880286         5.33
        0.74     0.825000     24880286         5.71
        0.74     0.837500     24880286         6.15
        0.74     0.850000     24880286         6.67
        0.74     0.862500     24880286         7.27
        0.74     0.875000     24880286         8.00
        0.74     0.881250     24880286         8.42
        0.75     0.887500     25933487         8.89
        0.75     0.893750     25933487         9.41
        0.75     0.900000     25933487        10.00
        0.75     0.906250     25933487        10.67
        0.75     0.912500     25933487        11.43
        0.75     0.918750     25933487        12.31
        0.76     0.925000     26408712        13.33
        0.76     0.931250     26408712        14.55
        0.77     0.937500     26630900        16.00
        0.77     0.940625     26630900        16.84
        0.77     0.943750     26630900        17.78
        0.78     0.946875     26748460        18.82
        0.78     0.950000     26826487        20.00
        0.79     0.953125     26886252        21.33
        0.81     0.956250     26971067        22.86
        0.83     0.959375     27077242        24.62
        0.85     0.962500     27151863        26.67
        0.88     0.965625     27241780        29.09
        0.92     0.968750     27325966        32.00
        0.94     0.970313     27366586        33.68
        0.96     0.971875     27425740        35.56
        0.97     0.973437     27460598        37.65
        1.00     0.975000     27503100        40.00
        1.05     0.976562     27541245        42.67
        1.19     0.978125     27584612        45.71
        1.30     0.979688     27628689        49.23
        1.34     0.981250     27679706        53.33
        1.37     0.982812     27728671        58.18
        1.38     0.984375     27767574        64.00
        1.39     0.985156     27789322        67.37
        1.40     0.985938     27812939        71.11
        1.41     0.986719     27838163        75.29
        1.42     0.987500     27865379        80.00
        1.42     0.988281     27894363        85.33
        1.42     0.989062     27894363        91.43
        1.43     0.989844     27925920        98.46
        1.44     0.990625     27959970       106.67
        1.44     0.991406     27959970       116.36
        1.45     0.992188     27996678       128.00
        1.45     0.992578     27996678       134.74
        1.46     0.992969     28035115       142.22
        1.46     0.993359     28035115       150.59
        1.46     0.993750     28035115       160.00
        1.46     0.994141     28073143       170.67
        1.46     0.994531     28073143       182.86
        1.46     0.994922     28073143       196.92
        1.46     0.995313     28073143       213.33
        1.47     0.995703     28107582       232.73
        1.47     0.996094     28107582       256.00
        1.47     0.996289     28107582       269.47
        1.47     0.996484     28107582       284.44
        1.48     0.996680     28135756       301.18
        1.48     0.996875     28135756       320.00
        1.48     0.997070     28135756       341.33
        1.48     0.997266     28135756       365.71
        1.48     0.997461     28135756       393.85
        1.48     0.997656     28135756       426.67
        1.49     0.997852     28156699       465.45
        1.49     0.998047     28156699       512.00
        1.49     0.998145     28156699       538.95
        1.49     0.998242     28156699       568.89
        1.49     0.998340     28156699       602.35
        1.50     0.998437     28171006       640.00
        1.50     0.998535     28171006       682.67
        1.50     0.998633     28171006       731.43
        1.50     0.998730     28171006       787.69
        1.50     0.998828     28171006       853.33
        1.50     0.998926     28179975       930.91
        1.50     0.999023     28179975      1024.00
        1.50     0.999072     28179975      1077.89
        1.50     0.999121     28179975      1137.78
        1.50     0.999170     28179975      1204.71
        1.50     0.999219     28179975      1280.00
        1.51     0.999268     28185519      1365.33
        1.51     0.999316     28185519      1462.86
        1.51     0.999365     28185519      1575.38
        1.51     0.999414     28185519      1706.67
        1.52     0.999463     28189070      1861.82
        1.52     0.999512     28189070      2048.00
        1.52     0.999536     28189070      2155.79
        1.52     0.999561     28189070      2275.56
        1.53     0.999585     28191463      2409.41
        1.53     0.999609     28191463      2560.00
        1.53     0.999634     28191463      2730.67
        1.53     0.999658     28193135      2925.71
        1.53     0.999683     28193135      3150.77
        1.53     0.999707     28193135      3413.33
        1.54     0.999731     28194402      3723.64
        1.55     0.999756     28195450      4096.00
        1.55     0.999768     28195450      4311.58
        1.55     0.999780     28195450      4551.11
        1.56     0.999792     28196345      4818.82
        1.56     0.999805     28196345      5120.00
        1.56     0.999817     28196345      5461.33
        1.57     0.999829     28197124      5851.43
        1.57     0.999841     28197124      6301.54
        1.57     0.999854     28197885      6826.67
        1.57     0.999866     28197885      7447.27
        1.58     0.999878     28198496      8192.00
        1.58     0.999884     28198496      8623.16
        1.58     0.999890     28198496      9102.22
        1.58     0.999896     28198496      9637.65
        1.59     0.999902     28199026     10240.00
        1.59     0.999908     28199026     10922.67
        1.59     0.999915     28199026     11702.86
        1.60     0.999921     28199439     12603.08
        1.60     0.999927     28199439     13653.33
        1.61     0.999933     28199729     14894.55
        1.61     0.999939     28199729     16384.00
        1.61     0.999942     28199940     17246.32
        1.61     0.999945     28199940     18204.44
        1.61     0.999948     28199940     19275.29
        1.62     0.999951     28200079     20480.00
        1.63     0.999954     28200197     21845.33
        1.63     0.999957     28200197     23405.71
        1.65     0.999960     28200331     25206.15
        1.66     0.999963     28200370     27306.67
        1.67     0.999966     28200457     29789.09
        1.70     0.999969     28200535     32768.00
        1.72     0.999971     28200595     34492.63
        1.73     0.999973     28200622     36408.89
        1.74     0.999974     28200663     38550.59
        1.77     0.999976     28200703     40960.00
        1.80     0.999977     28200754     43690.67
        1.83     0.999979     28200792     46811.43
        1.86     0.999980     28200835     50412.31
        1.90     0.999982     28200884     54613.33
        1.94     0.999983     28200921     59578.18
        1.99     0.999985     28200963     65536.00
        2.02     0.999986     28200990     68985.26
        2.03     0.999986     28201009     72817.78
        2.05     0.999987     28201029     77101.18
        2.06     0.999988     28201048     81920.00
        2.10     0.999989     28201089     87381.33
        2.11     0.999989     28201103     93622.86
        2.13     0.999990     28201128    100824.62
        2.14     0.999991     28201148    109226.67
        2.16     0.999992     28201172    119156.36
        2.17     0.999992     28201190    131072.00
        2.17     0.999993     28201190    137970.53
        2.19     0.999993     28201206    145635.56
        2.21     0.999994     28201224    154202.35
        2.21     0.999994     28201224    163840.00
        2.22     0.999994     28201244    174762.67
        2.22     0.999995     28201244    187245.71
        2.24     0.999995     28201256    201649.23
        2.25     0.999995     28201278    218453.33
        2.25     0.999996     28201278    238312.73
        2.27     0.999996     28201292    262144.00
        2.27     0.999996     28201292    275941.05
        2.29     0.999997     28201307    291271.11
        2.29     0.999997     28201307    308404.71
        2.29     0.999997     28201307    327680.00
        2.30     0.999997     28201321    349525.33
        2.30     0.999997     28201321    374491.43
        2.32     0.999998     28201333    403298.46
        2.32     0.999998     28201333    436906.67
        2.32     0.999998     28201333    476625.45
        2.33     0.999998     28201340    524288.00
        2.33     0.999998     28201340    551882.11
        2.35     0.999998     28201348    582542.22
        2.35     0.999998     28201348    616809.41
        2.35     0.999998     28201348    655360.00
        2.37     0.999999     28201352    699050.67
        2.38     0.999999     28201359    748982.86
        2.38     0.999999     28201359    806596.92
        2.38     0.999999     28201359    873813.33
        2.40     0.999999     28201365    953250.91
        2.40     0.999999     28201365   1048576.00
        2.42     0.999999     28201367   1103764.21
        2.42     0.999999     28201367   1165084.44
        2.45     0.999999     28201369   1233618.82
        2.46     0.999999     28201370   1310720.00
        2.48     0.999999     28201372   1398101.33
        2.51     0.999999     28201373   1497965.71
        2.54     0.999999     28201375   1613193.85
        2.54     0.999999     28201375   1747626.67
        2.59     0.999999     28201377   1906501.82
        2.61     1.000000     28201378   2097152.00
        2.62     1.000000     28201380   2207528.42
        2.62     1.000000     28201380   2330168.89
        2.62     1.000000     28201380   2467237.65
        2.67     1.000000     28201381   2621440.00
        2.67     1.000000     28201381   2796202.67
        2.70     1.000000     28201382   2995931.43
        2.72     1.000000     28201383   3226387.69
        2.72     1.000000     28201383   3495253.33
        2.73     1.000000     28201384   3813003.64
        2.80     1.000000     28201385   4194304.00
        2.80     1.000000     28201385   4415056.84
        2.80     1.000000     28201385   4660337.78
        2.83     1.000000     28201386   4934475.29
        2.83     1.000000     28201386   5242880.00
        2.83     1.000000     28201386   5592405.33
        2.99     1.000000     28201387   5991862.86
        2.99     1.000000     28201387   6452775.39
        2.99     1.000000     28201387   6990506.67
        3.47     1.000000     28201388   7626007.28
        3.47     1.000000     28201388   8388608.00
        3.47     1.000000     28201388   8830113.68
        3.47     1.000000     28201388   9320675.55
        3.55     1.000000     28201389   9868950.59
        3.55     1.000000     28201389  10485760.00
        3.55     1.000000     28201389  11184810.67
        3.55     1.000000     28201389  11983725.71
        3.55     1.000000     28201389  12905550.76
        3.55     1.000000     28201389  13981013.34
        3.58     1.000000     28201391  15252014.55
        3.58     1.000000     28201391          inf
#[Mean    =        0.691, StdDeviation   =        0.175]
#[Max     =        3.583, Total count    =     28201391]
#[Buckets =           20, SubBuckets     =          256]
