       Value   Percentile   TotalCount 1/(1-Percentile)

        0.02     0.000000         1352         1.00
        0.43     0.050000       709463         1.05
        0.69     0.100000      1409295         1.11
        0.77     0.150000      2229088         1.18
        0.78     0.200000      2901797         1.25
        0.80     0.250000      3951595         1.33
        0.81     0.300000      4610797         1.43
        0.81     0.350000      5343717         1.54
        0.82     0.400000      6131642         1.67
        0.83     0.450000      6959044         1.82
        0.84     0.500000      7790159         2.00
        0.84     0.525000      7790159         2.11
        0.84     0.550000      7790159         2.22
        0.85     0.575000      8596058         2.35
        0.85     0.600000      8596058         2.50
        0.85     0.625000      9346359         2.67
        0.85     0.650000      9346359         2.86
        0.86     0.675000     10031131         3.08
        0.86     0.700000     10031131         3.33
        0.87     0.725000     10636817         3.64
        0.87     0.750000     10636817         4.00
        0.88     0.762500     11165062         4.21
        0.88     0.775000     11165062         4.44
        0.88     0.787500     11165062         4.71
        0.89     0.800000     11617767         5.00
        0.89     0.812500     11617767         5.33
        0.90     0.825000     11993525         5.71
        0.90     0.837500     11993525         6.15
        0.90     0.850000     11993525         6.67
        0.90     0.862500     12306530         7.27
        0.91     0.875000     12563058         8.00
        0.91     0.881250     12563058         8.42
        0.91     0.887500     12563058         8.89
        0.92     0.893750     12767664         9.41
        0.92     0.900000     12767664        10.00
        0.93     0.906250     12931371        10.67
        0.93     0.912500     12931371        11.43
        0.94     0.918750     13059233        12.31
        0.94     0.925000     13059233        13.33
        0.94     0.931250     13157527        14.55
        0.95     0.937500     13233890        16.00
        0.96     0.940625     13291931        16.84
        0.97     0.943750     13334861        17.78
        0.97     0.946875     13366702        18.82
        0.98     0.950000     13391000        20.00
        1.01     0.953125     13440002        21.33
        1.04     0.956250     13478508        22.86
        1.09     0.959375     13519528        24.62
        1.14     0.962500     13568188        26.67
        1.18     0.965625     13609698        29.09
        1.23     0.968750     13657433        32.00
        1.25     0.970313     13677230        33.68
        1.29     0.971875     13698442        35.56
        1.33     0.973437     13718001        37.65
        1.42     0.975000     13739182        40.00
        1.53     0.976562     13764303        42.67
        1.57     0.978125     13788061        45.71
        1.59     0.979688     13810170        49.23
        1.61     0.981250     13828272        53.33
        1.63     0.982812     13860364        58.18
        1.64     0.984375     13871978        64.00
        1.65     0.985156     13884069        67.37
        1.66     0.985938     13896309        71.11
        1.66     0.986719     13908636        75.29
        1.67     0.987500     13920842        80.00
        1.68     0.988281     13932715        85.33
        1.69     0.989062     13944198        91.43
        1.70     0.989844     13955411        98.46
        1.70     0.990625     13966301       106.67
        1.71     0.991406     13976397       116.36
        1.72     0.992188     13985936       128.00
        1.73     0.992578     13994705       134.74
        1.73     0.992969     13994705       142.22
        1.74     0.993359     14002993       150.59
        1.74     0.993750     14010665       160.00
        1.74     0.994141     14010665       170.67
        1.75     0.994531     14017634       182.86
        1.76     0.994922     14024068       196.92
        1.77     0.995313     14030100       213.33
        1.77     0.995703     14035475       232.73
        1.78     0.996094     14040394       256.00
        1.78     0.996289     14040394       269.47
        1.79     0.996484     14044991       284.44
        1.79     0.996680     14044991       301.18
        1.80     0.996875     14048801       320.00
        1.81     0.997070     14052244       341.33
        1.81     0.997266     14055249       365.71
        1.82     0.997461     14057911       393.85
        1.83     0.997656     14060283       426.67
        1.84     0.997852     14062171       465.45
        1.85     0.998047     14065049       512.00
        1.86     0.998145     14066130       538.95
        1.87     0.998242     14066987       568.89
        1.89     0.998340     14068112       602.35
        1.92     0.998437     14069628       640.00
        1.95     0.998535     14070754       682.67
        1.98     0.998633     14072765       731.43
        1.98     0.998730     14073622       787.69
        2.00     0.998828     14075824       853.33
        2.01     0.998926     14077116       930.91
        2.02     0.999023     14078372      1024.00
        2.02     0.999072     14078372      1077.89
        2.02     0.999121     14079699      1137.78
        2.02     0.999170     14079699      1204.71
        2.03     0.999219     14080940      1280.00
        2.04     0.999268     14082121      1365.33
        2.04     0.999316     14082121      1462.86
        2.05     0.999365     14083095      1575.38
        2.06     0.999414     14084795      1706.67
        2.06     0.999463     14084795      1861.82
        2.06     0.999512     14084795      2048.00
        2.08     0.999536     14086466      2155.79
        2.08     0.999561     14086466      2275.56
        2.08     0.999585     14086466      2409.41
        2.08     0.999609     14086466      2560.00
        2.08     0.999634     14086466      2730.67
        2.10     0.999658     14087329      2925.71
        2.10     0.999683     14087329      3150.77
        2.10     0.999707     14087329      3413.33
        2.11     0.999731     14087899      3723.64
        2.13     0.999756     14088418      4096.00
        2.13     0.999768     14088418      4311.58
        2.13     0.999780     14088418      4551.11
        2.14     0.999792     14088522      4818.82
        2.16     0.999805     14088666      5120.00
        2.17     0.999817     14088817      5461.33
        2.25     0.999829     14088972      5851.43
        2.33     0.999841     14089152      6301.54
        2.38     0.999854     14089312      6826.67
        2.43     0.999866     14089505      7447.27
        2.48     0.999878     14089640      8192.00
        2.51     0.999884     14089729      8623.16
        2.56     0.999890     14089828      9102.22
        2.64     0.999896     14089906      9637.65
        2.72     0.999902     14089992     10240.00
        2.78     0.999908     14090077     10922.67
        2.81     0.999915     14090182     11702.86
        2.83     0.999921     14090244     12603.08
        2.86     0.999927     14090414     13653.33
        2.86     0.999933     14090414     14894.55
        2.88     0.999939     14090503     16384.00
        2.90     0.999942     14090578     17246.32
        2.91     0.999945     14090650     18204.44
        2.91     0.999948     14090650     19275.29
        2.93     0.999951     14090721     20480.00
        2.93     0.999954     14090721     21845.33
        2.94     0.999957     14090783     23405.71
        2.96     0.999960     14090826     25206.15
        2.98     0.999963     14090872     27306.67
        2.99     0.999966     14090901     29789.09
        3.02     0.999969     14090936     32768.00
        3.06     0.999971     14090954     34492.63
        3.09     0.999973     14090994     36408.89
        3.09     0.999974     14090994     38550.59
        3.10     0.999976     14091019     40960.00
        4.38     0.999977     14091063     43690.67
        4.38     0.999979     14091063     46811.43
        4.74     0.999980     14091079     50412.31
        4.80     0.999982     14091108     54613.33
        4.86     0.999983     14091126     59578.18
        4.89     0.999985     14091162     65536.00
        4.89     0.999986     14091162     68985.26
        5.09     0.999986     14091196     72817.78
        5.09     0.999987     14091196     77101.18
        5.09     0.999988     14091196     81920.00
        5.12     0.999989     14091197     87381.33
        5.18     0.999989     14091208     93622.86
        8.16     0.999990     14091224    100824.62
        8.19     0.999991     14091257    109226.67
        8.19     0.999992     14091257    119156.36
        8.19     0.999992     14091257    131072.00
        8.19     0.999993     14091257    137970.53
       18.94     0.999993     14091303    145635.56
       18.94     0.999994     14091303    154202.35
       18.94     0.999994     14091303    163840.00
       18.94     0.999994     14091303    174762.67
       18.94     0.999995     14091303    187245.71
       18.94     0.999995     14091303    201649.23
       18.94     0.999995     14091303    218453.33
       18.94     0.999996     14091303    238312.73
       41.22     0.999996     14091354    262144.00
       41.22     0.999996     14091354    275941.05
       41.22     0.999997     14091354    291271.11
       41.22     0.999997     14091354    308404.71
       41.22     0.999997     14091354    327680.00
       41.22     0.999997     14091354    349525.33
       41.22     0.999997     14091354    374491.43
       41.22     0.999998     14091354    403298.46
       41.22     0.999998     14091354    436906.67
       41.22     0.999998     14091354    476625.45
       41.22     0.999998     14091354    524288.00
       41.22     0.999998     14091354    551882.11
       41.22     0.999998     14091354    582542.22
       41.22     0.999998     14091354    616809.41
       41.22     0.999998     14091354    655360.00
       41.22     0.999999     14091354    699050.67
       41.22     0.999999     14091354    748982.86
       41.22     0.999999     14091354    806596.92
       41.22     0.999999     14091354    873813.33
       41.22     0.999999     14091354    953250.91
       41.22     0.999999     14091354   1048576.00
       41.22     0.999999     14091354   1103764.21
       41.22     0.999999     14091354   1165084.44
       41.22     0.999999     14091354   1233618.82
       41.22     0.999999     14091354   1310720.00
       41.22     0.999999     14091354   1398101.33
       41.22     0.999999     14091354   1497965.71
       41.22     0.999999     14091354   1613193.85
       41.22     0.999999     14091354   1747626.67
       41.22     0.999999     14091354   1906501.82
       41.22     1.000000     14091354   2097152.00
       41.22     1.000000     14091354   2207528.42
       41.22     1.000000     14091354   2330168.89
       41.22     1.000000     14091354   2467237.65
       41.22     1.000000     14091354   2621440.00
       41.22     1.000000     14091354   2796202.67
       41.22     1.000000     14091354   2995931.43
       41.22     1.000000     14091354   3226387.69
       41.22     1.000000     14091354   3495253.33
       41.47     1.000000     14091355   3813003.64
       41.47     1.000000     14091355   4194304.00
       41.47     1.000000     14091355   4415056.84
       41.47     1.000000     14091355   4660337.78
       41.98     1.000000     14091357   4934475.29
       41.98     1.000000     14091357   5242880.00
       41.98     1.000000     14091357   5592405.33
       41.98     1.000000     14091357   5991862.86
       41.98     1.000000     14091357   6452775.39
       41.98     1.000000     14091357   6990506.67
       41.98     1.000000     14091357   7626007.28
       41.98     1.000000     14091357   8388608.00
       41.98     1.000000     14091357   8830113.68
       41.98     1.000000     14091357   9320675.55
       41.98     1.000000     14091357   9868950.59
       41.98     1.000000     14091357  10485760.00
       41.98     1.000000     14091357  11184810.67
       41.98     1.000000     14091357  11983725.71
       41.98     1.000000     14091357  12905550.76
       41.98     1.000000     14091357  13981013.34
       60.16     1.000000     14091358  15252014.55
       60.16     1.000000     14091358          inf
#[Mean    =        0.823, StdDeviation   =        0.233]
#[Max     =       60.159, Total count    =     14091358]
#[Buckets =           20, SubBuckets     =          256]
