latency|latest
calls
2
histogram_usec
4
2
latency|histogram
calls
1
histogram_usec
132
1
get
calls
16908872
histogram_usec
1
13422555
2
16833598
4
16903574
8
16907882
16
16908451
33
16908846
66
16908865
132
16908866
264
16908867
528
16908871
1056
16908872
bgsave
calls
2
histogram_usec
135266
1
270532
2
set
calls
16908923
histogram_usec
1
13679820
2
16741882
4
16897938
8
16907186
16
16908511
33
16908905
66
16908916
132
16908918
264
16908920
528
16908923
info
calls
23
histogram_usec
33
21
264
23
dbsize
calls
1
histogram_usec
1
1
ping
calls
1
histogram_usec
66
1
