       Value   Percentile   TotalCount 1/(1-Percentile)

        0.02     0.000000         7068         1.00
        0.43     0.050000       708556         1.05
        0.69     0.100000      1415229         1.11
        0.77     0.150000      2315609         1.18
        0.78     0.200000      3066145         1.25
        0.79     0.250000      3585686         1.33
        0.81     0.300000      4906756         1.43
        0.81     0.350000      5679441         1.54
        0.81     0.400000      5679441         1.67
        0.82     0.450000      6500212         1.82
        0.83     0.500000      7334402         2.00
        0.84     0.525000      8156515         2.11
        0.84     0.550000      8156515         2.22
        0.84     0.575000      8156515         2.35
        0.85     0.600000      8937427         2.50
        0.85     0.625000      8937427         2.67
        0.85     0.650000      9651381         2.86
        0.85     0.675000      9651381         3.08
        0.86     0.700000     10302840         3.33
        0.86     0.725000     10302840         3.64
        0.87     0.750000     10877907         4.00
        0.87     0.762500     10877907         4.21
        0.88     0.775000     11380087         4.44
        0.88     0.787500     11380087         4.71
        0.88     0.800000     11380087         5.00
        0.89     0.812500     11801855         5.33
        0.89     0.825000     11801855         5.71
        0.89     0.837500     11801855         6.15
        0.90     0.850000     12156341         6.67
        0.90     0.862500     12156341         7.27
        0.90     0.875000     12452013         8.00
        0.90     0.881250     12452013         8.42
        0.91     0.887500     12694282         8.89
        0.91     0.893750     12694282         9.41
        0.91     0.900000     12694282        10.00
        0.92     0.906250     12885584        10.67
        0.92     0.912500     12885584        11.43
        0.93     0.918750     13036984        12.31
        0.93     0.925000     13036984        13.33
        0.94     0.931250     13156866        14.55
        0.94     0.937500     13244732        16.00
        0.95     0.940625     13310875        16.84
        0.95     0.943750     13310875        17.78
        0.96     0.946875     13358339        18.82
        0.97     0.950000     13395968        20.00
        0.98     0.953125     13447520        21.33
        1.00     0.956250     13480194        22.86
        1.03     0.959375     13521043        24.62
        1.09     0.962500     13567083        26.67
        1.14     0.965625     13612336        29.09
        1.18     0.968750     13649747        32.00
        1.22     0.970313     13677559        33.68
        1.24     0.971875     13695672        35.56
        1.28     0.973437     13719691        37.65
        1.33     0.975000     13739344        40.00
        1.44     0.976562     13759994        42.67
        1.53     0.978125     13784775        45.71
        1.57     0.979688     13805695        49.23
        1.59     0.981250     13827793        53.33
        1.61     0.982812     13856189        58.18
        1.63     0.984375     13877863        64.00
        1.64     0.985156     13889345        67.37
        1.65     0.985938     13901011        71.11
        1.66     0.986719     13912588        75.29
        1.66     0.987500     13924095        80.00
        1.67     0.988281     13935153        85.33
        1.68     0.989062     13946249        91.43
        1.69     0.989844     13956845        98.46
        1.70     0.990625     13967004       106.67
        1.70     0.991406     13976697       116.36
        1.71     0.992188     13985669       128.00
        1.71     0.992578     13985669       134.74
        1.72     0.992969     13993975       142.22
        1.73     0.993359     14001823       150.59
        1.74     0.993750     14009210       160.00
        1.74     0.994141     14009210       170.67
        1.74     0.994531     14015955       182.86
        1.75     0.994922     14022127       196.92
        1.76     0.995313     14028058       213.33
        1.77     0.995703     14033394       232.73
        1.77     0.996094     14038335       256.00
        1.77     0.996289     14038335       269.47
        1.78     0.996484     14042779       284.44
        1.79     0.996680     14046753       301.18
        1.79     0.996875     14046753       320.00
        1.80     0.997070     14050323       341.33
        1.81     0.997266     14053443       365.71
        1.81     0.997461     14056163       393.85
        1.82     0.997656     14058504       426.67
        1.83     0.997852     14060434       465.45
        1.85     0.998047     14063462       512.00
        1.85     0.998145     14064572       538.95
        1.86     0.998242     14065483       568.89
        1.88     0.998340     14066746       602.35
        1.91     0.998437     14068279       640.00
        1.94     0.998535     14069524       682.67
        1.97     0.998633     14071072       731.43
        1.98     0.998730     14072433       787.69
        2.00     0.998828     14074760       853.33
        2.01     0.998926     14075931       930.91
        2.02     0.999023     14077036      1024.00
        2.02     0.999072     14077036      1077.89
        2.02     0.999121     14078369      1137.78
        2.02     0.999170     14078369      1204.71
        2.03     0.999219     14079794      1280.00
        2.03     0.999268     14079794      1365.33
        2.04     0.999316     14081002      1462.86
        2.05     0.999365     14082195      1575.38
        2.05     0.999414     14082195      1706.67
        2.06     0.999463     14084032      1861.82
        2.06     0.999512     14084032      2048.00
        2.06     0.999536     14084032      2155.79
        2.06     0.999561     14084032      2275.56
        2.08     0.999585     14085382      2409.41
        2.08     0.999609     14085382      2560.00
        2.08     0.999634     14085382      2730.67
        2.08     0.999658     14085382      2925.71
        2.10     0.999683     14086198      3150.77
        2.10     0.999707     14086198      3413.33
        2.11     0.999731     14086797      3723.64
        2.11     0.999756     14086797      4096.00
        2.11     0.999768     14086797      4311.58
        2.13     0.999780     14087132      4551.11
        2.13     0.999792     14087132      4818.82
        2.14     0.999805     14087284      5120.00
        2.16     0.999817     14087429      5461.33
        2.21     0.999829     14087589      5851.43
        2.27     0.999841     14087751      6301.54
        2.35     0.999854     14087968      6826.67
        2.40     0.999866     14088128      7447.27
        2.45     0.999878     14088308      8192.00
        2.46     0.999884     14088356      8623.16
        2.51     0.999890     14088455      9102.22
        2.58     0.999896     14088531      9637.65
        2.67     0.999902     14088610     10240.00
        2.73     0.999908     14088712     10922.67
        2.78     0.999915     14088791     11702.86
        2.81     0.999921     14088873     12603.08
        2.85     0.999927     14088999     13653.33
        2.86     0.999933     14089076     14894.55
        2.88     0.999939     14089156     16384.00
        2.90     0.999942     14089221     17246.32
        2.90     0.999945     14089221     18204.44
        2.91     0.999948     14089291     19275.29
        2.93     0.999951     14089368     20480.00
        2.93     0.999954     14089368     21845.33
        2.94     0.999957     14089445     23405.71
        2.94     0.999960     14089445     25206.15
        2.96     0.999963     14089484     27306.67
        2.98     0.999966     14089522     29789.09
        3.01     0.999969     14089589     32768.00
        3.01     0.999971     14089589     34492.63
        3.02     0.999973     14089612     36408.89
        3.04     0.999974     14089622     38550.59
        3.15     0.999976     14089641     40960.00
        3.52     0.999977     14089688     43690.67
        3.52     0.999979     14089688     46811.43
        4.83     0.999980     14089779     50412.31
        4.83     0.999982     14089779     54613.33
        4.83     0.999983     14089779     59578.18
        4.83     0.999985     14089779     65536.00
        4.86     0.999986     14089791     68985.26
        4.86     0.999986     14089791     72817.78
        6.24     0.999987     14089813     77101.18
        6.24     0.999988     14089813     81920.00
        6.27     0.999989     14089840     87381.33
        6.27     0.999989     14089840     93622.86
        6.85     0.999990     14089894    100824.62
        6.85     0.999991     14089894    109226.67
        6.85     0.999992     14089894    119156.36
        6.85     0.999992     14089894    131072.00
        6.85     0.999993     14089894    137970.53
        6.85     0.999993     14089894    145635.56
        6.85     0.999994     14089894    154202.35
        7.71     0.999994     14089900    163840.00
        9.66     0.999994     14089925    174762.67
        9.66     0.999995     14089925    187245.71
        9.66     0.999995     14089925    201649.23
        9.66     0.999995     14089925    218453.33
        9.66     0.999996     14089925    238312.73
        9.73     0.999996     14089933    262144.00
        9.73     0.999996     14089933    275941.05
       51.71     0.999997     14089969    291271.11
       51.71     0.999997     14089969    308404.71
       51.71     0.999997     14089969    327680.00
       51.71     0.999997     14089969    349525.33
       51.71     0.999997     14089969    374491.43
       51.71     0.999998     14089969    403298.46
       51.71     0.999998     14089969    436906.67
       51.71     0.999998     14089969    476625.45
       51.71     0.999998     14089969    524288.00
       51.71     0.999998     14089969    551882.11
       51.71     0.999998     14089969    582542.22
       51.71     0.999998     14089969    616809.41
       51.71     0.999998     14089969    655360.00
       51.71     0.999999     14089969    699050.67
       51.71     0.999999     14089969    748982.86
       51.71     0.999999     14089969    806596.92
       51.71     0.999999     14089969    873813.33
       60.67     0.999999     14089972    953250.91
       60.67     0.999999     14089972   1048576.00
       60.67     0.999999     14089972   1103764.21
       60.67     0.999999     14089972   1165084.44
       60.93     0.999999     14089982   1233618.82
       60.93     0.999999     14089982   1310720.00
       60.93     0.999999     14089982   1398101.33
       60.93     0.999999     14089982   1497965.71
       60.93     0.999999     14089982   1613193.85
       60.93     0.999999     14089982   1747626.67
       60.93     0.999999     14089982   1906501.82
       60.93     1.000000     14089982   2097152.00
       60.93     1.000000     14089982   2207528.42
       60.93     1.000000     14089982   2330168.89
       60.93     1.000000     14089982   2467237.65
       60.93     1.000000     14089982   2621440.00
       60.93     1.000000     14089982   2796202.67
       60.93     1.000000     14089982   2995931.43
       60.93     1.000000     14089982   3226387.69
       60.93     1.000000     14089982   3495253.33
       60.93     1.000000     14089982   3813003.64
       60.93     1.000000     14089982   4194304.00
       60.93     1.000000     14089982   4415056.84
       60.93     1.000000     14089982   4660337.78
       60.93     1.000000     14089982   4934475.29
       60.93     1.000000     14089982   5242880.00
       60.93     1.000000     14089982   5592405.33
       60.93     1.000000     14089982   5991862.86
       60.93     1.000000     14089982   6452775.39
       60.93     1.000000     14089982   6990506.67
       61.18     1.000000     14089984   7626007.28
       61.18     1.000000     14089984          inf
#[Mean    =        0.818, StdDeviation   =        0.236]
#[Max     =       61.183, Total count    =     14089984]
#[Buckets =           20, SubBuckets     =          256]
