       Value   Percentile   TotalCount 1/(1-Percentile)

        0.02     0.000000         1362         1.00
        0.46     0.050000       705034         1.05
        0.71     0.100000      1420727         1.11
        0.78     0.150000      2165639         1.18
        0.79     0.200000      2839396         1.25
        0.81     0.250000      3895428         1.33
        0.81     0.300000      4573926         1.43
        0.82     0.350000      5335143         1.54
        0.83     0.400000      6153476         1.67
        0.84     0.450000      6992724         1.82
        0.85     0.500000      7830142         2.00
        0.85     0.525000      7830142         2.11
        0.85     0.550000      7830142         2.22
        0.85     0.575000      8637290         2.35
        0.85     0.600000      8637290         2.50
        0.86     0.625000      9390151         2.67
        0.86     0.650000      9390151         2.86
        0.87     0.675000     10071622         3.08
        0.87     0.700000     10071622         3.33
        0.88     0.725000     10677402         3.64
        0.88     0.750000     10677402         4.00
        0.89     0.762500     11199989         4.21
        0.89     0.775000     11199989         4.44
        0.89     0.787500     11199989         4.71
        0.90     0.800000     11644761         5.00
        0.90     0.812500     11644761         5.33
        0.90     0.825000     11644761         5.71
        0.90     0.837500     12014626         6.15
        0.90     0.850000     12014626         6.67
        0.91     0.862500     12319453         7.27
        0.92     0.875000     12570689         8.00
        0.92     0.881250     12570689         8.42
        0.92     0.887500     12570689         8.89
        0.93     0.893750     12773141         9.41
        0.93     0.900000     12773141        10.00
        0.93     0.906250     12773141        10.67
        0.94     0.912500     12934768        11.43
        0.94     0.918750     13059539        12.31
        0.94     0.925000     13059539        13.33
        0.95     0.931250     13154869        14.55
        0.96     0.937500     13228616        16.00
        0.97     0.940625     13283676        16.84
        0.97     0.943750     13326703        17.78
        0.98     0.946875     13358705        18.82
        1.00     0.950000     13402108        20.00
        1.01     0.953125     13430849        21.33
        1.05     0.956250     13478207        22.86
        1.10     0.959375     13517669        24.62
        1.15     0.962500     13560788        26.67
        1.19     0.965625     13603670        29.09
        1.24     0.968750     13654777        32.00
        1.26     0.970313     13675945        33.68
        1.29     0.971875     13693962        35.56
        1.33     0.973437     13716500        37.65
        1.39     0.975000     13736980        40.00
        1.51     0.976562     13758086        42.67
        1.57     0.978125     13781125        45.71
        1.60     0.979688     13805816        49.23
        1.62     0.981250     13831468        53.33
        1.64     0.982812     13852042        58.18
        1.66     0.984375     13874541        64.00
        1.66     0.985156     13886283        67.37
        1.67     0.985938     13898200        71.11
        1.68     0.986719     13910143        75.29
        1.69     0.987500     13922037        80.00
        1.70     0.988281     13933565        85.33
        1.70     0.989062     13945072        91.43
        1.70     0.989844     13945072        98.46
        1.71     0.990625     13955852       106.67
        1.73     0.991406     13976039       116.36
        1.74     0.992188     13985187       128.00
        1.74     0.992578     13985187       134.74
        1.74     0.992969     13993640       142.22
        1.75     0.993359     14001756       150.59
        1.75     0.993750     14001756       160.00
        1.76     0.994141     14008925       170.67
        1.77     0.994531     14015621       182.86
        1.77     0.994922     14021771       196.92
        1.78     0.995313     14027530       213.33
        1.78     0.995703     14027530       232.73
        1.79     0.996094     14032853       256.00
        1.80     0.996289     14037556       269.47
        1.81     0.996484     14041725       284.44
        1.81     0.996680     14041725       301.18
        1.81     0.996875     14045516       320.00
        1.82     0.997070     14048946       341.33
        1.83     0.997266     14052046       365.71
        1.83     0.997461     14052046       393.85
        1.85     0.997656     14056790       426.67
        1.85     0.997852     14058633       465.45
        1.87     0.998047     14061340       512.00
        1.88     0.998145     14062371       538.95
        1.89     0.998242     14063178       568.89
        1.91     0.998340     14064797       602.35
        1.94     0.998437     14065837       640.00
        1.97     0.998535     14067531       682.67
        1.98     0.998633     14069016       731.43
        2.00     0.998730     14070891       787.69
        2.01     0.998828     14071948       853.33
        2.02     0.998926     14073136       930.91
        2.02     0.999023     14074451      1024.00
        2.03     0.999072     14075829      1077.89
        2.03     0.999121     14075829      1137.78
        2.04     0.999170     14077103      1204.71
        2.04     0.999219     14077103      1280.00
        2.05     0.999268     14078444      1365.33
        2.05     0.999316     14078444      1462.86
        2.06     0.999365     14080274      1575.38
        2.06     0.999414     14080274      1706.67
        2.06     0.999463     14080274      1861.82
        2.08     0.999512     14082025      2048.00
        2.08     0.999536     14082025      2155.79
        2.08     0.999561     14082025      2275.56
        2.08     0.999585     14082025      2409.41
        2.10     0.999609     14082963      2560.00
        2.10     0.999634     14082963      2730.67
        2.11     0.999658     14083601      2925.71
        2.11     0.999683     14083601      3150.77
        2.13     0.999707     14084109      3413.33
        2.13     0.999731     14084109      3723.64
        2.14     0.999756     14084435      4096.00
        2.16     0.999768     14084751      4311.58
        2.16     0.999780     14084751      4551.11
        2.17     0.999792     14084911      4818.82
        2.22     0.999805     14085069      5120.00
        2.30     0.999817     14085245      5461.33
        2.35     0.999829     14085431      5851.43
        2.40     0.999841     14085633      6301.54
        2.43     0.999854     14085789      6826.67
        2.48     0.999866     14085966      7447.27
        2.54     0.999878     14086112      8192.00
        2.59     0.999884     14086191      8623.16
        2.70     0.999890     14086263      9102.22
        2.78     0.999896     14086377      9637.65
        2.81     0.999902     14086480     10240.00
        2.83     0.999908     14086542     10922.67
        2.86     0.999915     14086676     11702.86
        2.88     0.999921     14086742     12603.08
        2.90     0.999927     14086834     13653.33
        2.91     0.999933     14086925     14894.55
        2.93     0.999939     14087017     16384.00
        2.93     0.999942     14087017     17246.32
        2.94     0.999945     14087099     18204.44
        2.94     0.999948     14087099     19275.29
        2.96     0.999951     14087159     20480.00
        2.98     0.999954     14087199     21845.33
        2.99     0.999957     14087236     23405.71
        3.01     0.999960     14087264     25206.15
        3.04     0.999963     14087303     27306.67
        3.12     0.999966     14087338     29789.09
        3.42     0.999969     14087388     32768.00
        3.47     0.999971     14087405     34492.63
        3.49     0.999973     14087434     36408.89
        3.54     0.999974     14087445     38550.59
        3.68     0.999976     14087467     40960.00
        3.76     0.999977     14087494     43690.67
        3.77     0.999979     14087512     46811.43
        3.97     0.999980     14087533     50412.31
        4.06     0.999982     14087554     54613.33
        4.19     0.999983     14087574     59578.18
        4.54     0.999985     14087596     65536.00
        4.70     0.999986     14087608     68985.26
        4.89     0.999986     14087656     72817.78
        4.89     0.999987     14087656     77101.18
        4.89     0.999988     14087656     81920.00
        4.89     0.999989     14087656     87381.33
        4.93     0.999989     14087699     93622.86
        4.93     0.999990     14087699    100824.62
        4.93     0.999991     14087699    109226.67
        4.93     0.999992     14087699    119156.36
        4.96     0.999992     14087714    131072.00
        4.96     0.999993     14087714    137970.53
        4.96     0.999993     14087714    145635.56
        5.76     0.999994     14087719    154202.35
       30.21     0.999994     14087765    163840.00
       30.21     0.999994     14087765    174762.67
       30.21     0.999995     14087765    187245.71
       30.21     0.999995     14087765    201649.23
       30.21     0.999995     14087765    218453.33
       30.21     0.999996     14087765    238312.73
       30.21     0.999996     14087765    262144.00
       30.21     0.999996     14087765    275941.05
       30.21     0.999997     14087765    291271.11
       30.21     0.999997     14087765    308404.71
       31.74     0.999997     14087799    327680.00
       31.74     0.999997     14087799    349525.33
       31.74     0.999997     14087799    374491.43
       31.74     0.999998     14087799    403298.46
       31.74     0.999998     14087799    436906.67
       31.74     0.999998     14087799    476625.45
       31.74     0.999998     14087799    524288.00
       31.74     0.999998     14087799    551882.11
       31.74     0.999998     14087799    582542.22
       31.74     0.999998     14087799    616809.41
       31.74     0.999998     14087799    655360.00
       31.74     0.999999     14087799    699050.67
       31.74     0.999999     14087799    748982.86
       31.74     0.999999     14087799    806596.92
       31.74     0.999999     14087799    873813.33
       31.74     0.999999     14087799    953250.91
       31.74     0.999999     14087799   1048576.00
       31.74     0.999999     14087799   1103764.21
       31.74     0.999999     14087799   1165084.44
       31.74     0.999999     14087799   1233618.82
       57.34     0.999999     14087800   1310720.00
       57.34     0.999999     14087800   1398101.33
       57.60     0.999999     14087808   1497965.71
       57.60     0.999999     14087808   1613193.85
       57.60     0.999999     14087808   1747626.67
       57.60     0.999999     14087808   1906501.82
       57.60     1.000000     14087808   2097152.00
       57.60     1.000000     14087808   2207528.42
       57.60     1.000000     14087808   2330168.89
       57.60     1.000000     14087808   2467237.65
       57.60     1.000000     14087808   2621440.00
       57.60     1.000000     14087808   2796202.67
       57.60     1.000000     14087808   2995931.43
       57.60     1.000000     14087808   3226387.69
       57.60     1.000000     14087808   3495253.33
       57.60     1.000000     14087808   3813003.64
       57.60     1.000000     14087808   4194304.00
       57.60     1.000000     14087808   4415056.84
       57.60     1.000000     14087808   4660337.78
       57.60     1.000000     14087808   4934475.29
       57.60     1.000000     14087808   5242880.00
       57.60     1.000000     14087808   5592405.33
       57.60     1.000000     14087808   5991862.86
       57.60     1.000000     14087808   6452775.39
       57.60     1.000000     14087808   6990506.67
       61.95     1.000000     14087810   7626007.28
       61.95     1.000000     14087810          inf
#[Mean    =        0.832, StdDeviation   =        0.231]
#[Max     =       61.951, Total count    =     14087810]
#[Buckets =           20, SubBuckets     =          256]
