latency|latest
calls
2
histogram_usec
4
1
8
2
latency|histogram
calls
1
histogram_usec
132
1
ping
calls
1
histogram_usec
16
1
get
calls
16909268
histogram_usec
1
13277594
2
16832504
4
16903973
8
16908340
16
16908877
33
16909243
66
16909260
132
16909261
264
16909263
528
16909268
dbsize
calls
1
histogram_usec
1
1
bgsave
calls
2
histogram_usec
135266
1
270532
2
info
calls
23
histogram_usec
33
21
264
23
set
calls
16909315
histogram_usec
1
13718597
2
16745916
4
16898350
8
16907424
16
16908927
33
16909297
66
16909308
264
16909312
528
16909315
