       Value   Percentile   TotalCount 1/(1-Percentile)

        0.02     0.000000         6133         1.00
        0.46     0.050000       706057         1.05
        0.72     0.100000      1431382         1.11
        0.79     0.150000      2220906         1.18
        0.81     0.200000      2884267         1.25
        0.82     0.250000      3914621         1.33
        0.83     0.300000      4567862         1.43
        0.84     0.350000      5290772         1.54
        0.85     0.400000      6064913         1.67
        0.85     0.450000      6866549         1.82
        0.86     0.500000      7671175         2.00
        0.86     0.525000      7671175         2.11
        0.87     0.550000      8453663         2.22
        0.87     0.575000      8453663         2.35
        0.87     0.600000      8453663         2.50
        0.88     0.625000      9188790         2.67
        0.88     0.650000      9188790         2.86
        0.89     0.675000      9862127         3.08
        0.89     0.700000      9862127         3.33
        0.90     0.725000     10472934         3.64
        0.90     0.750000     11011801         4.00
        0.90     0.762500     11011801         4.21
        0.90     0.775000     11011801         4.44
        0.91     0.787500     11476691         4.71
        0.91     0.800000     11476691         5.00
        0.91     0.812500     11476691         5.33
        0.92     0.825000     11874604         5.71
        0.92     0.837500     11874604         6.15
        0.93     0.850000     12212112         6.67
        0.93     0.862500     12212112         7.27
        0.94     0.875000     12486879         8.00
        0.94     0.881250     12486879         8.42
        0.94     0.887500     12715983         8.89
        0.94     0.893750     12715983         9.41
        0.94     0.900000     12715983        10.00
        0.95     0.906250     12900202        10.67
        0.95     0.912500     12900202        11.43
        0.96     0.918750     13047723        12.31
        0.96     0.925000     13047723        13.33
        0.97     0.931250     13161013        14.55
        0.97     0.937500     13247429        16.00
        0.97     0.940625     13247429        16.84
        0.98     0.943750     13311887        17.78
        0.99     0.946875     13361697        18.82
        1.00     0.950000     13400613        20.00
        1.01     0.953125     13429734        21.33
        1.02     0.956250     13471136        22.86
        1.05     0.959375     13506584        24.62
        1.10     0.962500     13553581        26.67
        1.17     0.965625     13599218        29.09
        1.22     0.968750     13639835        32.00
        1.24     0.970313     13660177        33.68
        1.27     0.971875     13684636        35.56
        1.30     0.973437     13704562        37.65
        1.35     0.975000     13726715        40.00
        1.45     0.976562     13747951        42.67
        1.57     0.978125     13769904        45.71
        1.61     0.979688     13794486        49.23
        1.64     0.981250     13814085        53.33
        1.66     0.982812     13839109        58.18
        1.68     0.984375     13858563        64.00
        1.69     0.985156     13868969        67.37
        1.70     0.985938     13879498        71.11
        1.70     0.986719     13890402        75.29
        1.71     0.987500     13901289        80.00
        1.72     0.988281     13912303        85.33
        1.74     0.989062     13933525        91.43
        1.74     0.989844     13943733        98.46
        1.75     0.990625     13953436       106.67
        1.76     0.991406     13962697       116.36
        1.77     0.992188     13971406       128.00
        1.77     0.992578     13979613       134.74
        1.77     0.992969     13979613       142.22
        1.78     0.993359     13987346       150.59
        1.79     0.993750     13994497       160.00
        1.80     0.994141     14001207       170.67
        1.80     0.994531     14001207       182.86
        1.81     0.994922     14007559       196.92
        1.81     0.995313     14013156       213.33
        1.82     0.995703     14018426       232.73
        1.83     0.996094     14023386       256.00
        1.84     0.996289     14027737       269.47
        1.84     0.996484     14027737       284.44
        1.85     0.996680     14031766       301.18
        1.85     0.996875     14035290       320.00
        1.86     0.997070     14038469       341.33
        1.87     0.997266     14041340       365.71
        1.88     0.997461     14043811       393.85
        1.89     0.997656     14045973       426.67
        1.90     0.997852     14047754       465.45
        1.91     0.998047     14050601       512.00
        1.92     0.998145     14051730       538.95
        1.93     0.998242     14052566       568.89
        1.94     0.998340     14053794       602.35
        1.98     0.998437     14055457       640.00
        1.99     0.998535     14056719       682.67
        2.01     0.998633     14058379       731.43
        2.02     0.998730     14059367       787.69
        2.03     0.998828     14061399       853.33
        2.04     0.998926     14062462       930.91
        2.05     0.999023     14063765      1024.00
        2.06     0.999072     14066108      1077.89
        2.06     0.999121     14066108      1137.78
        2.06     0.999170     14066108      1204.71
        2.06     0.999219     14066108      1280.00
        2.08     0.999268     14068604      1365.33
        2.08     0.999316     14068604      1462.86
        2.08     0.999365     14068604      1575.38
        2.10     0.999414     14070794      1706.67
        2.10     0.999463     14070794      1861.82
        2.10     0.999512     14070794      2048.00
        2.10     0.999536     14070794      2155.79
        2.11     0.999561     14072579      2275.56
        2.11     0.999585     14072579      2409.41
        2.11     0.999609     14072579      2560.00
        2.11     0.999634     14072579      2730.67
        2.11     0.999658     14072579      2925.71
        2.13     0.999683     14073596      3150.77
        2.13     0.999707     14073596      3413.33
        2.13     0.999731     14073596      3723.64
        2.14     0.999756     14074159      4096.00
        2.14     0.999768     14074159      4311.58
        2.14     0.999780     14074159      4551.11
        2.16     0.999792     14074561      4818.82
        2.16     0.999805     14074561      5120.00
        2.16     0.999817     14074561      5461.33
        2.19     0.999829     14074742      5851.43
        2.22     0.999841     14074887      6301.54
        2.29     0.999854     14075066      6826.67
        2.35     0.999866     14075198      7447.27
        2.43     0.999878     14075442      8192.00
        2.45     0.999884     14075515      8623.16
        2.46     0.999890     14075578      9102.22
        2.48     0.999896     14075635      9637.65
        2.51     0.999902     14075742     10240.00
        2.54     0.999908     14075822     10922.67
        2.61     0.999915     14075892     11702.86
        2.67     0.999921     14075993     12603.08
        2.81     0.999927     14076072     13653.33
        2.85     0.999933     14076148     14894.55
        2.88     0.999939     14076241     16384.00
        2.90     0.999942     14076308     17246.32
        2.91     0.999945     14076373     18204.44
        2.91     0.999948     14076373     19275.29
        2.93     0.999951     14076443     20480.00
        2.94     0.999954     14076534     21845.33
        2.94     0.999957     14076534     23405.71
        2.94     0.999960     14076534     25206.15
        2.96     0.999963     14076605     27306.67
        2.98     0.999966     14076685     29789.09
        2.98     0.999969     14076685     32768.00
        2.98     0.999971     14076685     34492.63
        2.99     0.999973     14076753     36408.89
        2.99     0.999974     14076753     38550.59
        2.99     0.999976     14076753     40960.00
        3.01     0.999977     14076793     43690.67
        3.01     0.999979     14076793     46811.43
        3.02     0.999980     14076846     50412.31
        3.02     0.999982     14076846     54613.33
        3.04     0.999983     14076884     59578.18
        3.04     0.999985     14076884     65536.00
        3.04     0.999986     14076884     68985.26
        3.06     0.999986     14076904     72817.78
        3.07     0.999987     14076923     77101.18
        3.07     0.999988     14076923     81920.00
        3.09     0.999989     14076940     87381.33
        3.09     0.999989     14076940     93622.86
        3.10     0.999990     14076949    100824.62
        3.15     0.999991     14076961    109226.67
        3.26     0.999992     14076970    119156.36
        3.52     0.999992     14076982    131072.00
        3.71     0.999993     14076987    137970.53
       26.75     0.999993     14077016    145635.56
       26.75     0.999994     14077016    154202.35
       26.75     0.999994     14077016    163840.00
       26.75     0.999994     14077016    174762.67
       26.75     0.999995     14077016    187245.71
       26.88     0.999995     14077039    201649.23
       26.88     0.999995     14077039    218453.33
       26.88     0.999996     14077039    238312.73
       26.88     0.999996     14077039    262144.00
       26.88     0.999996     14077039    275941.05
       27.65     0.999997     14077040    291271.11
       36.09     0.999997     14077085    308404.71
       36.09     0.999997     14077085    327680.00
       36.09     0.999997     14077085    349525.33
       36.09     0.999997     14077085    374491.43
       36.09     0.999998     14077085    403298.46
       36.09     0.999998     14077085    436906.67
       36.09     0.999998     14077085    476625.45
       36.09     0.999998     14077085    524288.00
       36.09     0.999998     14077085    551882.11
       36.09     0.999998     14077085    582542.22
       36.09     0.999998     14077085    616809.41
       36.09     0.999998     14077085    655360.00
       36.09     0.999999     14077085    699050.67
       36.09     0.999999     14077085    748982.86
       36.09     0.999999     14077085    806596.92
       36.09     0.999999     14077085    873813.33
       36.09     0.999999     14077085    953250.91
       36.09     0.999999     14077085   1048576.00
       36.09     0.999999     14077085   1103764.21
       36.09     0.999999     14077085   1165084.44
       36.09     0.999999     14077085   1233618.82
       36.09     0.999999     14077085   1310720.00
       36.09     0.999999     14077085   1398101.33
       36.09     0.999999     14077085   1497965.71
       36.09     0.999999     14077085   1613193.85
       36.09     0.999999     14077085   1747626.67
       36.09     0.999999     14077085   1906501.82
       36.09     1.000000     14077085   2097152.00
       36.09     1.000000     14077085   2207528.42
       36.09     1.000000     14077085   2330168.89
       36.09     1.000000     14077085   2467237.65
       36.09     1.000000     14077085   2621440.00
       36.09     1.000000     14077085   2796202.67
       36.09     1.000000     14077085   2995931.43
       36.09     1.000000     14077085   3226387.69
       36.09     1.000000     14077085   3495253.33
       36.09     1.000000     14077085   3813003.64
       36.09     1.000000     14077085   4194304.00
       36.09     1.000000     14077085   4415056.84
       36.09     1.000000     14077085   4660337.78
       36.86     1.000000     14077086   4934475.29
       36.86     1.000000     14077086   5242880.00
       36.86     1.000000     14077086   5592405.33
       36.86     1.000000     14077086   5991862.86
       36.86     1.000000     14077086   6452775.39
       36.86     1.000000     14077086   6990506.67
       62.21     1.000000     14077087   7626007.28
       62.21     1.000000     14077087   8388608.00
       62.21     1.000000     14077087   8830113.68
       62.21     1.000000     14077087   9320675.55
       62.21     1.000000     14077087   9868950.59
       62.21     1.000000     14077087  10485760.00
       62.21     1.000000     14077087  11184810.67
       62.21     1.000000     14077087  11983725.71
       62.21     1.000000     14077087  12905550.76
       62.21     1.000000     14077087  13981013.34
       62.72     1.000000     14077088  15252014.55
       62.72     1.000000     14077088          inf
#[Mean    =        0.846, StdDeviation   =        0.232]
#[Max     =       62.719, Total count    =     14077088]
#[Buckets =           20, SubBuckets     =          256]
