       Value   Percentile   TotalCount 1/(1-Percentile)

        0.02     0.000000         1337         1.00
        0.46     0.050000       705796         1.05
        0.72     0.100000      1415200         1.11
        0.79     0.150000      2160105         1.18
        0.81     0.200000      3226359         1.25
        0.82     0.250000      3763231         1.33
        0.83     0.300000      4390367         1.43
        0.84     0.350000      5087915         1.54
        0.85     0.400000      5842051         1.67
        0.85     0.450000      6630145         1.82
        0.86     0.500000      7427292         2.00
        0.86     0.525000      7427292         2.11
        0.87     0.550000      8210361         2.22
        0.87     0.575000      8210361         2.35
        0.88     0.600000      8949626         2.50
        0.88     0.625000      8949626         2.67
        0.89     0.650000      9631804         2.86
        0.89     0.675000      9631804         3.08
        0.90     0.700000     10256028         3.33
        0.90     0.725000     10256028         3.64
        0.90     0.750000     10809405         4.00
        0.90     0.762500     10809405         4.21
        0.91     0.775000     11291319         4.44
        0.91     0.787500     11291319         4.71
        0.91     0.800000     11291319         5.00
        0.92     0.812500     11709125         5.33
        0.92     0.825000     11709125         5.71
        0.93     0.837500     12062201         6.15
        0.93     0.850000     12062201         6.67
        0.94     0.862500     12354001         7.27
        0.94     0.875000     12354001         8.00
        0.94     0.881250     12599758         8.42
        0.94     0.887500     12599758         8.89
        0.94     0.893750     12599758         9.41
        0.95     0.900000     12799201        10.00
        0.95     0.906250     12799201        10.67
        0.96     0.912500     12960053        11.43
        0.96     0.918750     12960053        12.31
        0.97     0.925000     13084342        13.33
        0.97     0.931250     13180215        14.55
        0.98     0.937500     13252727        16.00
        0.98     0.940625     13252727        16.84
        0.99     0.943750     13308421        17.78
        1.00     0.946875     13351993        18.82
        1.01     0.950000     13384994        20.00
        1.02     0.953125     13430698        21.33
        1.05     0.956250     13468418        22.86
        1.09     0.959375     13505273        24.62
        1.15     0.962500     13550461        26.67
        1.21     0.965625     13598374        29.09
        1.25     0.968750     13642786        32.00
        1.28     0.970313     13662133        33.68
        1.31     0.971875     13683764        35.56
        1.35     0.973437     13704133        37.65
        1.43     0.975000     13726060        40.00
        1.56     0.976562     13747883        42.67
        1.61     0.978125     13769980        45.71
        1.64     0.979688     13795591        49.23
        1.66     0.981250     13821318        53.33
        1.68     0.982812     13841352        58.18
        1.70     0.984375     13863111        64.00
        1.70     0.985156     13874556        67.37
        1.71     0.985938     13886084        71.11
        1.72     0.986719     13897631        75.29
        1.73     0.987500     13909079        80.00
        1.74     0.988281     13920296        85.33
        1.74     0.989062     13931418        91.43
        1.75     0.989844     13941944        98.46
        1.76     0.990625     13951944       106.67
        1.77     0.991406     13961407       116.36
        1.77     0.992188     13970379       128.00
        1.78     0.992578     13978936       134.74
        1.78     0.992969     13978936       142.22
        1.79     0.993359     13986892       150.59
        1.80     0.993750     13994113       160.00
        1.81     0.994141     14000711       170.67
        1.81     0.994531     14000711       182.86
        1.81     0.994922     14006961       196.92
        1.82     0.995313     14012937       213.33
        1.83     0.995703     14018343       232.73
        1.84     0.996094     14023373       256.00
        1.85     0.996289     14027891       269.47
        1.85     0.996484     14027891       284.44
        1.85     0.996680     14031896       301.18
        1.86     0.996875     14035477       320.00
        1.87     0.997070     14038767       341.33
        1.87     0.997266     14038767       365.71
        1.88     0.997461     14041531       393.85
        1.90     0.997656     14045938       426.67
        1.90     0.997852     14047795       465.45
        1.92     0.998047     14050554       512.00
        1.93     0.998145     14051581       538.95
        1.94     0.998242     14053008       568.89
        1.96     0.998340     14054021       602.35
        1.98     0.998437     14055487       640.00
        2.00     0.998535     14056971       682.67
        2.02     0.998633     14058707       731.43
        2.02     0.998730     14059692       787.69
        2.03     0.998828     14060715       853.33
        2.05     0.998926     14063181       930.91
        2.06     0.999023     14065536      1024.00
        2.06     0.999072     14065536      1077.89
        2.06     0.999121     14065536      1137.78
        2.06     0.999170     14065536      1204.71
        2.08     0.999219     14068153      1280.00
        2.08     0.999268     14068153      1365.33
        2.08     0.999316     14068153      1462.86
        2.10     0.999365     14070492      1575.38
        2.10     0.999414     14070492      1706.67
        2.10     0.999463     14070492      1861.82
        2.10     0.999512     14070492      2048.00
        2.11     0.999536     14072330      2155.79
        2.11     0.999561     14072330      2275.56
        2.11     0.999585     14072330      2409.41
        2.11     0.999609     14072330      2560.00
        2.11     0.999634     14072330      2730.67
        2.11     0.999658     14072330      2925.71
        2.13     0.999683     14073367      3150.77
        2.13     0.999707     14073367      3413.33
        2.13     0.999731     14073367      3723.64
        2.14     0.999756     14073951      4096.00
        2.14     0.999768     14073951      4311.58
        2.16     0.999780     14074392      4551.11
        2.16     0.999792     14074392      4818.82
        2.16     0.999805     14074392      5120.00
        2.19     0.999817     14074598      5461.33
        2.22     0.999829     14074758      5851.43
        2.27     0.999841     14074915      6301.54
        2.35     0.999854     14075089      6826.67
        2.42     0.999866     14075261      7447.27
        2.46     0.999878     14075479      8192.00
        2.48     0.999884     14075539      8623.16
        2.50     0.999890     14075595      9102.22
        2.53     0.999896     14075708      9637.65
        2.56     0.999902     14075781     10240.00
        2.62     0.999908     14075864     10922.67
        2.69     0.999915     14075947     11702.86
        2.81     0.999921     14076022     12603.08
        2.86     0.999927     14076156     13653.33
        2.88     0.999933     14076204     14894.55
        2.91     0.999939     14076343     16384.00
        2.91     0.999942     14076343     17246.32
        2.93     0.999945     14076420     18204.44
        2.93     0.999948     14076420     19275.29
        2.94     0.999951     14076512     20480.00
        2.94     0.999954     14076512     21845.33
        2.96     0.999957     14076601     23405.71
        2.96     0.999960     14076601     25206.15
        2.98     0.999963     14076689     27306.67
        2.98     0.999966     14076689     29789.09
        2.99     0.999969     14076763     32768.00
        2.99     0.999971     14076763     34492.63
        2.99     0.999973     14076763     36408.89
        3.01     0.999974     14076823     38550.59
        3.01     0.999976     14076823     40960.00
        3.01     0.999977     14076823     43690.67
        3.02     0.999979     14076879     46811.43
        3.02     0.999980     14076879     50412.31
        3.02     0.999982     14076879     54613.33
        3.04     0.999983     14076924     59578.18
        3.04     0.999985     14076924     65536.00
        3.06     0.999986     14076950     68985.26
        3.06     0.999986     14076950     72817.78
        3.07     0.999987     14076968     77101.18
        3.07     0.999988     14076968     81920.00
        3.09     0.999989     14076987     87381.33
        3.09     0.999989     14076987     93622.86
        3.10     0.999990     14077001    100824.62
        3.12     0.999991     14077009    109226.67
        3.18     0.999992     14077019    119156.36
        3.33     0.999992     14077030    131072.00
        3.50     0.999993     14077034    137970.53
       26.75     0.999993     14077060    145635.56
       26.75     0.999994     14077060    154202.35
       26.75     0.999994     14077060    163840.00
       26.75     0.999994     14077060    174762.67
       26.88     0.999995     14077081    187245.71
       26.88     0.999995     14077081    201649.23
       26.88     0.999995     14077081    218453.33
       26.88     0.999996     14077081    238312.73
       27.65     0.999996     14077084    262144.00
       36.09     0.999996     14077134    275941.05
       36.09     0.999997     14077134    291271.11
       36.09     0.999997     14077134    308404.71
       36.09     0.999997     14077134    327680.00
       36.09     0.999997     14077134    349525.33
       36.09     0.999997     14077134    374491.43
       36.09     0.999998     14077134    403298.46
       36.09     0.999998     14077134    436906.67
       36.09     0.999998     14077134    476625.45
       36.09     0.999998     14077134    524288.00
       36.09     0.999998     14077134    551882.11
       36.09     0.999998     14077134    582542.22
       36.09     0.999998     14077134    616809.41
       36.09     0.999998     14077134    655360.00
       36.09     0.999999     14077134    699050.67
       36.09     0.999999     14077134    748982.86
       36.09     0.999999     14077134    806596.92
       36.09     0.999999     14077134    873813.33
       36.09     0.999999     14077134    953250.91
       36.09     0.999999     14077134   1048576.00
       36.09     0.999999     14077134   1103764.21
       36.09     0.999999     14077134   1165084.44
       36.09     0.999999     14077134   1233618.82
       36.09     0.999999     14077134   1310720.00
       36.09     0.999999     14077134   1398101.33
       36.09     0.999999     14077134   1497965.71
       36.09     0.999999     14077134   1613193.85
       36.09     0.999999     14077134   1747626.67
       36.09     0.999999     14077134   1906501.82
       36.09     1.000000     14077134   2097152.00
       36.09     1.000000     14077134   2207528.42
       36.09     1.000000     14077134   2330168.89
       36.09     1.000000     14077134   2467237.65
       36.09     1.000000     14077134   2621440.00
       36.09     1.000000     14077134   2796202.67
       36.09     1.000000     14077134   2995931.43
       36.09     1.000000     14077134   3226387.69
       36.09     1.000000     14077134   3495253.33
       36.09     1.000000     14077134   3813003.64
       36.09     1.000000     14077134   4194304.00
       36.09     1.000000     14077134   4415056.84
       36.09     1.000000     14077134   4660337.78
       36.09     1.000000     14077134   4934475.29
       36.09     1.000000     14077134   5242880.00
       36.09     1.000000     14077134   5592405.33
       36.09     1.000000     14077134   5991862.86
       36.09     1.000000     14077134   6452775.39
       36.09     1.000000     14077134   6990506.67
       36.86     1.000000     14077135   7626007.28
       36.86     1.000000     14077135   8388608.00
       36.86     1.000000     14077135   8830113.68
       36.86     1.000000     14077135   9320675.55
       36.86     1.000000     14077135   9868950.59
       36.86     1.000000     14077135  10485760.00
       36.86     1.000000     14077135  11184810.67
       36.86     1.000000     14077135  11983725.71
       36.86     1.000000     14077135  12905550.76
       36.86     1.000000     14077135  13981013.34
       62.72     1.000000     14077136  15252014.55
       62.72     1.000000     14077136          inf
#[Mean    =        0.851, StdDeviation   =        0.235]
#[Max     =       62.719, Total count    =     14077136]
#[Buckets =           20, SubBuckets     =          256]
