       Value   Percentile   TotalCount 1/(1-Percentile)

        0.02     0.000000          456         1.00
        0.36     0.050000       130111         1.05
        0.58     0.100000       259666         1.11
        0.67     0.150000       405898         1.18
        0.69     0.200000       571661         1.25
        0.69     0.250000       695610         1.33
        0.70     0.300000       843580         1.43
        0.71     0.350000      1010987         1.54
        0.72     0.400000      1199957         1.67
        0.72     0.450000      1199957         1.82
        0.73     0.500000      1413181         2.00
        0.73     0.525000      1413181         2.11
        0.73     0.550000      1413181         2.22
        0.73     0.575000      1648441         2.35
        0.73     0.600000      1648441         2.50
        0.73     0.625000      1648441         2.67
        0.74     0.650000      1888036         2.86
        0.74     0.675000      1888036         3.08
        0.74     0.700000      1888036         3.33
        0.74     0.725000      1888036         3.64
        0.75     0.750000      2098760         4.00
        0.75     0.762500      2098760         4.21
        0.75     0.775000      2098760         4.44
        0.75     0.787500      2098760         4.71
        0.75     0.800000      2098760         5.00
        0.75     0.812500      2098760         5.33
        0.76     0.825000      2246014         5.71
        0.76     0.837500      2246014         6.15
        0.76     0.850000      2246014         6.67
        0.76     0.862500      2246014         7.27
        0.76     0.875000      2246014         8.00
        0.77     0.881250      2330924         8.42
        0.77     0.887500      2330924         8.89
        0.77     0.893750      2330924         9.41
        0.77     0.900000      2330924        10.00
        0.77     0.906250      2330924        10.67
        0.78     0.912500      2372623        11.43
        0.78     0.918750      2372623        12.31
        0.78     0.925000      2372623        13.33
        0.78     0.931250      2392894        14.55
        0.79     0.937500      2404701        16.00
        0.80     0.940625      2413032        16.84
        0.81     0.943750      2424230        17.78
        0.82     0.946875      2428786        18.82
        0.84     0.950000      2436481        20.00
        0.85     0.953125      2443948        21.33
        0.88     0.956250      2452756        22.86
        0.91     0.959375      2461487        24.62
        0.94     0.962500      2468157        26.67
        0.96     0.965625      2476527        29.09
        0.98     0.968750      2485437        32.00
        0.99     0.970313      2488238        33.68
        1.01     0.971875      2493300        35.56
        1.02     0.973437      2496928        37.65
        1.05     0.975000      2499692        40.00
        1.14     0.976562      2503624        42.67
        1.28     0.978125      2507650        45.71
        1.33     0.979688      2511978        49.23
        1.36     0.981250      2515859        53.33
        1.38     0.982812      2521021        58.18
        1.40     0.984375      2525162        64.00
        1.41     0.985156      2527472        67.37
        1.42     0.985938      2529873        71.11
        1.42     0.986719      2529873        75.29
        1.42     0.987500      2532525        80.00
        1.43     0.988281      2535116        85.33
        1.44     0.989062      2538002        91.43
        1.44     0.989844      2538002        98.46
        1.45     0.990625      2541135       106.67
        1.46     0.991406      2544438       116.36
        1.46     0.992188      2544438       128.00
        1.46     0.992578      2547846       134.74
        1.46     0.992969      2547846       142.22
        1.46     0.993359      2547846       150.59
        1.46     0.993750      2547846       160.00
        1.47     0.994141      2551344       170.67
        1.47     0.994531      2551344       182.86
        1.47     0.994922      2551344       196.92
        1.48     0.995313      2554455       213.33
        1.48     0.995703      2554455       232.73
        1.48     0.996094      2554455       256.00
        1.48     0.996289      2554455       269.47
        1.49     0.996484      2556965       284.44
        1.49     0.996680      2556965       301.18
        1.49     0.996875      2556965       320.00
        1.49     0.997070      2556965       341.33
        1.49     0.997266      2556965       365.71
        1.50     0.997461      2558932       393.85
        1.50     0.997656      2558932       426.67
        1.50     0.997852      2558932       465.45
        1.50     0.998047      2558932       512.00
        1.50     0.998145      2560257       538.95
        1.50     0.998242      2560257       568.89
        1.50     0.998340      2560257       602.35
        1.50     0.998437      2560257       640.00
        1.50     0.998535      2560257       682.67
        1.50     0.998633      2560257       731.43
        1.51     0.998730      2561150       787.69
        1.51     0.998828      2561150       853.33
        1.51     0.998926      2561150       930.91
        1.52     0.999023      2561759      1024.00
        1.52     0.999072      2561759      1077.89
        1.52     0.999121      2561759      1137.78
        1.52     0.999170      2561759      1204.71
        1.52     0.999219      2561759      1280.00
        1.53     0.999268      2562175      1365.33
        1.53     0.999316      2562175      1462.86
        1.53     0.999365      2562175      1575.38
        1.53     0.999414      2562491      1706.67
        1.53     0.999463      2562491      1861.82
        1.53     0.999512      2562491      2048.00
        1.54     0.999536      2562712      2155.79
        1.54     0.999561      2562712      2275.56
        1.54     0.999585      2562712      2409.41
        1.54     0.999609      2562712      2560.00
        1.55     0.999634      2562901      2730.67
        1.55     0.999658      2562901      2925.71
        1.55     0.999683      2562901      3150.77
        1.56     0.999707      2563033      3413.33
        1.56     0.999731      2563033      3723.64
        1.57     0.999756      2563144      4096.00
        1.57     0.999768      2563144      4311.58
        1.57     0.999780      2563144      4551.11
        1.57     0.999792      2563231      4818.82
        1.57     0.999805      2563231      5120.00
        1.57     0.999817      2563231      5461.33
        1.58     0.999829      2563304      5851.43
        1.58     0.999841      2563304      6301.54
        1.59     0.999854      2563369      6826.67
        1.59     0.999866      2563369      7447.27
        1.60     0.999878      2563439      8192.00
        1.60     0.999884      2563439      8623.16
        1.60     0.999890      2563439      9102.22
        1.60     0.999896      2563439      9637.65
        1.61     0.999902      2563497     10240.00
        1.61     0.999908      2563497     10922.67
        1.61     0.999915      2563497     11702.86
        1.61     0.999921      2563497     12603.08
        1.61     0.999927      2563540     13653.33
        1.61     0.999933      2563540     14894.55
        1.62     0.999939      2563567     16384.00
        1.62     0.999942      2563567     17246.32
        1.62     0.999945      2563567     18204.44
        1.62     0.999948      2563567     19275.29
        1.63     0.999951      2563589     20480.00
        1.63     0.999954      2563589     21845.33
        1.64     0.999957      2563600     23405.71
        1.64     0.999960      2563600     25206.15
        1.65     0.999963      2563611     27306.67
        1.66     0.999966      2563619     29789.09
        1.67     0.999969      2563625     32768.00
        1.68     0.999971      2563628     34492.63
        1.70     0.999973      2563631     36408.89
        1.70     0.999974      2563635     38550.59
        1.72     0.999976      2563639     40960.00
        1.74     0.999977      2563643     43690.67
        1.75     0.999979      2563646     46811.43
        1.77     0.999980      2563650     50412.31
        1.84     0.999982      2563654     54613.33
        1.88     0.999983      2563657     59578.18
        2.11     0.999985      2563662     65536.00
        2.14     0.999986      2563663     68985.26
        2.17     0.999986      2563665     72817.78
        2.19     0.999987      2563668     77101.18
        2.30     0.999988      2563669     81920.00
        2.40     0.999989      2563672     87381.33
        2.67     0.999989      2563673     93622.86
        3.13     0.999990      2563675    100824.62
        4.54     0.999991      2563687    109226.67
        4.54     0.999992      2563687    119156.36
        4.54     0.999992      2563687    131072.00
        4.54     0.999993      2563687    137970.53
        4.54     0.999993      2563687    145635.56
        4.54     0.999994      2563687    154202.35
        4.54     0.999994      2563687    163840.00
        4.54     0.999994      2563687    174762.67
        4.54     0.999995      2563687    187245.71
        4.58     0.999995      2563700    201649.23
        4.58     1.000000      2563700          inf
#[Mean    =        0.706, StdDeviation   =        0.176]
#[Max     =        4.575, Total count    =      2563700]
#[Buckets =           20, SubBuckets     =          256]
