       Value   Percentile   TotalCount 1/(1-Percentile)

        0.02     0.000000         8793         1.00
        0.45     0.050000      1419725         1.05
        0.70     0.100000      2837878         1.11
        0.78     0.150000      4376968         1.18
        0.79     0.200000      5712767         1.25
        0.81     0.250000      7826252         1.33
        0.81     0.300000      9165764         1.43
        0.82     0.350000     10675746         1.54
        0.83     0.400000     12287547         1.67
        0.84     0.450000     13947061         1.82
        0.85     0.500000     15600014         2.00
        0.85     0.525000     15600014         2.11
        0.85     0.550000     15600014         2.22
        0.85     0.575000     17199500         2.35
        0.85     0.600000     17199500         2.50
        0.86     0.625000     18689797         2.67
        0.86     0.650000     18689797         2.86
        0.87     0.675000     20056130         3.08
        0.87     0.700000     20056130         3.33
        0.88     0.725000     21269859         3.64
        0.88     0.750000     21269859         4.00
        0.89     0.762500     22328091         4.21
        0.89     0.775000     22328091         4.44
        0.89     0.787500     22328091         4.71
        0.90     0.800000     23232342         5.00
        0.90     0.812500     23232342         5.33
        0.90     0.825000     24002676         5.71
        0.90     0.837500     24002676         6.15
        0.90     0.850000     24002676         6.67
        0.91     0.862500     24647522         7.27
        0.92     0.875000     25171363         8.00
        0.92     0.881250     25171363         8.42
        0.92     0.887500     25171363         8.89
        0.93     0.893750     25593076         9.41
        0.93     0.900000     25593076        10.00
        0.93     0.906250     25593076        10.67
        0.94     0.912500     25931590        11.43
        0.94     0.918750     25931590        12.31
        0.94     0.925000     26191089        13.33
        0.95     0.931250     26393402        14.55
        0.96     0.937500     26548101        16.00
        0.96     0.940625     26548101        16.84
        0.97     0.943750     26663131        17.78
        0.97     0.946875     26750741        18.82
        0.98     0.950000     26817499        20.00
        0.99     0.953125     26868419        21.33
        1.01     0.956250     26965177        22.86
        1.05     0.959375     27037980        24.62
        1.10     0.962500     27121537        26.67
        1.16     0.965625     27209376        29.09
        1.21     0.968750     27299554        32.00
        1.23     0.970313     27342593        33.68
        1.26     0.971875     27391920        35.56
        1.29     0.973437     27430994        37.65
        1.34     0.975000     27473166        40.00
        1.46     0.976562     27517136        42.67
        1.55     0.978125     27560318        45.71
        1.59     0.979688     27610245        49.23
        1.61     0.981250     27655785        53.33
        1.63     0.982812     27692778        58.18
        1.66     0.984375     27756237        64.00
        1.66     0.985156     27779141        67.37
        1.67     0.985938     27802793        71.11
        1.67     0.986719     27802793        75.29
        1.68     0.987500     27826246        80.00
        1.69     0.988281     27849581        85.33
        1.70     0.989062     27872289        91.43
        1.70     0.989844     27894723        98.46
        1.71     0.990625     27915923       106.67
        1.72     0.991406     27936064       116.36
        1.74     0.992188     27973358       128.00
        1.74     0.992578     27973358       134.74
        1.74     0.992969     27989846       142.22
        1.74     0.993359     27989846       150.59
        1.75     0.993750     28005333       160.00
        1.76     0.994141     28019746       170.67
        1.77     0.994531     28032998       182.86
        1.77     0.994922     28032998       196.92
        1.77     0.995313     28045363       213.33
        1.78     0.995703     28056722       232.73
        1.79     0.996094     28066938       256.00
        1.80     0.996289     28076296       269.47
        1.81     0.996484     28084789       284.44
        1.81     0.996680     28084789       301.18
        1.81     0.996875     28092362       320.00
        1.82     0.997070     28099039       341.33
        1.82     0.997266     28099039       365.71
        1.83     0.997461     28104970       393.85
        1.84     0.997656     28110139       426.67
        1.85     0.997852     28118575       465.45
        1.86     0.998047     28121745       512.00
        1.87     0.998145     28124423       538.95
        1.88     0.998242     28126610       568.89
        1.90     0.998340     28129827       602.35
        1.91     0.998437     28131777       640.00
        1.95     0.998535     28134727       682.67
        1.98     0.998633     28138497       731.43
        1.98     0.998730     28140366       787.69
        2.00     0.998828     28144451       853.33
        2.01     0.998926     28146101       930.91
        2.02     0.999023     28148232      1024.00
        2.02     0.999072     28150887      1077.89
        2.02     0.999121     28150887      1137.78
        2.03     0.999170     28153195      1204.71
        2.04     0.999219     28155943      1280.00
        2.04     0.999268     28155943      1365.33
        2.05     0.999316     28158091      1462.86
        2.05     0.999365     28158091      1575.38
        2.06     0.999414     28161479      1706.67
        2.06     0.999463     28161479      1861.82
        2.08     0.999512     28165334      2048.00
        2.08     0.999536     28165334      2155.79
        2.08     0.999561     28165334      2275.56
        2.08     0.999585     28165334      2409.41
        2.08     0.999609     28165334      2560.00
        2.08     0.999634     28165334      2730.67
        2.10     0.999658     28167344      2925.71
        2.10     0.999683     28167344      3150.77
        2.11     0.999707     28168959      3413.33
        2.11     0.999731     28168959      3723.64
        2.11     0.999756     28168959      4096.00
        2.13     0.999768     28170105      4311.58
        2.13     0.999780     28170105      4551.11
        2.13     0.999792     28170105      4818.82
        2.14     0.999805     28171036      5120.00
        2.14     0.999817     28171036      5461.33
        2.14     0.999829     28171036      5851.43
        2.16     0.999841     28171426      6301.54
        2.17     0.999854     28171593      6826.67
        2.22     0.999866     28171895      7447.27
        2.32     0.999878     28172211      8192.00
        2.37     0.999884     28172402      8623.16
        2.40     0.999890     28172592      9102.22
        2.42     0.999896     28172707      9637.65
        2.45     0.999902     28172948     10240.00
        2.46     0.999908     28173041     10922.67
        2.53     0.999915     28173254     11702.86
        2.64     0.999921     28173390     12603.08
        2.72     0.999927     28173554     13653.33
        2.81     0.999933     28173785     14894.55
        2.85     0.999939     28174005     16384.00
        2.85     0.999942     28174005     17246.32
        2.86     0.999945     28174168     18204.44
        2.86     0.999948     28174168     19275.29
        2.88     0.999951     28174351     20480.00
        2.88     0.999954     28174351     21845.33
        2.90     0.999957     28174511     23405.71
        2.90     0.999960     28174511     25206.15
        2.91     0.999963     28174673     27306.67
        2.91     0.999966     28174673     29789.09
        2.93     0.999969     28174842     32768.00
        2.93     0.999971     28174842     34492.63
        2.93     0.999973     28174842     36408.89
        2.94     0.999974     28174977     38550.59
        2.94     0.999976     28174977     40960.00
        2.94     0.999977     28174977     43690.67
        2.96     0.999979     28175094     46811.43
        2.96     0.999980     28175094     50412.31
        2.98     0.999982     28175188     54613.33
        2.98     0.999983     28175188     59578.18
        2.98     0.999985     28175188     65536.00
        2.99     0.999986     28175260     68985.26
        2.99     0.999986     28175260     72817.78
        2.99     0.999987     28175260     77101.18
        3.01     0.999988     28175308     81920.00
        3.01     0.999989     28175308     87381.33
        3.02     0.999989     28175347     93622.86
        3.02     0.999990     28175347    100824.62
        3.04     0.999991     28175361    109226.67
        3.06     0.999992     28175382    119156.36
        3.09     0.999992     28175400    131072.00
        3.13     0.999993     28175409    137970.53
       14.02     0.999993     28175424    145635.56
       14.08     0.999994     28175486    154202.35
       14.08     0.999994     28175486    163840.00
       14.08     0.999994     28175486    174762.67
       14.08     0.999995     28175486    187245.71
       14.08     0.999995     28175486    201649.23
       14.08     0.999995     28175486    218453.33
       14.14     0.999996     28175510    238312.73
       14.14     0.999996     28175510    262144.00
       14.14     0.999996     28175510    275941.05
       48.13     0.999997     28175593    291271.11
       48.13     0.999997     28175593    308404.71
       48.13     0.999997     28175593    327680.00
       48.13     0.999997     28175593    349525.33
       48.13     0.999997     28175593    374491.43
       48.13     0.999998     28175593    403298.46
       48.13     0.999998     28175593    436906.67
       48.13     0.999998     28175593    476625.45
       48.13     0.999998     28175593    524288.00
       48.13     0.999998     28175593    551882.11
       48.13     0.999998     28175593    582542.22
       48.13     0.999998     28175593    616809.41
       48.13     0.999998     28175593    655360.00
       48.13     0.999999     28175593    699050.67
       48.13     0.999999     28175593    748982.86
       48.13     0.999999     28175593    806596.92
       48.13     0.999999     28175593    873813.33
       48.13     0.999999     28175593    953250.91
       48.13     0.999999     28175593   1048576.00
       48.13     0.999999     28175593   1103764.21
       48.13     0.999999     28175593   1165084.44
       48.13     0.999999     28175593   1233618.82
       48.13     0.999999     28175593   1310720.00
       48.13     0.999999     28175593   1398101.33
       48.38     0.999999     28175604   1497965.71
       48.38     0.999999     28175604   1613193.85
       48.38     0.999999     28175604   1747626.67
       48.38     0.999999     28175604   1906501.82
       48.38     1.000000     28175604   2097152.00
       48.38     1.000000     28175604   2207528.42
       48.38     1.000000     28175604   2330168.89
       48.38     1.000000     28175604   2467237.65
       48.38     1.000000     28175604   2621440.00
       48.38     1.000000     28175604   2796202.67
       48.38     1.000000     28175604   2995931.43
       48.38     1.000000     28175604   3226387.69
       48.38     1.000000     28175604   3495253.33
       48.64     1.000000     28175606   3813003.64
       48.64     1.000000     28175606   4194304.00
       48.64     1.000000     28175606   4415056.84
       48.64     1.000000     28175606   4660337.78
       49.15     1.000000     28175608   4934475.29
       49.15     1.000000     28175608   5242880.00
       49.15     1.000000     28175608   5592405.33
       49.15     1.000000     28175608   5991862.86
       49.15     1.000000     28175608   6452775.39
       49.15     1.000000     28175608   6990506.67
       61.95     1.000000     28175609   7626007.28
       61.95     1.000000     28175609   8388608.00
       61.95     1.000000     28175609   8830113.68
       61.95     1.000000     28175609   9320675.55
       62.21     1.000000     28175612   9868950.59
       62.21     1.000000     28175612          inf
#[Mean    =        0.830, StdDeviation   =        0.233]
#[Max     =       62.207, Total count    =     28175612]
#[Buckets =           20, SubBuckets     =          256]
