       Value   Percentile   TotalCount 1/(1-Percentile)

        0.26     0.000000            3         1.00
        1.83     0.050000      2895069         1.05
        1.87     0.100000      6000913         1.11
        1.90     0.150000      8583208         1.18
        1.92     0.200000     11596280         1.25
        1.94     0.250000     14868373         1.33
        1.97     0.300000     18163019         1.43
        1.98     0.350000     20271572         1.54
        2.01     0.400000     23168563         1.67
        2.04     0.450000     26310293         1.82
        2.08     0.500000     29032190         2.00
        2.11     0.525000     30375494         2.11
        2.16     0.550000     31459698         2.22
        2.83     0.575000     32819127         2.35
        2.96     0.600000     34268067         2.50
        3.02     0.625000     35637035         2.67
        3.07     0.650000     37012037         2.86
        3.12     0.675000     38692832         3.08
        3.15     0.700000     39966595         3.33
        3.18     0.725000     41337166         3.64
        3.21     0.750000     42764623         4.00
        3.23     0.762500     43483729         4.21
        3.25     0.775000     44191348         4.44
        3.26     0.787500     44886959         4.71
        3.28     0.800000     45557697         5.00
        3.31     0.812500     46803157         5.33
        3.33     0.825000     47368492         5.71
        3.34     0.837500     47895562         6.15
        3.36     0.850000     48388178         6.67
        3.39     0.862500     49283876         7.27
        3.42     0.875000     50125416         8.00
        3.44     0.881250     50541714         8.42
        3.44     0.887500     50541714         8.89
        3.46     0.893750     50962305         9.41
        3.47     0.900000     51394777        10.00
        3.49     0.906250     51834853        10.67
        3.50     0.912500     52276937        11.43
        3.52     0.918750     52721498        12.31
        3.52     0.925000     52721498        13.33
        3.54     0.931250     53155388        14.55
        3.55     0.937500     53573141        16.00
        3.55     0.940625     53573141        16.84
        3.57     0.943750     53971117        17.78
        3.57     0.946875     53971117        18.82
        3.58     0.950000     54342833        20.00
        3.58     0.953125     54342833        21.33
        3.60     0.956250     54680177        22.86
        3.60     0.959375     54680177        24.62
        3.62     0.962500     54978654        26.67
        3.62     0.965625     54978654        29.09
        3.63     0.968750     55242377        32.00
        3.63     0.970313     55242377        33.68
        3.65     0.971875     55469005        35.56
        3.65     0.973437     55469005        37.65
        3.66     0.975000     55665563        40.00
        3.66     0.976562     55665563        42.67
        3.68     0.978125     55829300        45.71
        3.68     0.979688     55829300        49.23
        3.69     0.981250     55968517        53.33
        3.69     0.982812     55968517        58.18
        3.71     0.984375     56086529        64.00
        3.71     0.985156     56086529        67.37
        3.73     0.985938     56187632        71.11
        3.73     0.986719     56187632        75.29
        3.74     0.987500     56274042        80.00
        3.74     0.988281     56274042        85.33
        3.76     0.989062     56349899        91.43
        3.76     0.989844     56349899        98.46
        3.77     0.990625     56418725       106.67
        3.79     0.991406     56480575       116.36
        3.79     0.992188     56480575       128.00
        3.81     0.992578     56535370       134.74
        3.81     0.992969     56535370       142.22
        3.82     0.993359     56585464       150.59
        3.82     0.993750     56585464       160.00
        3.82     0.994141     56585464       170.67
        3.84     0.994531     56631286       182.86
        3.84     0.994922     56631286       196.92
        3.85     0.995313     56673051       213.33
        3.87     0.995703     56709236       232.73
        3.87     0.996094     56709236       256.00
        3.87     0.996289     56709236       269.47
        3.89     0.996484     56741581       284.44
        3.89     0.996680     56741581       301.18
        3.89     0.996875     56741581       320.00
        3.90     0.997070     56769705       341.33
        3.90     0.997266     56769705       365.71
        3.92     0.997461     56794372       393.85
        3.92     0.997656     56794372       426.67
        3.94     0.997852     56814896       465.45
        3.94     0.998047     56814896       512.00
        3.94     0.998145     56814896       538.95
        3.95     0.998242     56831970       568.89
        3.95     0.998340     56831970       602.35
        3.95     0.998437     56831970       640.00
        3.97     0.998535     56846094       682.67
        3.97     0.998633     56846094       731.43
        3.97     0.998730     56846094       787.69
        3.98     0.998828     56857488       853.33
        3.98     0.998926     56857488       930.91
        4.00     0.999023     56866844      1024.00
        4.00     0.999072     56866844      1077.89
        4.01     0.999121     56874196      1137.78
        4.01     0.999170     56874196      1204.71
        4.01     0.999219     56874196      1280.00
        4.03     0.999268     56880272      1365.33
        4.03     0.999316     56880272      1462.86
        4.05     0.999365     56885302      1575.38
        4.05     0.999414     56885302      1706.67
        4.06     0.999463     56889194      1861.82
        4.08     0.999512     56892414      2048.00
        4.08     0.999536     56892414      2155.79
        4.09     0.999561     56894834      2275.56
        4.09     0.999585     56894834      2409.41
        4.13     0.999609     56898664      2560.00
        4.13     0.999634     56898664      2730.67
        4.16     0.999658     56901137      2925.71
        4.16     0.999683     56901137      3150.77
        4.19     0.999707     56903063      3413.33
        4.19     0.999731     56903063      3723.64
        4.22     0.999756     56904653      4096.00
        4.25     0.999768     56905863      4311.58
        4.25     0.999780     56905863      4551.11
        4.29     0.999792     56907063      4818.82
        4.29     0.999805     56907063      5120.00
        4.32     0.999817     56908102      5461.33
        4.35     0.999829     56909040      5851.43
        4.38     0.999841     56909984      6301.54
        4.38     0.999854     56909984      6826.67
        4.42     0.999866     56910852      7447.27
        4.45     0.999878     56911606      8192.00
        4.45     0.999884     56911606      8623.16
        4.48     0.999890     56912233      9102.22
        4.51     0.999896     56912846      9637.65
        4.51     0.999902     56912846     10240.00
        4.54     0.999908     56913424     10922.67
        4.54     0.999915     56913424     11702.86
        4.58     0.999921     56913965     12603.08
        4.61     0.999927     56914411     13653.33
        4.61     0.999933     56914411     14894.55
        4.64     0.999939     56914808     16384.00
        4.67     0.999942     56915223     17246.32
        4.67     0.999945     56915223     18204.44
        4.67     0.999948     56915223     19275.29
        4.70     0.999951     56915593     20480.00
        4.70     0.999954     56915593     21845.33
        4.74     0.999957     56915888     23405.71
        4.77     0.999960     56916175     25206.15
        4.77     0.999963     56916175     27306.67
        4.80     0.999966     56916448     29789.09
        4.80     0.999969     56916448     32768.00
        4.83     0.999971     56916694     34492.63
        4.83     0.999973     56916694     36408.89
        4.83     0.999974     56916694     38550.59
        4.86     0.999976     56916888     40960.00
        4.86     0.999977     56916888     43690.67
        4.89     0.999979     56917052     46811.43
        4.89     0.999980     56917052     50412.31
        4.93     0.999982     56917158     54613.33
        4.96     0.999983     56917243     59578.18
        4.99     0.999985     56917343     65536.00
        4.99     0.999986     56917343     68985.26
        5.02     0.999986     56917420     72817.78
        5.02     0.999987     56917420     77101.18
        5.05     0.999988     56917483     81920.00
        5.09     0.999989     56917557     87381.33
        5.09     0.999989     56917557     93622.86
        5.12     0.999990     56917608    100824.62
        5.15     0.999991     56917694    109226.67
        5.15     0.999992     56917694    119156.36
        5.18     0.999992     56917737    131072.00
        5.21     0.999993     56917752    137970.53
        5.25     0.999993     56917786    145635.56
        5.25     0.999994     56917786    154202.35
        5.31     0.999994     56917841    163840.00
        5.31     0.999994     56917841    174762.67
        5.34     0.999995     56917861    187245.71
        5.38     0.999995     56917885    201649.23
        5.41     0.999995     56917902    218453.33
        5.44     0.999996     56917914    238312.73
        5.47     0.999996     56917937    262144.00
        5.50     0.999996     56917947    275941.05
        5.54     0.999997     56917963    291271.11
        5.57     0.999997     56917968    308404.71
        5.60     0.999997     56917986    327680.00
        5.63     0.999997     56917992    349525.33
        5.66     0.999997     56918000    374491.43
        5.73     0.999998     56918010    403298.46
        5.95     0.999998     56918020    436906.67
        6.05     0.999998     56918042    476625.45
        6.05     0.999998     56918042    524288.00
        6.08     0.999998     56918048    551882.11
        6.11     0.999998     56918057    582542.22
        6.14     0.999998     56918060    616809.41
        6.27     0.999998     56918068    655360.00
        6.30     0.999999     56918077    699050.67
        6.30     0.999999     56918077    748982.86
        6.33     0.999999     56918081    806596.92
        6.37     0.999999     56918085    873813.33
        6.43     0.999999     56918097    953250.91
        6.43     0.999999     56918097   1048576.00
        6.46     0.999999     56918110   1103764.21
        6.46     0.999999     56918110   1165084.44
        6.46     0.999999     56918110   1233618.82
        6.46     0.999999     56918110   1310720.00
        6.46     0.999999     56918110   1398101.33
        6.56     0.999999     56918118   1497965.71
        6.56     0.999999     56918118   1613193.85
        6.56     0.999999     56918118   1747626.67
        6.59     0.999999     56918124   1906501.82
        6.59     1.000000     56918124   2097152.00
        6.62     1.000000     56918129   2207528.42
        6.62     1.000000     56918129   2330168.89
        6.62     1.000000     56918129   2467237.65
        6.62     1.000000     56918129   2621440.00
        6.66     1.000000     56918133   2796202.67
        6.66     1.000000     56918133   2995931.43
        6.66     1.000000     56918133   3226387.69
        6.72     1.000000     56918134   3495253.33
        7.93     1.000000     56918139   3813003.64
        7.93     1.000000     56918139   4194304.00
        7.93     1.000000     56918139   4415056.84
        7.93     1.000000     56918139   4660337.78
        7.93     1.000000     56918139   4934475.29
        7.97     1.000000     56918143   5242880.00
        7.97     1.000000     56918143   5592405.33
        7.97     1.000000     56918143   5991862.86
        7.97     1.000000     56918143   6452775.39
        7.97     1.000000     56918143   6990506.67
        7.97     1.000000     56918143   7626007.28
        8.00     1.000000     56918149   8388608.00
        8.00     1.000000     56918149   8830113.68
        8.00     1.000000     56918149   9320675.55
        8.00     1.000000     56918149   9868950.59
        8.00     1.000000     56918149  10485760.00
        8.00     1.000000     56918149  11184810.67
        8.00     1.000000     56918149  11983725.71
        8.00     1.000000     56918149  12905550.76
        8.00     1.000000     56918149  13981013.34
        8.00     1.000000     56918149  15252014.55
        8.00     1.000000     56918149  16777216.00
        8.00     1.000000     56918149  17660227.38
        8.00     1.000000     56918149  18641351.10
        8.00     1.000000     56918149  19737901.19
        8.00     1.000000     56918149  20971519.98
        8.00     1.000000     56918149  22369621.33
        8.00     1.000000     56918149  23967451.45
        8.00     1.000000     56918149  25811101.52
        8.00     1.000000     56918149  27962026.68
        8.00     1.000000     56918149  30504029.05
        8.00     1.000000     56918149  33554432.00
        8.00     1.000000     56918149  35320454.76
        8.00     1.000000     56918149  37282702.28
        8.00     1.000000     56918149  39475802.28
        8.00     1.000000     56918149  41943039.96
        8.00     1.000000     56918149  44739242.67
        8.00     1.000000     56918149  47934902.91
        8.00     1.000000     56918149  51622203.20
        8.00     1.000000     56918149  55924053.19
        8.03     1.000000     56918150  61008058.10
        8.03     1.000000     56918150          inf
#[Mean    =        2.528, StdDeviation   =        0.677]
#[Max     =        8.031, Total count    =     56918150]
#[Buckets =           20, SubBuckets     =          256]
