       Value   Percentile   TotalCount 1/(1-Percentile)

        0.02     0.000000        15497         1.00
        0.34     0.050000      1428917         1.05
        0.57     0.100000      2842200         1.11
        0.66     0.150000      4271241         1.18
        0.68     0.200000      6050118         1.25
        0.69     0.250000      7396170         1.33
        0.69     0.300000      9070840         1.43
        0.70     0.350000     11121090         1.54
        0.71     0.400000     13589226         1.67
        0.71     0.450000     13589226         1.82
        0.72     0.500000     16619876         2.00
        0.72     0.525000     16619876         2.11
        0.72     0.550000     16619876         2.22
        0.72     0.575000     16619876         2.35
        0.73     0.600000     20152928         2.50
        0.73     0.625000     20152928         2.67
        0.73     0.650000     20152928         2.86
        0.73     0.675000     20152928         3.08
        0.73     0.700000     20152928         3.33
        0.73     0.725000     23266170         3.64
        0.73     0.750000     23266170         4.00
        0.73     0.762500     23266170         4.21
        0.73     0.775000     23266170         4.44
        0.73     0.787500     23266170         4.71
        0.73     0.800000     23266170         5.00
        0.73     0.812500     23266170         5.33
        0.73     0.825000     23266170         5.71
        0.74     0.837500     25135057         6.15
        0.74     0.850000     25135057         6.67
        0.74     0.862500     25135057         7.27
        0.74     0.875000     25135057         8.00
        0.74     0.881250     25135057         8.42
        0.74     0.887500     25135057         8.89
        0.75     0.893750     26023193         9.41
        0.75     0.900000     26023193        10.00
        0.75     0.906250     26023193        10.67
        0.75     0.912500     26023193        11.43
        0.75     0.918750     26023193        12.31
        0.76     0.925000     26431778        13.33
        0.76     0.931250     26431778        14.55
        0.77     0.937500     26630040        16.00
        0.77     0.940625     26630040        16.84
        0.77     0.943750     26630040        17.78
        0.78     0.946875     26741315        18.82
        0.78     0.950000     26816839        20.00
        0.80     0.953125     26921890        21.33
        0.81     0.956250     26997536        22.86
        0.83     0.959375     27070938        24.62
        0.85     0.962500     27149515        26.67
        0.88     0.965625     27249544        29.09
        0.92     0.968750     27338733        32.00
        0.94     0.970313     27381066        33.68
        0.95     0.971875     27422005        35.56
        0.97     0.973437     27459914        37.65
        0.99     0.975000     27507522        40.00
        1.02     0.976562     27541744        42.67
        1.15     0.978125     27586066        45.71
        1.29     0.979688     27630596        49.23
        1.33     0.981250     27678729        53.33
        1.36     0.982812     27722155        58.18
        1.38     0.984375     27778376        64.00
        1.39     0.985156     27800509        67.37
        1.40     0.985938     27824236        71.11
        1.41     0.986719     27849865        75.29
        1.41     0.987500     27849865        80.00
        1.42     0.988281     27877351        85.33
        1.42     0.989062     27906875        91.43
        1.43     0.989844     27938795        98.46
        1.43     0.990625     27938795       106.67
        1.44     0.991406     27973962       116.36
        1.45     0.992188     28011750       128.00
        1.45     0.992578     28011750       134.74
        1.45     0.992969     28011750       142.22
        1.46     0.993359     28050722       150.59
        1.46     0.993750     28050722       160.00
        1.46     0.994141     28050722       170.67
        1.46     0.994531     28050722       182.86
        1.46     0.994922     28088288       196.92
        1.46     0.995313     28088288       213.33
        1.46     0.995703     28088288       232.73
        1.47     0.996094     28120795       256.00
        1.47     0.996289     28120795       269.47
        1.47     0.996484     28120795       284.44
        1.47     0.996680     28120795       301.18
        1.47     0.996875     28120795       320.00
        1.47     0.997070     28120795       341.33
        1.48     0.997266     28145748       365.71
        1.48     0.997461     28145748       393.85
        1.48     0.997656     28145748       426.67
        1.48     0.997852     28145748       465.45
        1.49     0.998047     28163137       512.00
        1.49     0.998145     28163137       538.95
        1.49     0.998242     28163137       568.89
        1.49     0.998340     28163137       602.35
        1.49     0.998437     28163137       640.00
        1.49     0.998535     28163137       682.67
        1.49     0.998633     28163137       731.43
        1.50     0.998730     28174571       787.69
        1.50     0.998828     28174571       853.33
        1.50     0.998926     28174571       930.91
        1.50     0.999023     28174571      1024.00
        1.50     0.999072     28181721      1077.89
        1.50     0.999121     28181721      1137.78
        1.50     0.999170     28181721      1204.71
        1.50     0.999219     28181721      1280.00
        1.50     0.999268     28181721      1365.33
        1.51     0.999316     28186246      1462.86
        1.51     0.999365     28186246      1575.38
        1.51     0.999414     28186246      1706.67
        1.51     0.999463     28186246      1861.82
        1.52     0.999512     28189144      2048.00
        1.52     0.999536     28189144      2155.79
        1.52     0.999561     28189144      2275.56
        1.53     0.999585     28191283      2409.41
        1.53     0.999609     28191283      2560.00
        1.53     0.999634     28191283      2730.67
        1.53     0.999658     28192856      2925.71
        1.53     0.999683     28192856      3150.77
        1.54     0.999707     28194006      3413.33
        1.54     0.999731     28194006      3723.64
        1.55     0.999756     28194949      4096.00
        1.55     0.999768     28194949      4311.58
        1.56     0.999780     28195763      4551.11
        1.56     0.999792     28195763      4818.82
        1.57     0.999805     28196520      5120.00
        1.57     0.999817     28196520      5461.33
        1.57     0.999829     28196520      5851.43
        1.57     0.999841     28197273      6301.54
        1.57     0.999854     28197273      6826.67
        1.58     0.999866     28197927      7447.27
        1.58     0.999878     28197927      8192.00
        1.59     0.999884     28198490      8623.16
        1.59     0.999890     28198490      9102.22
        1.59     0.999896     28198490      9637.65
        1.60     0.999902     28198956     10240.00
        1.60     0.999908     28198956     10922.67
        1.60     0.999915     28198956     11702.86
        1.61     0.999921     28199291     12603.08
        1.61     0.999927     28199291     13653.33
        1.61     0.999933     28199529     14894.55
        1.62     0.999939     28199692     16384.00
        1.62     0.999942     28199692     17246.32
        1.63     0.999945     28199798     18204.44
        1.64     0.999948     28199869     19275.29
        1.65     0.999951     28199937     20480.00
        1.66     0.999954     28200017     21845.33
        1.69     0.999957     28200105     23405.71
        1.72     0.999960     28200189     25206.15
        1.76     0.999963     28200261     27306.67
        1.81     0.999966     28200354     29789.09
        1.89     0.999969     28200445     32768.00
        1.92     0.999971     28200486     34492.63
        1.95     0.999973     28200525     36408.89
        1.98     0.999974     28200565     38550.59
        2.02     0.999976     28200610     40960.00
        2.04     0.999977     28200649     43690.67
        2.10     0.999979     28200718     46811.43
        2.11     0.999980     28200748     50412.31
        2.14     0.999982     28200793     54613.33
        2.16     0.999983     28200822     59578.18
        2.19     0.999985     28200874     65536.00
        2.21     0.999986     28200893     68985.26
        2.22     0.999986     28200913     72817.78
        2.25     0.999987     28200935     77101.18
        2.27     0.999988     28200950     81920.00
        2.32     0.999989     28200977     87381.33
        2.38     0.999989     28200993     93622.86
        2.50     0.999990     28201017    100824.62
        2.59     0.999991     28201035    109226.67
        2.72     0.999992     28201058    119156.36
        2.91     0.999992     28201079    131072.00
        3.06     0.999993     28201089    137970.53
        4.70     0.999993     28201100    145635.56
        4.74     0.999994     28201138    154202.35
        4.74     0.999994     28201138    163840.00
        4.74     0.999994     28201138    174762.67
        4.77     0.999995     28201187    187245.71
        4.77     0.999995     28201187    201649.23
        4.77     0.999995     28201187    218453.33
        4.77     0.999996     28201187    238312.73
        4.77     0.999996     28201187    262144.00
        5.18     0.999996     28201193    275941.05
        5.21     0.999997     28201199    291271.11
        5.25     0.999997     28201257    308404.71
        5.25     0.999997     28201257    327680.00
        5.25     0.999997     28201257    349525.33
        5.25     0.999997     28201257    374491.43
        5.25     0.999998     28201257    403298.46
        5.25     0.999998     28201257    436906.67
        5.25     0.999998     28201257    476625.45
        5.25     0.999998     28201257    524288.00
        5.25     0.999998     28201257    551882.11
        5.25     0.999998     28201257    582542.22
        5.25     0.999998     28201257    616809.41
        5.25     0.999998     28201257    655360.00
        5.25     0.999999     28201257    699050.67
        5.25     0.999999     28201257    748982.86
        5.28     0.999999     28201283    806596.92
        5.28     0.999999     28201283    873813.33
        5.28     0.999999     28201283    953250.91
        5.28     0.999999     28201283   1048576.00
        5.28     0.999999     28201283   1103764.21
        5.28     0.999999     28201283   1165084.44
        5.28     0.999999     28201283   1233618.82
        5.28     0.999999     28201283   1310720.00
        5.28     0.999999     28201283   1398101.33
        5.28     0.999999     28201283   1497965.71
        5.28     0.999999     28201283   1613193.85
        5.28     0.999999     28201283   1747626.67
        5.28     0.999999     28201283   1906501.82
        5.28     1.000000     28201283   2097152.00
        5.28     1.000000     28201283   2207528.42
        5.28     1.000000     28201283   2330168.89
        5.28     1.000000     28201283   2467237.65
        5.28     1.000000     28201283   2621440.00
        5.28     1.000000     28201283   2796202.67
        5.41     1.000000     28201286   2995931.43
        5.41     1.000000     28201286   3226387.69
        5.41     1.000000     28201286   3495253.33
        5.41     1.000000     28201286   3813003.64
        5.44     1.000000     28201289   4194304.00
        5.44     1.000000     28201289   4415056.84
        5.44     1.000000     28201289   4660337.78
        5.44     1.000000     28201289   4934475.29
        5.44     1.000000     28201289   5242880.00
        5.44     1.000000     28201289   5592405.33
        5.44     1.000000     28201289   5991862.86
        5.44     1.000000     28201289   6452775.39
        5.44     1.000000     28201289   6990506.67
        5.98     1.000000     28201293   7626007.28
        5.98     1.000000     28201293          inf
#[Mean    =        0.692, StdDeviation   =        0.172]
#[Max     =        5.983, Total count    =     28201293]
#[Buckets =           20, SubBuckets     =          256]
