       Value   Percentile   TotalCount 1/(1-Percentile)

        0.02     0.000000        16662         1.00
        0.34     0.050000      1450739         1.05
        0.57     0.100000      2894530         1.11
        0.67     0.150000      4768071         1.18
        0.68     0.200000      5693496         1.25
        0.69     0.250000      8113969         1.33
        0.70     0.300000      9604296         1.43
        0.71     0.350000     11393184         1.54
        0.71     0.400000     11393184         1.67
        0.72     0.450000     13577440         1.82
        0.73     0.500000     16413216         2.00
        0.73     0.525000     16413216         2.11
        0.73     0.550000     16413216         2.22
        0.73     0.575000     16413216         2.35
        0.73     0.600000     19976013         2.50
        0.73     0.625000     19976013         2.67
        0.73     0.650000     19976013         2.86
        0.73     0.675000     19976013         3.08
        0.73     0.700000     19976013         3.33
        0.74     0.725000     23168804         3.64
        0.74     0.750000     23168804         4.00
        0.74     0.762500     23168804         4.21
        0.74     0.775000     23168804         4.44
        0.74     0.787500     23168804         4.71
        0.74     0.800000     23168804         5.00
        0.74     0.812500     23168804         5.33
        0.75     0.825000     25082619         5.71
        0.75     0.837500     25082619         6.15
        0.75     0.850000     25082619         6.67
        0.75     0.862500     25082619         7.27
        0.75     0.875000     25082619         8.00
        0.75     0.881250     25082619         8.42
        0.75     0.887500     25082619         8.89
        0.76     0.893750     26031331         9.41
        0.76     0.900000     26031331        10.00
        0.76     0.906250     26031331        10.67
        0.76     0.912500     26031331        11.43
        0.76     0.918750     26031331        12.31
        0.77     0.925000     26463535        13.33
        0.77     0.931250     26463535        14.55
        0.77     0.937500     26463535        16.00
        0.78     0.940625     26665842        16.84
        0.78     0.943750     26665842        17.78
        0.78     0.946875     26772781        18.82
        0.79     0.950000     26847209        20.00
        0.80     0.953125     26907759        21.33
        0.81     0.956250     26995264        22.86
        0.83     0.959375     27062049        24.62
        0.85     0.962500     27168964        26.67
        0.87     0.965625     27238374        29.09
        0.91     0.968750     27329454        32.00
        0.93     0.970313     27367391        33.68
        0.94     0.971875     27409887        35.56
        0.97     0.973437     27467265        37.65
        0.98     0.975000     27498435        40.00
        1.01     0.976562     27543618        42.67
        1.10     0.978125     27585220        45.71
        1.26     0.979688     27630684        49.23
        1.33     0.981250     27679003        53.33
        1.36     0.982812     27720161        58.18
        1.38     0.984375     27767691        64.00
        1.39     0.985156     27784112        67.37
        1.41     0.985938     27819778        71.11
        1.42     0.986719     27839857        75.29
        1.42     0.987500     27861122        80.00
        1.43     0.988281     27884450        85.33
        1.44     0.989062     27910185        91.43
        1.45     0.989844     27938972        98.46
        1.45     0.990625     27938972       106.67
        1.46     0.991406     27971008       116.36
        1.46     0.992188     28006835       128.00
        1.46     0.992578     28006835       134.74
        1.46     0.992969     28006835       142.22
        1.47     0.993359     28045941       150.59
        1.47     0.993750     28045941       160.00
        1.47     0.994141     28045941       170.67
        1.48     0.994531     28084366       182.86
        1.48     0.994922     28084366       196.92
        1.48     0.995313     28084366       213.33
        1.48     0.995703     28084366       232.73
        1.49     0.996094     28117730       256.00
        1.49     0.996289     28117730       269.47
        1.49     0.996484     28117730       284.44
        1.49     0.996680     28117730       301.18
        1.49     0.996875     28117730       320.00
        1.50     0.997070     28143546       341.33
        1.50     0.997266     28143546       365.71
        1.50     0.997461     28143546       393.85
        1.50     0.997656     28143546       426.67
        1.50     0.997852     28143546       465.45
        1.50     0.998047     28161857       512.00
        1.50     0.998145     28161857       538.95
        1.50     0.998242     28161857       568.89
        1.50     0.998340     28161857       602.35
        1.50     0.998437     28161857       640.00
        1.50     0.998535     28161857       682.67
        1.51     0.998633     28173954       731.43
        1.51     0.998730     28173954       787.69
        1.51     0.998828     28173954       853.33
        1.51     0.998926     28173954       930.91
        1.51     0.999023     28173954      1024.00
        1.52     0.999072     28181295      1077.89
        1.52     0.999121     28181295      1137.78
        1.52     0.999170     28181295      1204.71
        1.52     0.999219     28181295      1280.00
        1.52     0.999268     28181295      1365.33
        1.53     0.999316     28185862      1462.86
        1.53     0.999365     28185862      1575.38
        1.53     0.999414     28185862      1706.67
        1.53     0.999463     28185862      1861.82
        1.53     0.999512     28188798      2048.00
        1.53     0.999536     28188798      2155.79
        1.53     0.999561     28188798      2275.56
        1.54     0.999585     28190802      2409.41
        1.54     0.999609     28190802      2560.00
        1.54     0.999634     28190802      2730.67
        1.55     0.999658     28192358      2925.71
        1.55     0.999683     28192358      3150.77
        1.56     0.999707     28193523      3413.33
        1.56     0.999731     28193523      3723.64
        1.57     0.999756     28194453      4096.00
        1.57     0.999768     28194453      4311.58
        1.57     0.999780     28195284      4551.11
        1.57     0.999792     28195284      4818.82
        1.58     0.999805     28196024      5120.00
        1.58     0.999817     28196024      5461.33
        1.59     0.999829     28196772      5851.43
        1.59     0.999841     28196772      6301.54
        1.60     0.999854     28197447      6826.67
        1.60     0.999866     28197447      7447.27
        1.61     0.999878     28198102      8192.00
        1.61     0.999884     28198102      8623.16
        1.61     0.999890     28198102      9102.22
        1.61     0.999896     28198102      9637.65
        1.61     0.999902     28198612     10240.00
        1.61     0.999908     28198612     10922.67
        1.61     0.999915     28198612     11702.86
        1.62     0.999921     28199013     12603.08
        1.62     0.999927     28199013     13653.33
        1.63     0.999933     28199318     14894.55
        1.63     0.999939     28199318     16384.00
        1.63     0.999942     28199318     17246.32
        1.64     0.999945     28199521     18204.44
        1.64     0.999948     28199521     19275.29
        1.65     0.999951     28199648     20480.00
        1.65     0.999954     28199648     21845.33
        1.66     0.999957     28199745     23405.71
        1.66     0.999960     28199800     25206.15
        1.68     0.999963     28199883     27306.67
        1.71     0.999966     28199986     29789.09
        1.74     0.999969     28200069     32768.00
        1.76     0.999971     28200112     34492.63
        1.77     0.999973     28200146     36408.89
        1.80     0.999974     28200184     38550.59
        1.83     0.999976     28200234     40960.00
        1.86     0.999977     28200273     43690.67
        1.90     0.999979     28200315     46811.43
        1.94     0.999980     28200360     50412.31
        2.01     0.999982     28200406     54613.33
        2.06     0.999983     28200452     59578.18
        2.11     0.999985     28200490     65536.00
        2.13     0.999986     28200510     68985.26
        2.14     0.999986     28200527     72817.78
        2.17     0.999987     28200563     77101.18
        2.19     0.999988     28200580     81920.00
        2.21     0.999989     28200597     87381.33
        2.24     0.999989     28200617     93622.86
        2.27     0.999990     28200639    100824.62
        2.30     0.999991     28200665    109226.67
        2.33     0.999992     28200682    119156.36
        2.43     0.999992     28200699    131072.00
        2.53     0.999993     28200711    137970.53
        2.61     0.999993     28200721    145635.56
        2.77     0.999994     28200732    154202.35
        4.58     0.999994     28200791    163840.00
        4.58     0.999994     28200791    174762.67
        4.58     0.999995     28200791    187245.71
        4.58     0.999995     28200791    201649.23
        4.58     0.999995     28200791    218453.33
        4.61     0.999996     28200810    238312.73
        4.61     0.999996     28200810    262144.00
        5.02     0.999996     28200836    275941.05
        5.02     0.999997     28200836    291271.11
        5.02     0.999997     28200836    308404.71
        5.02     0.999997     28200836    327680.00
        5.02     0.999997     28200836    349525.33
        5.05     0.999997     28200907    374491.43
        5.05     0.999998     28200907    403298.46
        5.05     0.999998     28200907    436906.67
        5.05     0.999998     28200907    476625.45
        5.05     0.999998     28200907    524288.00
        5.05     0.999998     28200907    551882.11
        5.05     0.999998     28200907    582542.22
        5.05     0.999998     28200907    616809.41
        5.05     0.999998     28200907    655360.00
        5.05     0.999999     28200907    699050.67
        5.05     0.999999     28200907    748982.86
        5.05     0.999999     28200907    806596.92
        5.05     0.999999     28200907    873813.33
        5.05     0.999999     28200907    953250.91
        5.05     0.999999     28200907   1048576.00
        5.05     0.999999     28200907   1103764.21
        5.05     0.999999     28200907   1165084.44
        5.05     0.999999     28200907   1233618.82
        5.05     0.999999     28200907   1310720.00
        5.05     0.999999     28200907   1398101.33
        5.05     0.999999     28200907   1497965.71
        5.05     0.999999     28200907   1613193.85
        5.05     0.999999     28200907   1747626.67
        5.05     0.999999     28200907   1906501.82
        5.05     1.000000     28200907   2097152.00
        5.05     1.000000     28200907   2207528.42
        5.05     1.000000     28200907   2330168.89
        5.05     1.000000     28200907   2467237.65
        5.05     1.000000     28200907   2621440.00
        5.05     1.000000     28200907   2796202.67
        5.05     1.000000     28200907   2995931.43
        5.05     1.000000     28200907   3226387.69
        5.05     1.000000     28200907   3495253.33
        5.05     1.000000     28200907   3813003.64
        5.12     1.000000     28200908   4194304.00
        5.12     1.000000     28200908   4415056.84
        5.12     1.000000     28200908   4660337.78
        5.15     1.000000     28200910   4934475.29
        5.15     1.000000     28200910   5242880.00
        5.15     1.000000     28200910   5592405.33
        5.15     1.000000     28200910   5991862.86
        5.15     1.000000     28200910   6452775.39
        5.15     1.000000     28200910   6990506.67
        5.79     1.000000     28200912   7626007.28
        5.79     1.000000     28200912   8388608.00
        5.79     1.000000     28200912   8830113.68
        5.79     1.000000     28200912   9320675.55
        5.79     1.000000     28200912   9868950.59
        5.79     1.000000     28200912  10485760.00
        5.79     1.000000     28200912  11184810.67
        5.79     1.000000     28200912  11983725.71
        5.79     1.000000     28200912  12905550.76
        5.79     1.000000     28200912  13981013.34
        5.82     1.000000     28200914  15252014.55
        5.82     1.000000     28200914          inf
#[Mean    =        0.697, StdDeviation   =        0.175]
#[Max     =        5.823, Total count    =     28200914]
#[Buckets =           20, SubBuckets     =          256]
