       Value   Percentile   TotalCount 1/(1-Percentile)

        0.02     0.000000         8346         1.00
        0.46     0.050000      1412871         1.05
        0.72     0.100000      2862394         1.11
        0.78     0.150000      4245958         1.18
        0.80     0.200000      6584863         1.25
        0.81     0.250000      7768978         1.33
        0.81     0.300000      9154105         1.43
        0.82     0.350000     10703431         1.54
        0.83     0.400000     12364192         1.67
        0.84     0.450000     14070794         1.82
        0.85     0.500000     15762696         2.00
        0.85     0.525000     15762696         2.11
        0.85     0.550000     15762696         2.22
        0.85     0.575000     17375437         2.35
        0.85     0.600000     17375437         2.50
        0.86     0.625000     18867788         2.67
        0.86     0.650000     18867788         2.86
        0.87     0.675000     20225711         3.08
        0.87     0.700000     20225711         3.33
        0.88     0.725000     21422616         3.64
        0.88     0.750000     21422616         4.00
        0.89     0.762500     22456371         4.21
        0.89     0.775000     22456371         4.44
        0.89     0.787500     22456371         4.71
        0.90     0.800000     23341634         5.00
        0.90     0.812500     23341634         5.33
        0.90     0.825000     23341634         5.71
        0.90     0.837500     24082834         6.15
        0.90     0.850000     24082834         6.67
        0.91     0.862500     24701392         7.27
        0.91     0.875000     24701392         8.00
        0.92     0.881250     25213869         8.42
        0.92     0.887500     25213869         8.89
        0.92     0.893750     25213869         9.41
        0.93     0.900000     25618887        10.00
        0.93     0.906250     25618887        10.67
        0.94     0.912500     25936417        11.43
        0.94     0.918750     25936417        12.31
        0.94     0.925000     26182687        13.33
        0.95     0.931250     26374319        14.55
        0.96     0.937500     26520686        16.00
        0.96     0.940625     26520686        16.84
        0.97     0.943750     26629247        17.78
        0.97     0.946875     26711205        18.82
        0.98     0.950000     26776495        20.00
        1.00     0.953125     26867598        21.33
        1.02     0.956250     26948583        22.86
        1.06     0.959375     27031507        24.62
        1.13     0.962500     27130575        26.67
        1.18     0.965625     27217316        29.09
        1.22     0.968750     27297362        32.00
        1.24     0.970313     27342355        33.68
        1.27     0.971875     27393350        35.56
        1.30     0.973437     27432330        37.65
        1.35     0.975000     27472036        40.00
        1.48     0.976562     27516958        42.67
        1.56     0.978125     27563734        45.71
        1.59     0.979688     27606049        49.23
        1.61     0.981250     27652693        53.33
        1.64     0.982812     27711898        58.18
        1.66     0.984375     27756999        64.00
        1.66     0.985156     27780580        67.37
        1.66     0.985938     27780580        71.11
        1.67     0.986719     27804494        75.29
        1.68     0.987500     27828484        80.00
        1.69     0.988281     27852555        85.33
        1.70     0.989062     27875679        91.43
        1.70     0.989844     27898291        98.46
        1.71     0.990625     27919629       106.67
        1.72     0.991406     27940156       116.36
        1.73     0.992188     27959222       128.00
        1.74     0.992578     27976817       134.74
        1.74     0.992969     27993293       142.22
        1.74     0.993359     27993293       150.59
        1.75     0.993750     28008445       160.00
        1.76     0.994141     28022343       170.67
        1.76     0.994531     28022343       182.86
        1.77     0.994922     28035268       196.92
        1.77     0.995313     28047221       213.33
        1.78     0.995703     28058177       232.73
        1.79     0.996094     28068116       256.00
        1.80     0.996289     28077321       269.47
        1.80     0.996484     28077321       284.44
        1.81     0.996680     28085662       301.18
        1.81     0.996875     28093199       320.00
        1.81     0.997070     28093199       341.33
        1.82     0.997266     28099729       365.71
        1.83     0.997461     28105357       393.85
        1.84     0.997656     28110367       426.67
        1.85     0.997852     28118160       465.45
        1.86     0.998047     28121097       512.00
        1.87     0.998145     28123535       538.95
        1.89     0.998242     28126900       568.89
        1.90     0.998340     28129218       602.35
        1.94     0.998437     28132025       640.00
        1.97     0.998535     28135261       682.67
        1.98     0.998633     28137900       731.43
        2.00     0.998730     28141431       787.69
        2.01     0.998828     28143568       853.33
        2.02     0.998926     28146079       930.91
        2.02     0.999023     28148842      1024.00
        2.03     0.999072     28151871      1077.89
        2.03     0.999121     28151871      1137.78
        2.04     0.999170     28154196      1204.71
        2.04     0.999219     28154196      1280.00
        2.05     0.999268     28156512      1365.33
        2.05     0.999316     28156512      1462.86
        2.06     0.999365     28160002      1575.38
        2.06     0.999414     28160002      1706.67
        2.08     0.999463     28162869      1861.82
        2.08     0.999512     28162869      2048.00
        2.08     0.999536     28162869      2155.79
        2.10     0.999561     28165154      2275.56
        2.10     0.999585     28165154      2409.41
        2.10     0.999609     28165154      2560.00
        2.11     0.999634     28166912      2730.67
        2.11     0.999658     28166912      2925.71
        2.11     0.999683     28166912      3150.77
        2.13     0.999707     28168419      3413.33
        2.13     0.999731     28168419      3723.64
        2.14     0.999756     28169265      4096.00
        2.14     0.999768     28169265      4311.58
        2.16     0.999780     28169496      4551.11
        2.19     0.999792     28169809      4818.82
        2.25     0.999805     28170167      5120.00
        2.33     0.999817     28170514      5461.33
        2.38     0.999829     28170845      5851.43
        2.43     0.999841     28171290      6301.54
        2.46     0.999854     28171586      6826.67
        2.50     0.999866     28171893      7447.27
        2.56     0.999878     28172256      8192.00
        2.59     0.999884     28172343      8623.16
        2.69     0.999890     28172527      9102.22
        2.77     0.999896     28172733      9637.65
        2.81     0.999902     28172930     10240.00
        2.83     0.999908     28173051     10922.67
        2.86     0.999915     28173313     11702.86
        2.88     0.999921     28173490     12603.08
        2.90     0.999927     28173663     13653.33
        2.91     0.999933     28173811     14894.55
        2.93     0.999939     28173957     16384.00
        2.94     0.999942     28174091     17246.32
        2.94     0.999945     28174091     18204.44
        2.96     0.999948     28174211     19275.29
        2.98     0.999951     28174300     20480.00
        2.99     0.999954     28174364     21845.33
        3.01     0.999957     28174408     23405.71
        3.04     0.999960     28174497     25206.15
        3.20     0.999963     28174580     27306.67
        3.44     0.999966     28174667     29789.09
        4.06     0.999969     28174754     32768.00
        4.22     0.999971     28174794     34492.63
        4.67     0.999973     28174855     36408.89
        4.70     0.999974     28174909     38550.59
        4.80     0.999976     28174948     40960.00
        4.83     0.999977     28174983     43690.67
        4.89     0.999979     28175051     46811.43
        4.93     0.999980     28175129     50412.31
        4.93     0.999982     28175129     54613.33
        4.96     0.999983     28175159     59578.18
        4.99     0.999985     28175187     65536.00
        5.38     0.999986     28175206     68985.26
        5.47     0.999986     28175225     72817.78
        5.57     0.999987     28175258     77101.18
        5.60     0.999988     28175278     81920.00
        5.70     0.999989     28175290     87381.33
        5.86     0.999989     28175312     93622.86
        6.50     0.999990     28175332    100824.62
        6.59     0.999991     28175363    109226.67
        6.66     0.999992     28175382    119156.36
        6.72     0.999992     28175397    131072.00
        7.23     0.999993     28175410    137970.53
       14.53     0.999993     28175422    145635.56
       14.59     0.999994     28175437    154202.35
       14.65     0.999994     28175461    163840.00
       14.65     0.999994     28175461    174762.67
       14.65     0.999995     28175461    187245.71
       14.72     0.999995     28175493    201649.23
       14.72     0.999995     28175493    218453.33
       14.72     0.999996     28175493    238312.73
       15.04     0.999996     28175503    262144.00
       15.10     0.999996     28175509    275941.05
       48.38     0.999997     28175584    291271.11
       48.38     0.999997     28175584    308404.71
       48.38     0.999997     28175584    327680.00
       48.38     0.999997     28175584    349525.33
       48.38     0.999997     28175584    374491.43
       48.38     0.999998     28175584    403298.46
       48.38     0.999998     28175584    436906.67
       48.38     0.999998     28175584    476625.45
       48.38     0.999998     28175584    524288.00
       48.38     0.999998     28175584    551882.11
       48.38     0.999998     28175584    582542.22
       48.38     0.999998     28175584    616809.41
       48.38     0.999998     28175584    655360.00
       48.38     0.999999     28175584    699050.67
       48.38     0.999999     28175584    748982.86
       48.38     0.999999     28175584    806596.92
       48.38     0.999999     28175584    873813.33
       48.38     0.999999     28175584    953250.91
       48.38     0.999999     28175584   1048576.00
       48.64     0.999999     28175605   1103764.21
       48.64     0.999999     28175605   1165084.44
       48.64     0.999999     28175605   1233618.82
       48.64     0.999999     28175605   1310720.00
       48.64     0.999999     28175605   1398101.33
       48.64     0.999999     28175605   1497965.71
       48.64     0.999999     28175605   1613193.85
       48.64     0.999999     28175605   1747626.67
       48.64     0.999999     28175605   1906501.82
       48.64     1.000000     28175605   2097152.00
       48.64     1.000000     28175605   2207528.42
       48.64     1.000000     28175605   2330168.89
       48.64     1.000000     28175605   2467237.65
       48.64     1.000000     28175605   2621440.00
       48.64     1.000000     28175605   2796202.67
       48.64     1.000000     28175605   2995931.43
       48.64     1.000000     28175605   3226387.69
       48.64     1.000000     28175605   3495253.33
       48.64     1.000000     28175605   3813003.64
       48.64     1.000000     28175605   4194304.00
       48.64     1.000000     28175605   4415056.84
       48.64     1.000000     28175605   4660337.78
       48.64     1.000000     28175605   4934475.29
       48.64     1.000000     28175605   5242880.00
       48.64     1.000000     28175605   5592405.33
       49.41     1.000000     28175606   5991862.86
       49.41     1.000000     28175606   6452775.39
       49.41     1.000000     28175606   6990506.67
       49.66     1.000000     28175607   7626007.28
       49.66     1.000000     28175607   8388608.00
       49.66     1.000000     28175607   8830113.68
       49.66     1.000000     28175607   9320675.55
       62.98     1.000000     28175610   9868950.59
       62.98     1.000000     28175610          inf
#[Mean    =        0.832, StdDeviation   =        0.233]
#[Max     =       62.975, Total count    =     28175610]
#[Buckets =           20, SubBuckets     =          256]
