       Value   Percentile   TotalCount 1/(1-Percentile)

        0.28     0.000000            1         1.00
        1.84     0.050000      2882628         1.05
        1.88     0.100000      6102695         1.11
        1.90     0.150000      8786466         1.18
        1.93     0.200000     11924717         1.25
        1.95     0.250000     15310251         1.33
        1.97     0.300000     17584336         1.43
        1.99     0.350000     20827073         1.54
        2.01     0.400000     22795597         1.67
        2.04     0.450000     26113497         1.82
        2.08     0.500000     28971997         2.00
        2.11     0.525000     30375485         2.11
        2.16     0.550000     31500849         2.22
        2.81     0.575000     32687405         2.35
        2.98     0.600000     34309852         2.50
        3.04     0.625000     35695117         2.67
        3.09     0.650000     37091506         2.86
        3.13     0.675000     38797307         3.08
        3.17     0.700000     40093105         3.33
        3.20     0.725000     41483662         3.64
        3.23     0.750000     42932800         4.00
        3.25     0.762500     43657832         4.21
        3.26     0.775000     44374217         4.44
        3.28     0.787500     45073307         4.71
        3.29     0.800000     45744434         5.00
        3.31     0.812500     46378125         5.33
        3.33     0.825000     46973555         5.71
        3.36     0.837500     48038458         6.15
        3.38     0.850000     48511059         6.67
        3.41     0.862500     49368526         7.27
        3.42     0.875000     49770348         8.00
        3.44     0.881250     50167012         8.42
        3.46     0.887500     50574010         8.89
        3.47     0.893750     50986076         9.41
        3.49     0.900000     51413712        10.00
        3.50     0.906250     51852731        10.67
        3.50     0.912500     51852731        11.43
        3.52     0.918750     52299949        12.31
        3.54     0.925000     52742065        13.33
        3.55     0.931250     53179889        14.55
        3.57     0.937500     53598430        16.00
        3.57     0.940625     53598430        16.84
        3.58     0.943750     53997259        17.78
        3.58     0.946875     53997259        18.82
        3.58     0.950000     53997259        20.00
        3.60     0.953125     54361892        21.33
        3.60     0.956250     54361892        22.86
        3.62     0.959375     54688317        24.62
        3.62     0.962500     54688317        26.67
        3.63     0.965625     54976741        29.09
        3.65     0.968750     55226406        32.00
        3.65     0.970313     55226406        33.68
        3.65     0.971875     55226406        35.56
        3.66     0.973437     55441351        37.65
        3.66     0.975000     55441351        40.00
        3.68     0.976562     55621279        42.67
        3.68     0.978125     55621279        45.71
        3.69     0.979688     55771222        49.23
        3.69     0.981250     55771222        53.33
        3.71     0.982812     55898935        58.18
        3.73     0.984375     56007953        64.00
        3.73     0.985156     56007953        67.37
        3.73     0.985938     56007953        71.11
        3.74     0.986719     56100529        75.29
        3.74     0.987500     56100529        80.00
        3.76     0.988281     56181908        85.33
        3.76     0.989062     56181908        91.43
        3.77     0.989844     56254960        98.46
        3.79     0.990625     56321158       106.67
        3.79     0.991406     56321158       116.36
        3.81     0.992188     56381157       128.00
        3.81     0.992578     56381157       134.74
        3.82     0.992969     56435553       142.22
        3.82     0.993359     56435553       150.59
        3.84     0.993750     56484960       160.00
        3.84     0.994141     56484960       170.67
        3.85     0.994531     56529947       182.86
        3.85     0.994922     56529947       196.92
        3.87     0.995313     56570001       213.33
        3.87     0.995703     56570001       232.73
        3.89     0.996094     56605846       256.00
        3.89     0.996289     56605846       269.47
        3.89     0.996484     56605846       284.44
        3.90     0.996680     56637444       301.18
        3.90     0.996875     56637444       320.00
        3.90     0.997070     56637444       341.33
        3.92     0.997266     56664642       365.71
        3.92     0.997461     56664642       393.85
        3.94     0.997656     56687197       426.67
        3.94     0.997852     56687197       465.45
        3.95     0.998047     56706021       512.00
        3.95     0.998145     56706021       538.95
        3.95     0.998242     56706021       568.89
        3.95     0.998340     56706021       602.35
        3.97     0.998437     56721269       640.00
        3.97     0.998535     56721269       682.67
        3.98     0.998633     56734320       731.43
        3.98     0.998730     56734320       787.69
        3.98     0.998828     56734320       853.33
        4.00     0.998926     56744700       930.91
        4.00     0.999023     56744700      1024.00
        4.01     0.999072     56753173      1077.89
        4.01     0.999121     56753173      1137.78
        4.01     0.999170     56753173      1204.71
        4.03     0.999219     56759719      1280.00
        4.03     0.999268     56759719      1365.33
        4.05     0.999316     56764977      1462.86
        4.05     0.999365     56764977      1575.38
        4.06     0.999414     56769384      1706.67
        4.06     0.999463     56769384      1861.82
        4.08     0.999512     56772733      2048.00
        4.09     0.999536     56775410      2155.79
        4.09     0.999561     56775410      2275.56
        4.13     0.999585     56779479      2409.41
        4.13     0.999609     56779479      2560.00
        4.13     0.999634     56779479      2730.67
        4.16     0.999658     56782062      2925.71
        4.16     0.999683     56782062      3150.77
        4.19     0.999707     56784090      3413.33
        4.22     0.999731     56785651      3723.64
        4.22     0.999756     56785651      4096.00
        4.25     0.999768     56787004      4311.58
        4.25     0.999780     56787004      4551.11
        4.29     0.999792     56788254      4818.82
        4.32     0.999805     56789307      5120.00
        4.32     0.999817     56789307      5461.33
        4.35     0.999829     56790190      5851.43
        4.38     0.999841     56791062      6301.54
        4.42     0.999854     56791870      6826.67
        4.42     0.999866     56791870      7447.27
        4.45     0.999878     56792628      8192.00
        4.48     0.999884     56793296      8623.16
        4.48     0.999890     56793296      9102.22
        4.51     0.999896     56793984      9637.65
        4.51     0.999902     56793984     10240.00
        4.54     0.999908     56794589     10922.67
        4.54     0.999915     56794589     11702.86
        4.58     0.999921     56795236     12603.08
        4.61     0.999927     56795746     13653.33
        4.61     0.999933     56795746     14894.55
        4.64     0.999939     56796208     16384.00
        4.64     0.999942     56796208     17246.32
        4.67     0.999945     56796613     18204.44
        4.67     0.999948     56796613     19275.29
        4.70     0.999951     56796964     20480.00
        4.70     0.999954     56796964     21845.33
        4.74     0.999957     56797277     23405.71
        4.74     0.999960     56797277     25206.15
        4.77     0.999963     56797497     27306.67
        4.80     0.999966     56797704     29789.09
        4.80     0.999969     56797704     32768.00
        4.83     0.999971     56797905     34492.63
        4.83     0.999973     56797905     36408.89
        4.86     0.999974     56798109     38550.59
        4.86     0.999976     56798109     40960.00
        4.86     0.999977     56798109     43690.67
        4.89     0.999979     56798283     46811.43
        4.89     0.999980     56798283     50412.31
        4.93     0.999982     56798460     54613.33
        4.93     0.999983     56798460     59578.18
        4.96     0.999985     56798570     65536.00
        4.99     0.999986     56798670     68985.26
        4.99     0.999986     56798670     72817.78
        4.99     0.999987     56798670     77101.18
        5.02     0.999988     56798747     81920.00
        5.05     0.999989     56798827     87381.33
        5.05     0.999989     56798827     93622.86
        5.09     0.999990     56798896    100824.62
        5.09     0.999991     56798896    109226.67
        5.12     0.999992     56798989    119156.36
        5.12     0.999992     56798989    131072.00
        5.15     0.999993     56799042    137970.53
        5.15     0.999993     56799042    145635.56
        5.15     0.999994     56799042    154202.35
        5.18     0.999994     56799102    163840.00
        5.18     0.999994     56799102    174762.67
        5.18     0.999995     56799102    187245.71
        5.21     0.999995     56799160    201649.23
        5.21     0.999995     56799160    218453.33
        5.25     0.999996     56799197    238312.73
        5.25     0.999996     56799197    262144.00
        5.28     0.999996     56799217    275941.05
        5.28     0.999997     56799217    291271.11
        5.31     0.999997     56799243    308404.71
        5.31     0.999997     56799243    327680.00
        5.31     0.999997     56799243    349525.33
        5.34     0.999997     56799258    374491.43
        5.38     0.999998     56799277    403298.46
        5.38     0.999998     56799277    436906.67
        5.41     0.999998     56799298    476625.45
        5.41     0.999998     56799298    524288.00
        5.44     0.999998     56799317    551882.11
        5.44     0.999998     56799317    582542.22
        5.44     0.999998     56799317    616809.41
        5.47     0.999998     56799336    655360.00
        5.47     0.999999     56799336    699050.67
        5.47     0.999999     56799336    748982.86
        5.47     0.999999     56799336    806596.92
        5.50     0.999999     56799358    873813.33
        5.50     0.999999     56799358    953250.91
        5.50     0.999999     56799358   1048576.00
        5.50     0.999999     56799358   1103764.21
        5.50     0.999999     56799358   1165084.44
        5.50     0.999999     56799358   1233618.82
        5.54     0.999999     56799366   1310720.00
        5.54     0.999999     56799366   1398101.33
        5.57     0.999999     56799370   1497965.71
        5.57     0.999999     56799370   1613193.85
        5.60     0.999999     56799384   1747626.67
        5.60     0.999999     56799384   1906501.82
        5.60     1.000000     56799384   2097152.00
        5.60     1.000000     56799384   2207528.42
        5.60     1.000000     56799384   2330168.89
        5.60     1.000000     56799384   2467237.65
        5.60     1.000000     56799384   2621440.00
        5.60     1.000000     56799384   2796202.67
        5.63     1.000000     56799389   2995931.43
        5.63     1.000000     56799389   3226387.69
        5.63     1.000000     56799389   3495253.33
        5.66     1.000000     56799391   3813003.64
        5.66     1.000000     56799391   4194304.00
        5.70     1.000000     56799393   4415056.84
        5.70     1.000000     56799393   4660337.78
        5.70     1.000000     56799393   4934475.29
        5.73     1.000000     56799396   5242880.00
        5.73     1.000000     56799396   5592405.33
        5.73     1.000000     56799396   5991862.86
        5.73     1.000000     56799396   6452775.39
        5.73     1.000000     56799396   6990506.67
        5.86     1.000000     56799399   7626007.28
        5.86     1.000000     56799399   8388608.00
        5.86     1.000000     56799399   8830113.68
        5.86     1.000000     56799399   9320675.55
        5.86     1.000000     56799399   9868950.59
        5.86     1.000000     56799399  10485760.00
        5.86     1.000000     56799399  11184810.67
        5.92     1.000000     56799403  11983725.71
        5.92     1.000000     56799403  12905550.76
        5.92     1.000000     56799403  13981013.34
        5.92     1.000000     56799403  15252014.55
        5.92     1.000000     56799403  16777216.00
        5.92     1.000000     56799403  17660227.38
        5.92     1.000000     56799403  18641351.10
        5.92     1.000000     56799403  19737901.19
        5.92     1.000000     56799403  20971519.98
        5.92     1.000000     56799403  22369621.33
        5.92     1.000000     56799403  23967451.45
        5.92     1.000000     56799403  25811101.52
        5.92     1.000000     56799403  27962026.68
        5.92     1.000000     56799403  30504029.05
        5.92     1.000000     56799403  33554432.00
        5.92     1.000000     56799403  35320454.76
        5.92     1.000000     56799403  37282702.28
        5.92     1.000000     56799403  39475802.28
        5.92     1.000000     56799403  41943039.96
        5.92     1.000000     56799403  44739242.67
        5.92     1.000000     56799403  47934902.91
        5.92     1.000000     56799403  51622203.20
        5.92     1.000000     56799403  55924053.19
        6.08     1.000000     56799404  61008058.10
        6.08     1.000000     56799404          inf
#[Mean    =        2.534, StdDeviation   =        0.679]
#[Max     =        6.079, Total count    =     56799404]
#[Buckets =           20, SubBuckets     =          256]
