       Value   Percentile   TotalCount 1/(1-Percentile)

        0.28     0.000000            1         1.00
        1.84     0.050000      2882708         1.05
        1.88     0.100000      6102891         1.11
        1.90     0.150000      8786780         1.18
        1.93     0.200000     11925195         1.25
        1.95     0.250000     15311029         1.33
        1.97     0.300000     17585316         1.43
        1.99     0.350000     20828379         1.54
        2.01     0.400000     22797072         1.67
        2.04     0.450000     26115298         1.82
        2.08     0.500000     28973845         2.00
        2.11     0.525000     30377165         2.11
        2.16     0.550000     31502083         2.22
        2.81     0.575000     32687601         2.35
        2.98     0.600000     34309964         2.50
        3.04     0.625000     35695132         2.67
        3.09     0.650000     37091417         2.86
        3.13     0.675000     38797078         3.08
        3.17     0.700000     40092769         3.33
        3.20     0.725000     41483201         3.64
        3.23     0.750000     42932201         4.00
        3.25     0.762500     43657197         4.21
        3.26     0.775000     44373534         4.44
        3.28     0.787500     45072582         4.71
        3.29     0.800000     45743676         5.00
        3.31     0.812500     46377336         5.33
        3.33     0.825000     46972750         5.71
        3.36     0.837500     48037684         6.15
        3.38     0.850000     48510283         6.67
        3.41     0.862500     49367799         7.27
        3.42     0.875000     49769670         8.00
        3.44     0.881250     50166390         8.42
        3.46     0.887500     50573465         8.89
        3.47     0.893750     50985599         9.41
        3.49     0.900000     51413307        10.00
        3.50     0.906250     51852384        10.67
        3.50     0.912500     51852384        11.43
        3.52     0.918750     52299680        12.31
        3.54     0.925000     52741899        13.33
        3.55     0.931250     53179780        14.55
        3.57     0.937500     53598386        16.00
        3.57     0.940625     53598386        16.84
        3.58     0.943750     53997287        17.78
        3.58     0.946875     53997287        18.82
        3.58     0.950000     53997287        20.00
        3.60     0.953125     54361964        21.33
        3.60     0.956250     54361964        22.86
        3.62     0.959375     54688423        24.62
        3.62     0.962500     54688423        26.67
        3.63     0.965625     54976867        29.09
        3.65     0.968750     55226547        32.00
        3.65     0.970313     55226547        33.68
        3.65     0.971875     55226547        35.56
        3.66     0.973437     55441499        37.65
        3.66     0.975000     55441499        40.00
        3.68     0.976562     55621413        42.67
        3.68     0.978125     55621413        45.71
        3.69     0.979688     55771364        49.23
        3.69     0.981250     55771364        53.33
        3.71     0.982812     55899074        58.18
        3.73     0.984375     56008094        64.00
        3.73     0.985156     56008094        67.37
        3.73     0.985938     56008094        71.11
        3.74     0.986719     56100645        75.29
        3.74     0.987500     56100645        80.00
        3.76     0.988281     56182014        85.33
        3.76     0.989062     56182014        91.43
        3.77     0.989844     56255060        98.46
        3.79     0.990625     56321260       106.67
        3.79     0.991406     56321260       116.36
        3.81     0.992188     56381255       128.00
        3.81     0.992578     56381255       134.74
        3.82     0.992969     56435652       142.22
        3.82     0.993359     56435652       150.59
        3.84     0.993750     56485055       160.00
        3.84     0.994141     56485055       170.67
        3.85     0.994531     56530029       182.86
        3.85     0.994922     56530029       196.92
        3.87     0.995313     56570081       213.33
        3.87     0.995703     56570081       232.73
        3.89     0.996094     56605924       256.00
        3.89     0.996289     56605924       269.47
        3.89     0.996484     56605924       284.44
        3.90     0.996680     56637523       301.18
        3.90     0.996875     56637523       320.00
        3.90     0.997070     56637523       341.33
        3.92     0.997266     56664722       365.71
        3.92     0.997461     56664722       393.85
        3.94     0.997656     56687274       426.67
        3.94     0.997852     56687274       465.45
        3.95     0.998047     56706103       512.00
        3.95     0.998145     56706103       538.95
        3.95     0.998242     56706103       568.89
        3.95     0.998340     56706103       602.35
        3.97     0.998437     56721354       640.00
        3.97     0.998535     56721354       682.67
        3.98     0.998633     56734408       731.43
        3.98     0.998730     56734408       787.69
        3.98     0.998828     56734408       853.33
        4.00     0.998926     56744791       930.91
        4.00     0.999023     56744791      1024.00
        4.01     0.999072     56753272      1077.89
        4.01     0.999121     56753272      1137.78
        4.01     0.999170     56753272      1204.71
        4.03     0.999219     56759822      1280.00
        4.03     0.999268     56759822      1365.33
        4.05     0.999316     56765086      1462.86
        4.05     0.999365     56765086      1575.38
        4.06     0.999414     56769495      1706.67
        4.06     0.999463     56769495      1861.82
        4.08     0.999512     56772844      2048.00
        4.09     0.999536     56775521      2155.79
        4.09     0.999561     56775521      2275.56
        4.13     0.999585     56779589      2409.41
        4.13     0.999609     56779589      2560.00
        4.13     0.999634     56779589      2730.67
        4.16     0.999658     56782170      2925.71
        4.16     0.999683     56782170      3150.77
        4.19     0.999707     56784199      3413.33
        4.22     0.999731     56785760      3723.64
        4.22     0.999756     56785760      4096.00
        4.25     0.999768     56787113      4311.58
        4.25     0.999780     56787113      4551.11
        4.29     0.999792     56788363      4818.82
        4.32     0.999805     56789416      5120.00
        4.32     0.999817     56789416      5461.33
        4.35     0.999829     56790299      5851.43
        4.38     0.999841     56791171      6301.54
        4.42     0.999854     56791980      6826.67
        4.42     0.999866     56791980      7447.27
        4.45     0.999878     56792738      8192.00
        4.48     0.999884     56793405      8623.16
        4.48     0.999890     56793405      9102.22
        4.51     0.999896     56794092      9637.65
        4.51     0.999902     56794092     10240.00
        4.54     0.999908     56794696     10922.67
        4.54     0.999915     56794696     11702.86
        4.58     0.999921     56795344     12603.08
        4.58     0.999927     56795344     13653.33
        4.61     0.999933     56795854     14894.55
        4.64     0.999939     56796316     16384.00
        4.64     0.999942     56796316     17246.32
        4.67     0.999945     56796718     18204.44
        4.67     0.999948     56796718     19275.29
        4.70     0.999951     56797069     20480.00
        4.70     0.999954     56797069     21845.33
        4.74     0.999957     56797382     23405.71
        4.74     0.999960     56797382     25206.15
        4.77     0.999963     56797601     27306.67
        4.77     0.999966     56797601     29789.09
        4.80     0.999969     56797808     32768.00
        4.83     0.999971     56798008     34492.63
        4.83     0.999973     56798008     36408.89
        4.86     0.999974     56798212     38550.59
        4.86     0.999976     56798212     40960.00
        4.86     0.999977     56798212     43690.67
        4.89     0.999979     56798385     46811.43
        4.89     0.999980     56798385     50412.31
        4.93     0.999982     56798561     54613.33
        4.93     0.999983     56798561     59578.18
        4.96     0.999985     56798671     65536.00
        4.99     0.999986     56798772     68985.26
        4.99     0.999986     56798772     72817.78
        4.99     0.999987     56798772     77101.18
        5.02     0.999988     56798848     81920.00
        5.05     0.999989     56798928     87381.33
        5.05     0.999989     56798928     93622.86
        5.09     0.999990     56798997    100824.62
        5.09     0.999991     56798997    109226.67
        5.12     0.999992     56799090    119156.36
        5.12     0.999992     56799090    131072.00
        5.15     0.999993     56799143    137970.53
        5.15     0.999993     56799143    145635.56
        5.15     0.999994     56799143    154202.35
        5.18     0.999994     56799203    163840.00
        5.18     0.999994     56799203    174762.67
        5.18     0.999995     56799203    187245.71
        5.21     0.999995     56799260    201649.23
        5.21     0.999995     56799260    218453.33
        5.25     0.999996     56799297    238312.73
        5.25     0.999996     56799297    262144.00
        5.28     0.999996     56799317    275941.05
        5.28     0.999997     56799317    291271.11
        5.31     0.999997     56799343    308404.71
        5.31     0.999997     56799343    327680.00
        5.31     0.999997     56799343    349525.33
        5.34     0.999997     56799358    374491.43
        5.38     0.999998     56799377    403298.46
        5.38     0.999998     56799377    436906.67
        5.41     0.999998     56799398    476625.45
        5.41     0.999998     56799398    524288.00
        5.44     0.999998     56799417    551882.11
        5.44     0.999998     56799417    582542.22
        5.44     0.999998     56799417    616809.41
        5.47     0.999998     56799436    655360.00
        5.47     0.999999     56799436    699050.67
        5.47     0.999999     56799436    748982.86
        5.47     0.999999     56799436    806596.92
        5.50     0.999999     56799458    873813.33
        5.50     0.999999     56799458    953250.91
        5.50     0.999999     56799458   1048576.00
        5.50     0.999999     56799458   1103764.21
        5.50     0.999999     56799458   1165084.44
        5.50     0.999999     56799458   1233618.82
        5.54     0.999999     56799466   1310720.00
        5.54     0.999999     56799466   1398101.33
        5.57     0.999999     56799470   1497965.71
        5.57     0.999999     56799470   1613193.85
        5.60     0.999999     56799484   1747626.67
        5.60     0.999999     56799484   1906501.82
        5.60     1.000000     56799484   2097152.00
        5.60     1.000000     56799484   2207528.42
        5.60     1.000000     56799484   2330168.89
        5.60     1.000000     56799484   2467237.65
        5.60     1.000000     56799484   2621440.00
        5.60     1.000000     56799484   2796202.67
        5.63     1.000000     56799489   2995931.43
        5.63     1.000000     56799489   3226387.69
        5.63     1.000000     56799489   3495253.33
        5.66     1.000000     56799491   3813003.64
        5.66     1.000000     56799491   4194304.00
        5.70     1.000000     56799493   4415056.84
        5.70     1.000000     56799493   4660337.78
        5.70     1.000000     56799493   4934475.29
        5.73     1.000000     56799496   5242880.00
        5.73     1.000000     56799496   5592405.33
        5.73     1.000000     56799496   5991862.86
        5.73     1.000000     56799496   6452775.39
        5.73     1.000000     56799496   6990506.67
        5.86     1.000000     56799499   7626007.28
        5.86     1.000000     56799499   8388608.00
        5.86     1.000000     56799499   8830113.68
        5.86     1.000000     56799499   9320675.55
        5.86     1.000000     56799499   9868950.59
        5.86     1.000000     56799499  10485760.00
        5.86     1.000000     56799499  11184810.67
        5.92     1.000000     56799503  11983725.71
        5.92     1.000000     56799503  12905550.76
        5.92     1.000000     56799503  13981013.34
        5.92     1.000000     56799503  15252014.55
        5.92     1.000000     56799503  16777216.00
        5.92     1.000000     56799503  17660227.38
        5.92     1.000000     56799503  18641351.10
        5.92     1.000000     56799503  19737901.19
        5.92     1.000000     56799503  20971519.98
        5.92     1.000000     56799503  22369621.33
        5.92     1.000000     56799503  23967451.45
        5.92     1.000000     56799503  25811101.52
        5.92     1.000000     56799503  27962026.68
        5.92     1.000000     56799503  30504029.05
        5.92     1.000000     56799503  33554432.00
        5.92     1.000000     56799503  35320454.76
        5.92     1.000000     56799503  37282702.28
        5.92     1.000000     56799503  39475802.28
        5.92     1.000000     56799503  41943039.96
        5.92     1.000000     56799503  44739242.67
        5.92     1.000000     56799503  47934902.91
        5.92     1.000000     56799503  51622203.20
        5.92     1.000000     56799503  55924053.19
        6.08     1.000000     56799504  61008058.10
        6.08     1.000000     56799504          inf
#[Mean    =        2.534, StdDeviation   =        0.679]
#[Max     =        6.079, Total count    =     56799504]
#[Buckets =           20, SubBuckets     =          256]
