setex
calls
14082899
histogram_usec
1
5090532
2
11589920
4
13920523
8
14065314
16
14078506
33
14082505
66
14082876
132
14082893
264
14082896
528
14082897
1056
14082898
2113
14082899
latency|histogram
calls
1
histogram_usec
132
1
latency|latest
calls
2
histogram_usec
2
1
8
2
get
calls
14082851
histogram_usec
1
9851937
2
13785744
4
14072784
8
14081366
16
14082471
33
14082832
66
14082847
132
14082849
264
14082850
528
14082851
ping
calls
1
histogram_usec
33
1
info
calls
2
histogram_usec
264
2
dbsize
calls
1
histogram_usec
1
1
