       Value   Percentile   TotalCount 1/(1-Percentile)

        0.02     0.000000         6877         1.00
        0.46     0.050000       714892         1.05
        0.69     0.100000      1409540         1.11
        0.77     0.150000      2343059         1.18
        0.78     0.200000      3159930         1.25
        0.79     0.250000      3727030         1.33
        0.80     0.300000      4386367         1.43
        0.81     0.350000      5125452         1.54
        0.81     0.400000      5930931         1.67
        0.82     0.450000      6765389         1.82
        0.83     0.500000      7607632         2.00
        0.83     0.525000      7607632         2.11
        0.84     0.550000      8419689         2.22
        0.84     0.575000      8419689         2.35
        0.85     0.600000      9176750         2.50
        0.85     0.625000      9176750         2.67
        0.85     0.650000      9176750         2.86
        0.85     0.675000      9868003         3.08
        0.85     0.700000      9868003         3.33
        0.86     0.725000     10486825         3.64
        0.87     0.750000     11029808         4.00
        0.87     0.762500     11029808         4.21
        0.87     0.775000     11029808         4.44
        0.88     0.787500     11506719         4.71
        0.88     0.800000     11506719         5.00
        0.88     0.812500     11506719         5.33
        0.89     0.825000     11915508         5.71
        0.89     0.837500     11915508         6.15
        0.90     0.850000     12259739         6.67
        0.90     0.862500     12259739         7.27
        0.90     0.875000     12539588         8.00
        0.90     0.881250     12539588         8.42
        0.90     0.887500     12539588         8.89
        0.91     0.893750     12762548         9.41
        0.91     0.900000     12762548        10.00
        0.92     0.906250     12940725        10.67
        0.92     0.912500     12940725        11.43
        0.93     0.918750     13079175        12.31
        0.93     0.925000     13079175        13.33
        0.94     0.931250     13185731        14.55
        0.94     0.937500     13267616        16.00
        0.94     0.940625     13267616        16.84
        0.95     0.943750     13327745        17.78
        0.96     0.946875     13373134        18.82
        0.97     0.950000     13408166        20.00
        0.97     0.953125     13434765        21.33
        1.00     0.956250     13485572        22.86
        1.03     0.959375     13524095        24.62
        1.09     0.962500     13567332        26.67
        1.14     0.965625     13611419        29.09
        1.19     0.968750     13656638        32.00
        1.22     0.970313     13678001        33.68
        1.24     0.971875     13696741        35.56
        1.28     0.973437     13721733        37.65
        1.33     0.975000     13742322        40.00
        1.43     0.976562     13761776        42.67
        1.53     0.978125     13784151        45.71
        1.57     0.979688     13809617        49.23
        1.59     0.981250     13833156        53.33
        1.61     0.982812     13852550        58.18
        1.62     0.984375     13874047        64.00
        1.63     0.985156     13885305        67.37
        1.64     0.985938     13896897        71.11
        1.65     0.986719     13908643        75.29
        1.66     0.987500     13920559        80.00
        1.66     0.988281     13932214        85.33
        1.67     0.989062     13943794        91.43
        1.68     0.989844     13954791        98.46
        1.69     0.990625     13965283       106.67
        1.70     0.991406     13975378       116.36
        1.70     0.992188     13984741       128.00
        1.71     0.992578     13993628       134.74
        1.71     0.992969     13993628       142.22
        1.72     0.993359     14001788       150.59
        1.73     0.993750     14009429       160.00
        1.74     0.994141     14016398       170.67
        1.74     0.994531     14016398       182.86
        1.74     0.994922     14022905       196.92
        1.75     0.995313     14029105       213.33
        1.76     0.995703     14034653       232.73
        1.77     0.996094     14039863       256.00
        1.77     0.996289     14039863       269.47
        1.77     0.996484     14044525       284.44
        1.78     0.996680     14048770       301.18
        1.78     0.996875     14048770       320.00
        1.79     0.997070     14052474       341.33
        1.80     0.997266     14055666       365.71
        1.81     0.997461     14058477       393.85
        1.81     0.997656     14060890       426.67
        1.82     0.997852     14062954       465.45
        1.83     0.998047     14064663       512.00
        1.84     0.998145     14066048       538.95
        1.85     0.998242     14068031       568.89
        1.86     0.998340     14068768       602.35
        1.89     0.998437     14070248       640.00
        1.93     0.998535     14071412       682.67
        1.96     0.998633     14073205       731.43
        1.98     0.998730     14074707       787.69
        1.98     0.998828     14075655       853.33
        1.99     0.998926     14076937       930.91
        2.01     0.999023     14079451      1024.00
        2.01     0.999072     14079451      1077.89
        2.02     0.999121     14080878      1137.78
        2.02     0.999170     14080878      1204.71
        2.02     0.999219     14082110      1280.00
        2.02     0.999268     14082110      1365.33
        2.03     0.999316     14083305      1462.86
        2.03     0.999365     14083305      1575.38
        2.04     0.999414     14084338      1706.67
        2.05     0.999463     14085148      1861.82
        2.06     0.999512     14086770      2048.00
        2.06     0.999536     14086770      2155.79
        2.06     0.999561     14086770      2275.56
        2.06     0.999585     14086770      2409.41
        2.06     0.999609     14086770      2560.00
        2.08     0.999634     14088016      2730.67
        2.08     0.999658     14088016      2925.71
        2.08     0.999683     14088016      3150.77
        2.08     0.999707     14088016      3413.33
        2.10     0.999731     14088756      3723.64
        2.10     0.999756     14088756      4096.00
        2.11     0.999768     14089288      4311.58
        2.11     0.999780     14089288      4551.11
        2.11     0.999792     14089288      4818.82
        2.13     0.999805     14089506      5120.00
        2.13     0.999817     14089506      5461.33
        2.14     0.999829     14089657      5851.43
        2.17     0.999841     14089846      6301.54
        2.24     0.999854     14089986      6826.67
        2.33     0.999866     14090171      7447.27
        2.38     0.999878     14090362      8192.00
        2.40     0.999884     14090436      8623.16
        2.43     0.999890     14090553      9102.22
        2.45     0.999896     14090623      9637.65
        2.48     0.999902     14090705     10240.00
        2.51     0.999908     14090784     10922.67
        2.54     0.999915     14090852     11702.86
        2.62     0.999921     14090929     12603.08
        2.75     0.999927     14091041     13653.33
        2.78     0.999933     14091109     14894.55
        2.81     0.999939     14091225     16384.00
        2.83     0.999942     14091306     17246.32
        2.83     0.999945     14091306     18204.44
        2.85     0.999948     14091377     19275.29
        2.85     0.999951     14091377     20480.00
        2.86     0.999954     14091458     21845.33
        2.86     0.999957     14091458     23405.71
        2.88     0.999960     14091538     25206.15
        2.88     0.999963     14091538     27306.67
        2.90     0.999966     14091597     29789.09
        2.91     0.999969     14091677     32768.00
        2.91     0.999971     14091677     34492.63
        2.91     0.999973     14091677     36408.89
        2.93     0.999974     14091728     38550.59
        2.93     0.999976     14091728     40960.00
        2.93     0.999977     14091728     43690.67
        2.94     0.999979     14091776     46811.43
        2.94     0.999980     14091776     50412.31
        2.96     0.999982     14091813     54613.33
        2.96     0.999983     14091813     59578.18
        2.99     0.999985     14091851     65536.00
        2.99     0.999986     14091851     68985.26
        3.01     0.999986     14091875     72817.78
        3.01     0.999987     14091875     77101.18
        3.01     0.999988     14091875     81920.00
        3.02     0.999989     14091902     87381.33
        3.02     0.999989     14091902     93622.86
        3.04     0.999990     14091916    100824.62
        3.06     0.999991     14091934    109226.67
        3.06     0.999992     14091934    119156.36
        3.38     0.999992     14091939    131072.00
        3.46     0.999993     14091944    137970.53
       11.46     0.999993     14091987    145635.56
       11.46     0.999994     14091987    154202.35
       11.46     0.999994     14091987    163840.00
       11.46     0.999994     14091987    174762.67
       11.46     0.999995     14091987    187245.71
       11.46     0.999995     14091987    201649.23
       11.46     0.999995     14091987    218453.33
       11.46     0.999996     14091987    238312.73
       11.52     0.999996     14091996    262144.00
       11.52     0.999996     14091996    275941.05
       49.15     0.999997     14092044    291271.11
       49.15     0.999997     14092044    308404.71
       49.15     0.999997     14092044    327680.00
       49.15     0.999997     14092044    349525.33
       49.15     0.999997     14092044    374491.43
       49.15     0.999998     14092044    403298.46
       49.15     0.999998     14092044    436906.67
       49.15     0.999998     14092044    476625.45
       49.15     0.999998     14092044    524288.00
       49.15     0.999998     14092044    551882.11
       49.15     0.999998     14092044    582542.22
       49.15     0.999998     14092044    616809.41
       49.15     0.999998     14092044    655360.00
       49.15     0.999999     14092044    699050.67
       49.15     0.999999     14092044    748982.86
       49.15     0.999999     14092044    806596.92
       49.15     0.999999     14092044    873813.33
       49.15     0.999999     14092044    953250.91
       49.15     0.999999     14092044   1048576.00
       49.15     0.999999     14092044   1103764.21
       49.15     0.999999     14092044   1165084.44
       49.15     0.999999     14092044   1233618.82
       49.15     0.999999     14092044   1310720.00
       49.15     0.999999     14092044   1398101.33
       49.15     0.999999     14092044   1497965.71
       49.15     0.999999     14092044   1613193.85
       49.15     0.999999     14092044   1747626.67
       49.15     0.999999     14092044   1906501.82
       49.15     1.000000     14092044   2097152.00
       49.15     1.000000     14092044   2207528.42
       49.15     1.000000     14092044   2330168.89
       49.15     1.000000     14092044   2467237.65
       49.15     1.000000     14092044   2621440.00
       49.15     1.000000     14092044   2796202.67
       49.15     1.000000     14092044   2995931.43
       49.15     1.000000     14092044   3226387.69
       49.15     1.000000     14092044   3495253.33
       49.15     1.000000     14092044   3813003.64
       49.15     1.000000     14092044   4194304.00
       49.15     1.000000     14092044   4415056.84
       49.15     1.000000     14092044   4660337.78
       49.15     1.000000     14092044   4934475.29
       49.15     1.000000     14092044   5242880.00
       49.15     1.000000     14092044   5592405.33
       49.15     1.000000     14092044   5991862.86
       49.15     1.000000     14092044   6452775.39
       49.15     1.000000     14092044   6990506.67
       50.17     1.000000     14092046   7626007.28
       50.17     1.000000     14092046          inf
#[Mean    =        0.817, StdDeviation   =        0.229]
#[Max     =       50.175, Total count    =     14092046]
#[Buckets =           20, SubBuckets     =          256]
