set
calls
16908134
histogram_usec
1
13122579
2
16708833
4
16895707
8
16905627
16
16907694
33
16908117
66
16908131
132
16908132
264
16908133
1056
16908134
get
calls
16908079
histogram_usec
1
12756162
2
16795980
4
16902316
8
16906844
16
16907642
33
16908059
66
16908075
132
16908076
264
16908078
528
16908079
ping
calls
1
histogram_usec
16
1
bgsave
calls
2
histogram_usec
135266
1
270532
2
dbsize
calls
1
histogram_usec
1
1
info
calls
23
histogram_usec
33
21
264
23
latency|latest
calls
2
histogram_usec
4
1
8
2
latency|histogram
calls
1
histogram_usec
132
1
