get
calls
14087780
histogram_usec
1
10212157
2
13845473
4
14079223
8
14086444
16
14087429
33
14087769
66
14087776
132
14087778
264
14087779
528
14087780
ping
calls
1
histogram_usec
8
1
latency|histogram
calls
1
histogram_usec
132
1
latency|latest
calls
2
histogram_usec
4
1
8
2
dbsize
calls
1
histogram_usec
2
1
setex
calls
14087832
histogram_usec
1
5663389
2
11953637
4
13953190
8
14072223
16
14083957
33
14087506
66
14087814
132
14087825
264
14087829
528
14087830
1056
14087832
info
calls
2
histogram_usec
264
2
