       Value   Percentile   TotalCount 1/(1-Percentile)

        0.28     0.000000            2         1.00
        1.81     0.050000      6187259         1.05
        1.85     0.100000     12909939         1.11
        1.88     0.150000     18432734         1.18
        1.90     0.200000     24825136         1.25
        1.92     0.250000     29326054         1.33
        1.94     0.300000     36130389         1.43
        1.96     0.350000     40469867         1.54
        1.98     0.400000     46385466         1.67
        2.02     0.450000     52808362         1.82
        2.06     0.500000     59110402         2.00
        2.08     0.525000     60453868         2.11
        2.14     0.550000     63387290         2.22
        2.83     0.575000     66273006         2.35
        2.94     0.600000     69345459         2.50
        3.01     0.625000     72434126         2.67
        3.06     0.650000     75495093         2.86
        3.09     0.675000     77883632         3.08
        3.12     0.700000     80530972         3.33
        3.15     0.725000     83373197         3.64
        3.18     0.750000     86332979         4.00
        3.20     0.762500     87820538         4.21
        3.21     0.775000     89289462         4.44
        3.23     0.787500     90724684         4.71
        3.25     0.800000     92105148         5.00
        3.26     0.812500     93424720         5.33
        3.29     0.825000     95820037         5.71
        3.31     0.837500     96897660         6.15
        3.33     0.850000     97901997         6.67
        3.36     0.862500     99751068         7.27
        3.38     0.875000    100626998         8.00
        3.39     0.881250    101492274         8.42
        3.41     0.887500    102364854         8.89
        3.42     0.893750    103263428         9.41
        3.44     0.900000    104169106        10.00
        3.44     0.906250    104169106        10.67
        3.46     0.912500    105093858        11.43
        3.47     0.918750    106021988        12.31
        3.49     0.925000    106942977        13.33
        3.50     0.931250    107829512        14.55
        3.50     0.937500    107829512        16.00
        3.52     0.940625    108667830        16.84
        3.52     0.943750    108667830        17.78
        3.54     0.946875    109456455        18.82
        3.54     0.950000    109456455        20.00
        3.55     0.953125    110168953        21.33
        3.55     0.956250    110168953        22.86
        3.57     0.959375    110812910        24.62
        3.57     0.962500    110812910        26.67
        3.58     0.965625    111375329        29.09
        3.58     0.968750    111375329        32.00
        3.60     0.970313    111856709        33.68
        3.60     0.971875    111856709        35.56
        3.62     0.973437    112264325        37.65
        3.62     0.975000    112264325        40.00
        3.62     0.976562    112264325        42.67
        3.63     0.978125    112611670        45.71
        3.63     0.979688    112611670        49.23
        3.65     0.981250    112904222        53.33
        3.66     0.982812    113154392        58.18
        3.66     0.984375    113154392        64.00
        3.68     0.985156    113367857        67.37
        3.68     0.985938    113367857        71.11
        3.69     0.986719    113551713        75.29
        3.69     0.987500    113551713        80.00
        3.71     0.988281    113714614        85.33
        3.71     0.989062    113714614        91.43
        3.73     0.989844    113859047        98.46
        3.73     0.990625    113859047       106.67
        3.74     0.991406    113988366       116.36
        3.76     0.992188    114105487       128.00
        3.76     0.992578    114105487       134.74
        3.77     0.992969    114213890       142.22
        3.77     0.993359    114213890       150.59
        3.77     0.993750    114213890       160.00
        3.79     0.994141    114311805       170.67
        3.79     0.994531    114311805       182.86
        3.81     0.994922    114399294       196.92
        3.81     0.995313    114399294       213.33
        3.82     0.995703    114475031       232.73
        3.82     0.996094    114475031       256.00
        3.84     0.996289    114543197       269.47
        3.84     0.996484    114543197       284.44
        3.84     0.996680    114543197       301.18
        3.85     0.996875    114602691       320.00
        3.85     0.997070    114602691       341.33
        3.85     0.997266    114602691       365.71
        3.87     0.997461    114654810       393.85
        3.87     0.997656    114654810       426.67
        3.89     0.997852    114698487       465.45
        3.89     0.998047    114698487       512.00
        3.90     0.998145    114734660       538.95
        3.90     0.998242    114734660       568.89
        3.90     0.998340    114734660       602.35
        3.90     0.998437    114734660       640.00
        3.92     0.998535    114765241       682.67
        3.92     0.998633    114765241       731.43
        3.94     0.998730    114789910       787.69
        3.94     0.998828    114789910       853.33
        3.95     0.998926    114809381       930.91
        3.95     0.999023    114809381      1024.00
        3.95     0.999072    114809381      1077.89
        3.97     0.999121    114824916      1137.78
        3.97     0.999170    114824916      1204.71
        3.97     0.999219    114824916      1280.00
        3.98     0.999268    114837636      1365.33
        3.98     0.999316    114837636      1462.86
        4.00     0.999365    114848044      1575.38
        4.00     0.999414    114848044      1706.67
        4.01     0.999463    114856021      1861.82
        4.03     0.999512    114862452      2048.00
        4.03     0.999536    114862452      2155.79
        4.05     0.999561    114867749      2275.56
        4.05     0.999585    114867749      2409.41
        4.06     0.999609    114872093      2560.00
        4.06     0.999634    114872093      2730.67
        4.08     0.999658    114875277      2925.71
        4.09     0.999683    114878212      3150.77
        4.13     0.999707    114882858      3413.33
        4.16     0.999731    114886379      3723.64
        4.16     0.999756    114886379      4096.00
        4.19     0.999768    114889107      4311.58
        4.19     0.999780    114889107      4551.11
        4.22     0.999792    114891638      4818.82
        4.22     0.999805    114891638      5120.00
        4.25     0.999817    114893802      5461.33
        4.29     0.999829    114895793      5851.43
        4.29     0.999841    114895793      6301.54
        4.32     0.999854    114897614      6826.67
        4.35     0.999866    114899141      7447.27
        4.38     0.999878    114900906      8192.00
        4.38     0.999884    114900906      8623.16
        4.42     0.999890    114902136      9102.22
        4.42     0.999896    114902136      9637.65
        4.45     0.999902    114903320     10240.00
        4.45     0.999908    114903320     10922.67
        4.48     0.999915    114904338     11702.86
        4.51     0.999921    114905558     12603.08
        4.51     0.999927    114905558     13653.33
        4.54     0.999933    114906718     14894.55
        4.54     0.999939    114906718     16384.00
        4.58     0.999942    114907705     17246.32
        4.58     0.999945    114907705     18204.44
        4.61     0.999948    114908460     19275.29
        4.61     0.999951    114908460     20480.00
        4.61     0.999954    114908460     21845.33
        4.64     0.999957    114909050     23405.71
        4.67     0.999960    114909586     25206.15
        4.67     0.999963    114909586     27306.67
        4.70     0.999966    114910068     29789.09
        4.74     0.999969    114910584     32768.00
        4.74     0.999971    114910584     34492.63
        4.74     0.999973    114910584     36408.89
        4.77     0.999974    114910987     38550.59
        4.77     0.999976    114910987     40960.00
        4.80     0.999977    114911263     43690.67
        4.83     0.999979    114911571     46811.43
        4.83     0.999980    114911571     50412.31
        4.86     0.999982    114911865     54613.33
        4.86     0.999983    114911865     59578.18
        4.89     0.999985    114912055     65536.00
        4.89     0.999986    114912055     68985.26
        4.93     0.999986    114912293     72817.78
        4.93     0.999987    114912293     77101.18
        4.96     0.999988    114912479     81920.00
        4.96     0.999989    114912479     87381.33
        4.99     0.999989    114912661     93622.86
        4.99     0.999990    114912661    100824.62
        5.02     0.999991    114912759    109226.67
        5.02     0.999992    114912759    119156.36
        5.05     0.999992    114912863    131072.00
        5.09     0.999993    114912972    137970.53
        5.09     0.999993    114912972    145635.56
        5.12     0.999994    114913042    154202.35
        5.12     0.999994    114913042    163840.00
        5.15     0.999994    114913172    174762.67
        5.15     0.999995    114913172    187245.71
        5.15     0.999995    114913172    201649.23
        5.18     0.999995    114913260    218453.33
        5.18     0.999996    114913260    238312.73
        5.21     0.999996    114913323    262144.00
        5.21     0.999996    114913323    275941.05
        5.25     0.999997    114913387    291271.11
        5.25     0.999997    114913387    308404.71
        5.25     0.999997    114913387    327680.00
        5.28     0.999997    114913446    349525.33
        5.28     0.999997    114913446    374491.43
        5.28     0.999998    114913446    403298.46
        5.31     0.999998    114913510    436906.67
        5.31     0.999998    114913510    476625.45
        5.31     0.999998    114913510    524288.00
        5.34     0.999998    114913556    551882.11
        5.34     0.999998    114913556    582542.22
        5.34     0.999998    114913556    616809.41
        5.34     0.999998    114913556    655360.00
        5.34     0.999999    114913556    699050.67
        5.38     0.999999    114913582    748982.86
        5.38     0.999999    114913582    806596.92
        5.41     0.999999    114913606    873813.33
        5.41     0.999999    114913606    953250.91
        5.44     0.999999    114913614   1048576.00
        5.47     0.999999    114913644   1103764.21
        5.47     0.999999    114913644   1165084.44
        5.47     0.999999    114913644   1233618.82
        5.47     0.999999    114913644   1310720.00
        5.47     0.999999    114913644   1398101.33
        5.47     0.999999    114913644   1497965.71
        5.50     0.999999    114913652   1613193.85
        5.54     0.999999    114913688   1747626.67
        5.54     0.999999    114913688   1906501.82
        5.54     1.000000    114913688   2097152.00
        5.54     1.000000    114913688   2207528.42
        5.54     1.000000    114913688   2330168.89
        5.54     1.000000    114913688   2467237.65
        5.54     1.000000    114913688   2621440.00
        5.54     1.000000    114913688   2796202.67
        5.54     1.000000    114913688   2995931.43
        5.54     1.000000    114913688   3226387.69
        5.54     1.000000    114913688   3495253.33
        5.57     1.000000    114913704   3813003.64
        5.57     1.000000    114913704   4194304.00
        5.57     1.000000    114913704   4415056.84
        5.57     1.000000    114913704   4660337.78
        5.57     1.000000    114913704   4934475.29
        5.57     1.000000    114913704   5242880.00
        5.57     1.000000    114913704   5592405.33
        5.57     1.000000    114913704   5991862.86
        5.57     1.000000    114913704   6452775.39
        5.57     1.000000    114913704   6990506.67
        5.60     1.000000    114913710   7626007.28
        5.60     1.000000    114913710   8388608.00
        5.60     1.000000    114913710   8830113.68
        5.60     1.000000    114913710   9320675.55
        5.60     1.000000    114913710   9868950.59
        5.60     1.000000    114913710  10485760.00
        5.60     1.000000    114913710  11184810.67
        5.63     1.000000    114913712  11983725.71
        5.63     1.000000    114913712  12905550.76
        5.63     1.000000    114913712  13981013.34
        5.70     1.000000    114913716  15252014.55
        5.70     1.000000    114913716  16777216.00
        5.70     1.000000    114913716  17660227.38
        5.70     1.000000    114913716  18641351.10
        5.70     1.000000    114913716  19737901.19
        5.70     1.000000    114913716  20971519.98
        5.70     1.000000    114913716  22369621.33
        5.70     1.000000    114913716  23967451.45
        5.70     1.000000    114913716  25811101.52
        5.70     1.000000    114913716  27962026.68
        5.73     1.000000    114913718  30504029.05
        5.73     1.000000    114913718  33554432.00
        5.73     1.000000    114913718  35320454.76
        5.73     1.000000    114913718  37282702.28
        5.73     1.000000    114913718  39475802.28
        5.73     1.000000    114913718  41943039.96
        5.73     1.000000    114913718  44739242.67
        5.73     1.000000    114913718  47934902.91
        5.73     1.000000    114913718  51622203.20
        5.73     1.000000    114913718  55924053.19
        5.76     1.000000    114913720  61008058.10
        5.76     1.000000    114913720          inf
#[Mean    =        2.505, StdDeviation   =        0.670]
#[Max     =        5.759, Total count    =    114913720]
#[Buckets =           20, SubBuckets     =          256]
