bgsave
calls
2
histogram_usec
135266
1
270532
2
info
calls
23
histogram_usec
33
21
264
23
dbsize
calls
1
histogram_usec
2
1
get
calls
16907079
histogram_usec
1
12783824
2
16796852
4
16901361
8
16905941
16
16906662
33
16907044
66
16907075
264
16907076
528
16907078
1056
16907079
set
calls
16907132
histogram_usec
1
13189489
2
16711086
4
16894516
8
16904846
16
16906691
33
16907108
66
16907126
132
16907127
264
16907129
528
16907132
ping
calls
1
histogram_usec
16
1
latency|latest
calls
2
histogram_usec
4
1
8
2
latency|histogram
calls
1
histogram_usec
132
1
