       Value   Percentile   TotalCount 1/(1-Percentile)

        0.02     0.000000         6416         1.00
        0.48     0.050000      1427722         1.05
        0.72     0.100000      2822294         1.11
        0.78     0.150000      4288582         1.18
        0.79     0.200000      5679195         1.25
        0.81     0.250000      7821209         1.33
        0.81     0.300000      9155356         1.43
        0.82     0.350000     10644186         1.54
        0.83     0.400000     12226560         1.67
        0.84     0.450000     13837612         1.82
        0.85     0.500000     15452430         2.00
        0.85     0.525000     15452430         2.11
        0.85     0.550000     17001314         2.22
        0.85     0.575000     17001314         2.35
        0.85     0.600000     17001314         2.50
        0.86     0.625000     18451564         2.67
        0.86     0.650000     18451564         2.86
        0.87     0.675000     19774542         3.08
        0.87     0.700000     19774542         3.33
        0.88     0.725000     20961212         3.64
        0.89     0.750000     22007733         4.00
        0.89     0.762500     22007733         4.21
        0.89     0.775000     22007733         4.44
        0.90     0.787500     22911065         4.71
        0.90     0.800000     22911065         5.00
        0.90     0.812500     22911065         5.33
        0.90     0.825000     23680099         5.71
        0.90     0.837500     23680099         6.15
        0.91     0.850000     24324549         6.67
        0.91     0.862500     24324549         7.27
        0.92     0.875000     24856550         8.00
        0.92     0.881250     24856550         8.42
        0.93     0.887500     25300021         8.89
        0.93     0.893750     25300021         9.41
        0.94     0.900000     25657629        10.00
        0.94     0.906250     25657629        10.67
        0.94     0.912500     25944182        11.43
        0.94     0.918750     25944182        12.31
        0.95     0.925000     26162760        13.33
        0.96     0.931250     26332029        14.55
        0.97     0.937500     26463373        16.00
        0.97     0.940625     26563176        16.84
        0.98     0.943750     26641082        17.78
        0.99     0.946875     26700087        18.82
        1.01     0.950000     26781968        20.00
        1.03     0.953125     26859658        21.33
        1.07     0.956250     26943313        22.86
        1.13     0.959375     27038067        24.62
        1.17     0.962500     27116337        26.67
        1.21     0.965625     27206031        29.09
        1.25     0.968750     27291124        32.00
        1.28     0.970313     27347589        33.68
        1.30     0.971875     27382127        35.56
        1.34     0.973437     27426052        37.65
        1.42     0.975000     27467972        40.00
        1.53     0.976562     27512032        42.67
        1.57     0.978125     27559716        45.71
        1.60     0.979688     27600007        49.23
        1.62     0.981250     27653076        53.33
        1.64     0.982812     27694653        58.18
        1.66     0.984375     27739360        64.00
        1.66     0.985156     27762721        67.37
        1.67     0.985938     27786435        71.11
        1.68     0.986719     27809997        75.29
        1.69     0.987500     27833122        80.00
        1.70     0.988281     27856007        85.33
        1.70     0.989062     27878245        91.43
        1.71     0.989844     27899914        98.46
        1.72     0.990625     27920499       106.67
        1.73     0.991406     27940051       116.36
        1.74     0.992188     27957922       128.00
        1.74     0.992578     27974990       134.74
        1.74     0.992969     27974990       142.22
        1.75     0.993359     27990721       150.59
        1.76     0.993750     28005417       160.00
        1.77     0.994141     28019076       170.67
        1.77     0.994531     28019076       182.86
        1.77     0.994922     28031569       196.92
        1.78     0.995313     28043194       213.33
        1.79     0.995703     28053940       232.73
        1.80     0.996094     28063703       256.00
        1.81     0.996289     28072454       269.47
        1.81     0.996484     28072454       284.44
        1.81     0.996680     28080268       301.18
        1.82     0.996875     28087535       320.00
        1.83     0.997070     28093996       341.33
        1.84     0.997266     28099781       365.71
        1.84     0.997461     28099781       393.85
        1.85     0.997656     28108813       426.67
        1.86     0.997852     28112427       465.45
        1.88     0.998047     28117979       512.00
        1.89     0.998145     28120078       538.95
        1.90     0.998242     28121700       568.89
        1.92     0.998340     28125109       602.35
        1.95     0.998437     28127569       640.00
        1.98     0.998535     28130009       682.67
        1.99     0.998633     28132987       731.43
        2.01     0.998730     28137317       787.69
        2.02     0.998828     28139690       853.33
        2.02     0.998926     28142628       930.91
        2.03     0.999023     28145155      1024.00
        2.03     0.999072     28145155      1077.89
        2.04     0.999121     28147714      1137.78
        2.05     0.999170     28150529      1204.71
        2.05     0.999219     28150529      1280.00
        2.05     0.999268     28150529      1365.33
        2.06     0.999316     28154968      1462.86
        2.06     0.999365     28154968      1575.38
        2.06     0.999414     28154968      1706.67
        2.08     0.999463     28158391      1861.82
        2.08     0.999512     28158391      2048.00
        2.08     0.999536     28158391      2155.79
        2.10     0.999561     28160785      2275.56
        2.10     0.999585     28160785      2409.41
        2.10     0.999609     28160785      2560.00
        2.11     0.999634     28163366      2730.67
        2.11     0.999658     28163366      2925.71
        2.11     0.999683     28163366      3150.77
        2.11     0.999707     28163366      3413.33
        2.13     0.999731     28164244      3723.64
        2.14     0.999756     28165153      4096.00
        2.14     0.999768     28165153      4311.58
        2.14     0.999780     28165153      4551.11
        2.16     0.999792     28165533      4818.82
        2.17     0.999805     28165755      5120.00
        2.22     0.999817     28166020      5461.33
        2.30     0.999829     28166408      5851.43
        2.35     0.999841     28166730      6301.54
        2.40     0.999854     28167059      6826.67
        2.45     0.999866     28167507      7447.27
        2.48     0.999878     28167793      8192.00
        2.50     0.999884     28167896      8623.16
        2.53     0.999890     28168066      9102.22
        2.58     0.999896     28168228      9637.65
        2.64     0.999902     28168436     10240.00
        2.73     0.999908     28168583     10922.67
        2.80     0.999915     28168742     11702.86
        2.83     0.999921     28168926     12603.08
        2.86     0.999927     28169184     13653.33
        2.88     0.999933     28169360     14894.55
        2.90     0.999939     28169557     16384.00
        2.90     0.999942     28169557     17246.32
        2.91     0.999945     28169726     18204.44
        2.91     0.999948     28169726     19275.29
        2.93     0.999951     28169908     20480.00
        2.93     0.999954     28169908     21845.33
        2.94     0.999957     28170052     23405.71
        2.94     0.999960     28170052     25206.15
        2.96     0.999963     28170168     27306.67
        2.98     0.999966     28170279     29789.09
        2.99     0.999969     28170359     32768.00
        2.99     0.999971     28170359     34492.63
        3.01     0.999973     28170445     36408.89
        3.01     0.999974     28170445     38550.59
        3.02     0.999976     28170499     40960.00
        3.04     0.999977     28170544     43690.67
        3.06     0.999979     28170573     46811.43
        3.09     0.999980     28170597     50412.31
        3.23     0.999982     28170631     54613.33
        4.74     0.999983     28170744     59578.18
        4.74     0.999985     28170744     65536.00
        4.74     0.999986     28170744     68985.26
        4.89     0.999986     28170811     72817.78
        4.89     0.999987     28170811     77101.18
        4.89     0.999988     28170811     81920.00
        4.93     0.999989     28170838     87381.33
        5.79     0.999989     28170846     93622.86
        6.82     0.999990     28170884    100824.62
        6.85     0.999991     28170911    109226.67
        6.85     0.999992     28170911    119156.36
        6.91     0.999992     28170936    131072.00
        7.58     0.999993     28170944    137970.53
       11.52     0.999993     28171005    145635.56
       11.52     0.999994     28171005    154202.35
       11.52     0.999994     28171005    163840.00
       11.52     0.999994     28171005    174762.67
       11.52     0.999995     28171005    187245.71
       11.58     0.999995     28171043    201649.23
       11.58     0.999995     28171043    218453.33
       11.58     0.999996     28171043    238312.73
       11.58     0.999996     28171043    262144.00
       12.48     0.999996     28171046    275941.05
       52.48     0.999997     28171140    291271.11
       52.48     0.999997     28171140    308404.71
       52.48     0.999997     28171140    327680.00
       52.48     0.999997     28171140    349525.33
       52.48     0.999997     28171140    374491.43
       52.48     0.999998     28171140    403298.46
       52.48     0.999998     28171140    436906.67
       52.48     0.999998     28171140    476625.45
       52.48     0.999998     28171140    524288.00
       52.48     0.999998     28171140    551882.11
       52.48     0.999998     28171140    582542.22
       52.48     0.999998     28171140    616809.41
       52.48     0.999998     28171140    655360.00
       52.48     0.999999     28171140    699050.67
       52.48     0.999999     28171140    748982.86
       52.48     0.999999     28171140    806596.92
       52.48     0.999999     28171140    873813.33
       52.48     0.999999     28171140    953250.91
       52.48     0.999999     28171140   1048576.00
       52.48     0.999999     28171140   1103764.21
       52.48     0.999999     28171140   1165084.44
       52.48     0.999999     28171140   1233618.82
       52.48     0.999999     28171140   1310720.00
       52.48     0.999999     28171140   1398101.33
       52.48     0.999999     28171140   1497965.71
       52.48     0.999999     28171140   1613193.85
       52.48     0.999999     28171140   1747626.67
       52.48     0.999999     28171140   1906501.82
       52.48     1.000000     28171140   2097152.00
       52.48     1.000000     28171140   2207528.42
       52.48     1.000000     28171140   2330168.89
       52.48     1.000000     28171140   2467237.65
       52.48     1.000000     28171140   2621440.00
       52.48     1.000000     28171140   2796202.67
       52.48     1.000000     28171140   2995931.43
       52.48     1.000000     28171140   3226387.69
       52.48     1.000000     28171140   3495253.33
       52.48     1.000000     28171140   3813003.64
       52.48     1.000000     28171140   4194304.00
       52.48     1.000000     28171140   4415056.84
       52.48     1.000000     28171140   4660337.78
       53.50     1.000000     28171143   4934475.29
       53.50     1.000000     28171143   5242880.00
       53.50     1.000000     28171143   5592405.33
       53.50     1.000000     28171143   5991862.86
       53.50     1.000000     28171143   6452775.39
       53.50     1.000000     28171143   6990506.67
       53.50     1.000000     28171143   7626007.28
       53.50     1.000000     28171143   8388608.00
       53.50     1.000000     28171143   8830113.68
       53.50     1.000000     28171143   9320675.55
       64.00     1.000000     28171146   9868950.59
       64.00     1.000000     28171146          inf
#[Mean    =        0.835, StdDeviation   =        0.237]
#[Max     =       63.999, Total count    =     28171146]
#[Buckets =           20, SubBuckets     =          256]
