       Value   Percentile   TotalCount 1/(1-Percentile)

        0.02     0.000000        11189         1.00
        0.40     0.050000       859382         1.05
        0.61     0.100000      1720228         1.11
        0.69     0.150000      2817666         1.18
        0.71     0.200000      4004018         1.25
        0.72     0.250000      4891001         1.33
        0.73     0.300000      6001378         1.43
        0.73     0.350000      6001378         1.54
        0.73     0.400000      7350423         1.67
        0.74     0.450000      8907613         1.82
        0.74     0.500000      8907613         2.00
        0.74     0.525000      8907613         2.11
        0.75     0.550000     10531560         2.22
        0.75     0.575000     10531560         2.35
        0.75     0.600000     10531560         2.50
        0.76     0.625000     12004467         2.67
        0.76     0.650000     12004467         2.86
        0.76     0.675000     12004467         3.08
        0.76     0.700000     12004467         3.33
        0.77     0.725000     13151136         3.64
        0.77     0.750000     13151136         4.00
        0.77     0.762500     13151136         4.21
        0.77     0.775000     13151136         4.44
        0.78     0.787500     13898363         4.71
        0.78     0.800000     13898363         5.00
        0.78     0.812500     13898363         5.33
        0.78     0.825000     14310704         5.71
        0.78     0.837500     14310704         6.15
        0.79     0.850000     14539499         6.67
        0.80     0.862500     14679497         7.27
        0.81     0.875000     14906110         8.00
        0.81     0.881250     14906110         8.42
        0.82     0.887500     15025634         8.89
        0.83     0.893750     15154133         9.41
        0.84     0.900000     15291732        10.00
        0.85     0.906250     15432443        10.67
        0.85     0.912500     15432443        11.43
        0.85     0.918750     15575392        12.31
        0.86     0.925000     15713419        13.33
        0.87     0.931250     15838740        14.55
        0.88     0.937500     15948093        16.00
        0.88     0.940625     15948093        16.84
        0.89     0.943750     16038512        17.78
        0.89     0.946875     16038512        18.82
        0.90     0.950000     16105351        20.00
        0.90     0.953125     16156188        21.33
        0.91     0.956250     16195132        22.86
        0.92     0.959375     16224913        24.62
        0.94     0.962500     16291060        26.67
        0.96     0.965625     16327207        29.09
        0.99     0.968750     16391691        32.00
        1.00     0.970313     16406623        33.68
        1.01     0.971875     16432752        35.56
        1.04     0.973437     16462884        37.65
        1.07     0.975000     16488179        40.00
        1.14     0.976562     16511574        42.67
        1.25     0.978125     16538500        45.71
        1.35     0.979688     16565065        49.23
        1.40     0.981250     16595390        53.33
        1.42     0.982812     16621502        58.18
        1.44     0.984375     16643754        64.00
        1.45     0.985156     16656660        67.37
        1.46     0.985938     16670561        71.11
        1.46     0.986719     16685463        75.29
        1.47     0.987500     16701562        80.00
        1.48     0.988281     16718824        85.33
        1.49     0.989062     16737231        91.43
        1.49     0.989844     16737231        98.46
        1.50     0.990625     16756640       106.67
        1.50     0.991406     16776253       116.36
        1.50     0.992188     16776253       128.00
        1.51     0.992578     16794736       134.74
        1.51     0.992969     16794736       142.22
        1.52     0.993359     16811413       150.59
        1.52     0.993750     16811413       160.00
        1.52     0.994141     16811413       170.67
        1.53     0.994531     16825717       182.86
        1.53     0.994922     16825717       196.92
        1.53     0.995313     16837187       213.33
        1.53     0.995703     16837187       232.73
        1.54     0.996094     16846232       256.00
        1.54     0.996289     16846232       269.47
        1.55     0.996484     16853017       284.44
        1.55     0.996680     16853017       301.18
        1.56     0.996875     16857969       320.00
        1.56     0.997070     16857969       341.33
        1.57     0.997266     16861589       365.71
        1.58     0.997461     16866660       393.85
        1.59     0.997656     16868605       426.67
        1.61     0.997852     16871795       465.45
        1.62     0.998047     16874779       512.00
        1.63     0.998145     16876281       538.95
        1.64     0.998242     16877758       568.89
        1.65     0.998340     16879382       602.35
        1.66     0.998437     16882543       640.00
        1.67     0.998535     16884121       682.67
        1.68     0.998633     16885750       731.43
        1.69     0.998730     16887361       787.69
        1.70     0.998828     16888997       853.33
        1.70     0.998926     16890609       930.91
        1.71     0.999023     16892124      1024.00
        1.71     0.999072     16892124      1077.89
        1.72     0.999121     16893632      1137.78
        1.72     0.999170     16893632      1204.71
        1.73     0.999219     16895077      1280.00
        1.73     0.999268     16895077      1365.33
        1.74     0.999316     16896418      1462.86
        1.74     0.999365     16897687      1575.38
        1.74     0.999414     16897687      1706.67
        1.75     0.999463     16898840      1861.82
        1.76     0.999512     16899840      2048.00
        1.76     0.999536     16899840      2155.79
        1.77     0.999561     16900798      2275.56
        1.77     0.999585     16900798      2409.41
        1.77     0.999609     16900798      2560.00
        1.77     0.999634     16901567      2730.67
        1.78     0.999658     16902200      2925.71
        1.78     0.999683     16902200      3150.77
        1.79     0.999707     16902746      3413.33
        1.80     0.999731     16903216      3723.64
        1.81     0.999756     16903596      4096.00
        1.81     0.999768     16903596      4311.58
        1.81     0.999780     16903903      4551.11
        1.81     0.999792     16903903      4818.82
        1.82     0.999805     16904189      5120.00
        1.83     0.999817     16904430      5461.33
        1.84     0.999829     16904639      5851.43
        1.85     0.999841     16904881      6301.54
        1.85     0.999854     16905092      6826.67
        1.86     0.999866     16905298      7447.27
        1.87     0.999878     16905485      8192.00
        1.87     0.999884     16905485      8623.16
        1.88     0.999890     16905655      9102.22
        1.88     0.999896     16905655      9637.65
        1.89     0.999902     16905792     10240.00
        1.90     0.999908     16905922     10922.67
        1.90     0.999915     16906021     11702.86
        1.91     0.999921     16906127     12603.08
        1.92     0.999927     16906229     13653.33
        1.93     0.999933     16906338     14894.55
        1.94     0.999939     16906446     16384.00
        1.94     0.999942     16906446     17246.32
        1.94     0.999945     16906528     18204.44
        1.94     0.999948     16906528     19275.29
        1.95     0.999951     16906602     20480.00
        1.96     0.999954     16906665     21845.33
        1.96     0.999957     16906665     23405.71
        1.97     0.999960     16906737     25206.15
        1.98     0.999963     16906779     27306.67
        1.98     0.999966     16906819     29789.09
        1.99     0.999969     16906868     32768.00
        2.00     0.999971     16906897     34492.63
        2.01     0.999973     16906916     36408.89
        2.02     0.999974     16906955     38550.59
        2.03     0.999976     16906968     40960.00
        2.05     0.999977     16906995     43690.67
        2.06     0.999979     16907015     46811.43
        2.11     0.999980     16907055     50412.31
        2.13     0.999982     16907072     54613.33
        2.16     0.999983     16907095     59578.18
        2.19     0.999985     16907119     65536.00
        2.21     0.999986     16907140     68985.26
        2.22     0.999986     16907161     72817.78
        2.22     0.999987     16907161     77101.18
        2.24     0.999988     16907178     81920.00
        2.25     0.999989     16907188     87381.33
        2.27     0.999989     16907201     93622.86
        2.29     0.999990     16907214    100824.62
        2.30     0.999991     16907227    109226.67
        2.32     0.999992     16907240    119156.36
        2.33     0.999992     16907251    131072.00
        2.35     0.999993     16907266    137970.53
        2.35     0.999993     16907266    145635.56
        2.37     0.999994     16907271    154202.35
        2.38     0.999994     16907277    163840.00
        2.40     0.999994     16907282    174762.67
        2.43     0.999995     16907289    187245.71
        2.46     0.999995     16907294    201649.23
        2.50     0.999995     16907300    218453.33
        2.54     0.999996     16907308    238312.73
        2.62     0.999996     16907313    262144.00
        2.73     0.999996     16907315    275941.05
        3.18     0.999997     16907318    291271.11
       79.87     0.999997     16907324    308404.71
       80.38     0.999997     16907325    327680.00
      171.01     0.999997     16907363    349525.33
      171.01     0.999997     16907363    374491.43
      171.01     0.999998     16907363    403298.46
      171.01     0.999998     16907363    436906.67
      171.01     0.999998     16907363    476625.45
      171.01     0.999998     16907363    524288.00
      171.01     0.999998     16907363    551882.11
      171.01     0.999998     16907363    582542.22
      171.01     0.999998     16907363    616809.41
      171.01     0.999998     16907363    655360.00
      171.01     0.999999     16907363    699050.67
      171.01     0.999999     16907363    748982.86
      171.01     0.999999     16907363    806596.92
      171.01     0.999999     16907363    873813.33
      171.01     0.999999     16907363    953250.91
      171.01     0.999999     16907363   1048576.00
      171.01     0.999999     16907363   1103764.21
      171.01     0.999999     16907363   1165084.44
      171.01     0.999999     16907363   1233618.82
      172.03     0.999999     16907376   1310720.00
      172.03     1.000000     16907376          inf
#[Mean    =        0.731, StdDeviation   =        0.350]
#[Max     =      172.031, Total count    =     16907376]
#[Buckets =           20, SubBuckets     =          256]
