       Value   Percentile   TotalCount 1/(1-Percentile)

        0.02     0.000000         3316         1.00
        0.35     0.050000       865294         1.05
        0.60     0.100000      1715608         1.11
        0.69     0.150000      2597421         1.18
        0.70     0.200000      3552823         1.25
        0.71     0.250000      4311071         1.33
        0.72     0.300000      5282915         1.43
        0.73     0.350000      6474271         1.54
        0.73     0.400000      7872959         1.67
        0.73     0.450000      7872959         1.82
        0.74     0.500000      9431179         2.00
        0.74     0.525000      9431179         2.11
        0.74     0.550000      9431179         2.22
        0.75     0.575000     11051112         2.35
        0.75     0.600000     11051112         2.50
        0.75     0.625000     11051112         2.67
        0.75     0.650000     11051112         2.86
        0.76     0.675000     12470216         3.08
        0.76     0.700000     12470216         3.33
        0.76     0.725000     12470216         3.64
        0.77     0.750000     13474211         4.00
        0.77     0.762500     13474211         4.21
        0.77     0.775000     13474211         4.44
        0.77     0.787500     13474211         4.71
        0.78     0.800000     14067231         5.00
        0.78     0.812500     14067231         5.33
        0.78     0.825000     14067231         5.71
        0.78     0.837500     14388362         6.15
        0.78     0.850000     14388362         6.67
        0.80     0.862500     14695525         7.27
        0.81     0.875000     14807266         8.00
        0.81     0.881250     14921980         8.42
        0.82     0.887500     15040769         8.89
        0.83     0.893750     15171520         9.41
        0.84     0.900000     15308621        10.00
        0.85     0.906250     15450870        10.67
        0.85     0.912500     15450870        11.43
        0.85     0.918750     15592234        12.31
        0.86     0.925000     15726864        13.33
        0.87     0.931250     15843709        14.55
        0.88     0.937500     15940981        16.00
        0.88     0.940625     15940981        16.84
        0.89     0.943750     16019149        17.78
        0.89     0.946875     16019149        18.82
        0.90     0.950000     16079209        20.00
        0.90     0.953125     16126167        21.33
        0.92     0.956250     16193752        22.86
        0.94     0.959375     16242054        24.62
        0.95     0.962500     16280432        26.67
        0.97     0.965625     16333164        29.09
        1.00     0.968750     16383472        32.00
        1.01     0.970313     16412341        33.68
        1.03     0.971875     16436616        35.56
        1.05     0.973437     16463406        37.65
        1.10     0.975000     16488162        40.00
        1.18     0.976562     16512813        42.67
        1.29     0.978125     16540251        45.71
        1.37     0.979688     16569299        49.23
        1.40     0.981250     16597183        53.33
        1.42     0.982812     16626929        58.18
        1.44     0.984375     16652666        64.00
        1.45     0.985156     16667030        67.37
        1.46     0.985938     16682566        71.11
        1.46     0.986719     16699034        75.29
        1.46     0.987500     16699034        80.00
        1.47     0.988281     16716421        85.33
        1.48     0.989062     16734445        91.43
        1.49     0.989844     16752970        98.46
        1.49     0.990625     16752970       106.67
        1.50     0.991406     16772096       116.36
        1.50     0.992188     16790893       128.00
        1.50     0.992578     16790893       134.74
        1.50     0.992969     16790893       142.22
        1.51     0.993359     16808401       150.59
        1.51     0.993750     16808401       160.00
        1.52     0.994141     16823546       170.67
        1.52     0.994531     16823546       182.86
        1.52     0.994922     16823546       196.92
        1.53     0.995313     16835882       213.33
        1.53     0.995703     16845682       232.73
        1.53     0.996094     16845682       256.00
        1.54     0.996289     16853011       269.47
        1.54     0.996484     16853011       284.44
        1.54     0.996680     16853011       301.18
        1.55     0.996875     16858477       320.00
        1.56     0.997070     16862658       341.33
        1.56     0.997266     16862658       365.71
        1.57     0.997461     16865767       393.85
        1.58     0.997656     16870190       426.67
        1.60     0.997852     16873371       465.45
        1.61     0.998047     16876323       512.00
        1.62     0.998145     16877747       538.95
        1.63     0.998242     16879269       568.89
        1.64     0.998340     16880784       602.35
        1.65     0.998437     16882357       640.00
        1.66     0.998535     16883877       682.67
        1.67     0.998633     16886976       731.43
        1.68     0.998730     16888525       787.69
        1.69     0.998828     16890098       853.33
        1.70     0.998926     16891678       930.91
        1.70     0.999023     16893182      1024.00
        1.70     0.999072     16893182      1077.89
        1.71     0.999121     16894714      1137.78
        1.71     0.999170     16894714      1204.71
        1.72     0.999219     16896134      1280.00
        1.73     0.999268     16897554      1365.33
        1.73     0.999316     16897554      1462.86
        1.74     0.999365     16898880      1575.38
        1.74     0.999414     16898880      1706.67
        1.74     0.999463     16900009      1861.82
        1.75     0.999512     16900977      2048.00
        1.75     0.999536     16900977      2155.79
        1.76     0.999561     16901890      2275.56
        1.76     0.999585     16901890      2409.41
        1.77     0.999609     16902704      2560.00
        1.77     0.999634     16902704      2730.67
        1.77     0.999658     16903383      2925.71
        1.77     0.999683     16903383      3150.77
        1.78     0.999707     16903954      3413.33
        1.79     0.999731     16904456      3723.64
        1.80     0.999756     16904914      4096.00
        1.80     0.999768     16904914      4311.58
        1.80     0.999780     16904914      4551.11
        1.81     0.999792     16905286      4818.82
        1.81     0.999805     16905623      5120.00
        1.81     0.999817     16905623      5461.33
        1.82     0.999829     16905910      5851.43
        1.83     0.999841     16906180      6301.54
        1.83     0.999854     16906180      6826.67
        1.84     0.999866     16906406      7447.27
        1.85     0.999878     16906632      8192.00
        1.85     0.999884     16906815      8623.16
        1.85     0.999890     16906815      9102.22
        1.86     0.999896     16906944      9637.65
        1.87     0.999902     16907067     10240.00
        1.87     0.999908     16907067     10922.67
        1.88     0.999915     16907180     11702.86
        1.89     0.999921     16907278     12603.08
        1.90     0.999927     16907451     13653.33
        1.91     0.999933     16907523     14894.55
        1.92     0.999939     16907588     16384.00
        1.93     0.999942     16907655     17246.32
        1.94     0.999945     16907694     18204.44
        1.94     0.999948     16907750     19275.29
        1.95     0.999951     16907791     20480.00
        1.96     0.999954     16907849     21845.33
        1.98     0.999957     16907926     23405.71
        1.98     0.999960     16907958     25206.15
        2.00     0.999963     16908005     27306.67
        2.02     0.999966     16908054     29789.09
        2.05     0.999969     16908108     32768.00
        2.06     0.999971     16908126     34492.63
        2.10     0.999973     16908166     36408.89
        2.11     0.999974     16908179     38550.59
        2.16     0.999976     16908210     40960.00
        2.19     0.999977     16908232     43690.67
        2.25     0.999979     16908260     46811.43
        2.32     0.999980     16908285     50412.31
        2.38     0.999982     16908308     54613.33
        2.58     0.999983     16908332     59578.18
        2.99     0.999985     16908360     65536.00
        3.04     0.999986     16908370     68985.26
        3.09     0.999986     16908387     72817.78
        3.15     0.999987     16908397     77101.18
        3.18     0.999988     16908432     81920.00
        3.18     0.999989     16908432     87381.33
        3.20     0.999989     16908437     93622.86
        3.31     0.999990     16908451    100824.62
        3.42     0.999991     16908461    109226.67
        3.54     0.999992     16908475    119156.36
        3.73     0.999992     16908490    131072.00
        3.74     0.999993     16908493    137970.53
        3.92     0.999993     16908499    145635.56
        8.57     0.999994     16908512    154202.35
        8.57     0.999994     16908512    163840.00
       80.89     0.999994     16908539    174762.67
       80.89     0.999995     16908539    187245.71
       80.89     0.999995     16908539    201649.23
       80.89     0.999995     16908539    218453.33
       81.41     0.999996     16908564    238312.73
       81.41     0.999996     16908564    262144.00
       81.41     0.999996     16908564    275941.05
       81.41     0.999997     16908564    291271.11
       81.41     0.999997     16908564    308404.71
       81.41     0.999997     16908564    327680.00
       81.92     0.999997     16908568    349525.33
      166.91     0.999997     16908610    374491.43
      166.91     0.999998     16908610    403298.46
      166.91     0.999998     16908610    436906.67
      166.91     0.999998     16908610    476625.45
      166.91     0.999998     16908610    524288.00
      166.91     0.999998     16908610    551882.11
      166.91     0.999998     16908610    582542.22
      166.91     0.999998     16908610    616809.41
      166.91     0.999998     16908610    655360.00
      166.91     0.999999     16908610    699050.67
      166.91     0.999999     16908610    748982.86
      166.91     0.999999     16908610    806596.92
      166.91     0.999999     16908610    873813.33
      166.91     0.999999     16908610    953250.91
      166.91     0.999999     16908610   1048576.00
      166.91     0.999999     16908610   1103764.21
      166.91     0.999999     16908610   1165084.44
      166.91     0.999999     16908610   1233618.82
      166.91     0.999999     16908610   1310720.00
      166.91     0.999999     16908610   1398101.33
      166.91     0.999999     16908610   1497965.71
      166.91     0.999999     16908610   1613193.85
      166.91     0.999999     16908610   1747626.67
      166.91     0.999999     16908610   1906501.82
      166.91     1.000000     16908610   2097152.00
      166.91     1.000000     16908610   2207528.42
      166.91     1.000000     16908610   2330168.89
      166.91     1.000000     16908610   2467237.65
      166.91     1.000000     16908610   2621440.00
      166.91     1.000000     16908610   2796202.67
      166.91     1.000000     16908610   2995931.43
      166.91     1.000000     16908610   3226387.69
      167.94     1.000000     16908614   3495253.33
      167.94     1.000000     16908614   3813003.64
      167.94     1.000000     16908614   4194304.00
      167.94     1.000000     16908614   4415056.84
      167.94     1.000000     16908614   4660337.78
      167.94     1.000000     16908614   4934475.29
      167.94     1.000000     16908614   5242880.00
      167.94     1.000000     16908614   5592405.33
      167.94     1.000000     16908614   5991862.86
      167.94     1.000000     16908614   6452775.39
      167.94     1.000000     16908614   6990506.67
      167.94     1.000000     16908614   7626007.28
      167.94     1.000000     16908614   8388608.00
      167.94     1.000000     16908614   8830113.68
      167.94     1.000000     16908614   9320675.55
      167.94     1.000000     16908614   9868950.59
      167.94     1.000000     16908614  10485760.00
      167.94     1.000000     16908614  11184810.67
      167.94     1.000000     16908614  11983725.71
      167.94     1.000000     16908614  12905550.76
      167.94     1.000000     16908614  13981013.34
      167.94     1.000000     16908614  15252014.55
      167.94     1.000000     16908614  16777216.00
      168.96     1.000000     16908615  17660227.38
      168.96     1.000000     16908615          inf
#[Mean    =        0.727, StdDeviation   =        0.363]
#[Max     =      168.959, Total count    =     16908615]
#[Buckets =           20, SubBuckets     =          256]
