       Value   Percentile   TotalCount 1/(1-Percentile)

        0.02     0.000000        10034         1.00
        0.38     0.050000       847171         1.05
        0.61     0.100000      1732270         1.11
        0.69     0.150000      2568594         1.18
        0.71     0.200000      3434999         1.25
        0.73     0.250000      4914097         1.33
        0.73     0.300000      5889451         1.43
        0.74     0.350000      7029662         1.54
        0.74     0.400000      7029662         1.67
        0.75     0.450000      8341426         1.82
        0.76     0.500000      9773730         2.00
        0.76     0.525000      9773730         2.11
        0.76     0.550000      9773730         2.22
        0.76     0.575000      9773730         2.35
        0.77     0.600000     11220987         2.50
        0.77     0.625000     11220987         2.67
        0.77     0.650000     11220987         2.86
        0.78     0.675000     12503818         3.08
        0.78     0.700000     12503818         3.33
        0.78     0.725000     12503818         3.64
        0.78     0.750000     13460226         4.00
        0.78     0.762500     13460226         4.21
        0.78     0.775000     13460226         4.44
        0.78     0.787500     13460226         4.71
        0.79     0.800000     14072287         5.00
        0.79     0.812500     14072287         5.33
        0.79     0.825000     14072287         5.71
        0.80     0.837500     14428802         6.15
        0.80     0.850000     14428802         6.67
        0.81     0.862500     14638365         7.27
        0.82     0.875000     14913236         8.00
        0.82     0.881250     14913236         8.42
        0.83     0.887500     15036344         8.89
        0.84     0.893750     15161807         9.41
        0.85     0.900000     15295242        10.00
        0.85     0.906250     15435814        10.67
        0.85     0.912500     15435814        11.43
        0.86     0.918750     15578598        12.31
        0.87     0.925000     15713782        13.33
        0.88     0.931250     15839320        14.55
        0.89     0.937500     15945380        16.00
        0.89     0.940625     15945380        16.84
        0.90     0.943750     16032173        17.78
        0.90     0.946875     16032173        18.82
        0.90     0.950000     16101305        20.00
        0.91     0.953125     16155133        21.33
        0.92     0.956250     16197680        22.86
        0.93     0.959375     16231133        24.62
        0.94     0.962500     16278488        26.67
        0.97     0.965625     16333560        29.09
        0.99     0.968750     16381541        32.00
        1.01     0.970313     16410179        33.68
        1.02     0.971875     16436367        35.56
        1.04     0.973437     16458932        37.65
        1.07     0.975000     16490289        40.00
        1.12     0.976562     16512514        42.67
        1.22     0.978125     16538423        45.71
        1.33     0.979688     16564568        49.23
        1.40     0.981250     16593744        53.33
        1.43     0.982812     16622986        58.18
        1.46     0.984375     16652127        64.00
        1.46     0.985156     16663032        67.37
        1.47     0.985938     16674651        71.11
        1.48     0.986719     16687240        75.29
        1.49     0.987500     16700470        80.00
        1.50     0.988281     16714177        85.33
        1.50     0.989062     16729031        91.43
        1.51     0.989844     16744666        98.46
        1.52     0.990625     16761555       106.67
        1.53     0.991406     16778693       116.36
        1.53     0.992188     16778693       128.00
        1.53     0.992578     16795492       134.74
        1.53     0.992969     16795492       142.22
        1.54     0.993359     16811206       150.59
        1.54     0.993750     16811206       160.00
        1.54     0.994141     16811206       170.67
        1.55     0.994531     16824930       182.86
        1.55     0.994922     16824930       196.92
        1.56     0.995313     16836502       213.33
        1.56     0.995703     16836502       232.73
        1.57     0.996094     16845735       256.00
        1.57     0.996289     16845735       269.47
        1.57     0.996484     16852995       284.44
        1.57     0.996680     16852995       301.18
        1.58     0.996875     16858533       320.00
        1.58     0.997070     16858533       341.33
        1.59     0.997266     16862886       365.71
        1.60     0.997461     16866179       393.85
        1.61     0.997656     16868707       426.67
        1.62     0.997852     16872755       465.45
        1.64     0.998047     16875995       512.00
        1.65     0.998145     16877534       538.95
        1.66     0.998242     16879037       568.89
        1.66     0.998340     16880614       602.35
        1.67     0.998437     16882178       640.00
        1.68     0.998535     16883641       682.67
        1.69     0.998633     16885157       731.43
        1.70     0.998730     16886659       787.69
        1.70     0.998828     16888173       853.33
        1.71     0.998926     16889727       930.91
        1.73     0.999023     16892781      1024.00
        1.73     0.999072     16892781      1077.89
        1.74     0.999121     16894254      1137.78
        1.74     0.999170     16894254      1204.71
        1.74     0.999219     16895667      1280.00
        1.74     0.999268     16895667      1365.33
        1.75     0.999316     16897091      1462.86
        1.76     0.999365     16898374      1575.38
        1.76     0.999414     16898374      1706.67
        1.77     0.999463     16899538      1861.82
        1.77     0.999512     16900548      2048.00
        1.77     0.999536     16900548      2155.79
        1.77     0.999561     16900548      2275.56
        1.78     0.999585     16901465      2409.41
        1.78     0.999609     16901465      2560.00
        1.79     0.999634     16902150      2730.67
        1.79     0.999658     16902150      2925.71
        1.80     0.999683     16902763      3150.77
        1.81     0.999707     16903286      3413.33
        1.81     0.999731     16903800      3723.64
        1.81     0.999756     16903800      4096.00
        1.82     0.999768     16904202      4311.58
        1.82     0.999780     16904202      4551.11
        1.83     0.999792     16904557      4818.82
        1.83     0.999805     16904557      5120.00
        1.84     0.999817     16904877      5461.33
        1.85     0.999829     16905139      5851.43
        1.85     0.999841     16905392      6301.54
        1.85     0.999854     16905392      6826.67
        1.86     0.999866     16905615      7447.27
        1.87     0.999878     16905800      8192.00
        1.88     0.999884     16905972      8623.16
        1.88     0.999890     16905972      9102.22
        1.89     0.999896     16906127      9637.65
        1.90     0.999902     16906261     10240.00
        1.90     0.999908     16906376     10922.67
        1.91     0.999915     16906500     11702.86
        1.91     0.999921     16906500     12603.08
        1.92     0.999927     16906610     13653.33
        1.93     0.999933     16906708     14894.55
        1.94     0.999939     16906797     16384.00
        1.94     0.999942     16906869     17246.32
        1.95     0.999945     16906940     18204.44
        1.96     0.999948     16906998     19275.29
        1.97     0.999951     16907064     20480.00
        1.97     0.999954     16907064     21845.33
        1.98     0.999957     16907108     23405.71
        1.99     0.999960     16907191     25206.15
        2.00     0.999963     16907226     27306.67
        2.01     0.999966     16907262     29789.09
        2.03     0.999969     16907323     32768.00
        2.05     0.999971     16907343     34492.63
        2.06     0.999973     16907365     36408.89
        2.10     0.999974     16907391     38550.59
        2.13     0.999976     16907418     40960.00
        2.16     0.999977     16907442     43690.67
        2.19     0.999979     16907467     46811.43
        2.22     0.999980     16907494     50412.31
        2.27     0.999982     16907526     54613.33
        2.30     0.999983     16907546     59578.18
        2.37     0.999985     16907574     65536.00
        2.40     0.999986     16907592     68985.26
        2.42     0.999986     16907601     72817.78
        2.43     0.999987     16907608     77101.18
        2.50     0.999988     16907621     81920.00
        2.59     0.999989     16907637     87381.33
        2.62     0.999989     16907647     93622.86
        2.78     0.999990     16907664    100824.62
        2.94     0.999991     16907674    109226.67
        2.99     0.999992     16907690    119156.36
        3.01     0.999992     16907715    131072.00
        3.01     0.999993     16907715    137970.53
        3.01     0.999993     16907715    145635.56
        3.04     0.999994     16907718    154202.35
        3.20     0.999994     16907724    163840.00
       78.85     0.999994     16907734    174762.67
       79.36     0.999995     16907763    187245.71
       79.36     0.999995     16907763    201649.23
       79.36     0.999995     16907763    218453.33
       79.36     0.999996     16907763    238312.73
       79.36     0.999996     16907763    262144.00
       79.87     0.999996     16907776    275941.05
       79.87     0.999997     16907776    291271.11
       79.87     0.999997     16907776    308404.71
       79.87     0.999997     16907776    327680.00
      167.94     0.999997     16907820    349525.33
      167.94     0.999997     16907820    374491.43
      167.94     0.999998     16907820    403298.46
      167.94     0.999998     16907820    436906.67
      167.94     0.999998     16907820    476625.45
      167.94     0.999998     16907820    524288.00
      167.94     0.999998     16907820    551882.11
      167.94     0.999998     16907820    582542.22
      167.94     0.999998     16907820    616809.41
      167.94     0.999998     16907820    655360.00
      167.94     0.999999     16907820    699050.67
      167.94     0.999999     16907820    748982.86
      167.94     0.999999     16907820    806596.92
      167.94     0.999999     16907820    873813.33
      167.94     0.999999     16907820    953250.91
      167.94     0.999999     16907820   1048576.00
      167.94     0.999999     16907820   1103764.21
      167.94     0.999999     16907820   1165084.44
      167.94     0.999999     16907820   1233618.82
      167.94     0.999999     16907820   1310720.00
      167.94     0.999999     16907820   1398101.33
      167.94     0.999999     16907820   1497965.71
      167.94     0.999999     16907820   1613193.85
      167.94     0.999999     16907820   1747626.67
      167.94     0.999999     16907820   1906501.82
      167.94     1.000000     16907820   2097152.00
      167.94     1.000000     16907820   2207528.42
      167.94     1.000000     16907820   2330168.89
      168.96     1.000000     16907825   2467237.65
      168.96     1.000000     16907825   2621440.00
      168.96     1.000000     16907825   2796202.67
      168.96     1.000000     16907825   2995931.43
      168.96     1.000000     16907825   3226387.69
      168.96     1.000000     16907825   3495253.33
      168.96     1.000000     16907825   3813003.64
      168.96     1.000000     16907825   4194304.00
      168.96     1.000000     16907825   4415056.84
      168.96     1.000000     16907825   4660337.78
      168.96     1.000000     16907825   4934475.29
      168.96     1.000000     16907825   5242880.00
      168.96     1.000000     16907825   5592405.33
      168.96     1.000000     16907825   5991862.86
      168.96     1.000000     16907825   6452775.39
      168.96     1.000000     16907825   6990506.67
      168.96     1.000000     16907825   7626007.28
      168.96     1.000000     16907825   8388608.00
      169.98     1.000000     16907827   8830113.68
      169.98     1.000000     16907827          inf
#[Mean    =        0.739, StdDeviation   =        0.366]
#[Max     =      169.983, Total count    =     16907827]
#[Buckets =           20, SubBuckets     =          256]
