       Value   Percentile   TotalCount 1/(1-Percentile)

        0.34     0.000000            3         1.00
        1.84     0.050000      2874245         1.05
        1.88     0.100000      6154069         1.11
        1.90     0.150000      8922088         1.18
        1.93     0.200000     12155184         1.25
        1.94     0.250000     14469513         1.33
        1.97     0.300000     17968723         1.43
        1.98     0.350000     20198202         1.54
        2.01     0.400000     23247376         1.67
        2.03     0.450000     25802843         1.82
        2.08     0.500000     29306640         2.00
        2.10     0.525000     30061291         2.11
        2.14     0.550000     31450620         2.22
        2.77     0.575000     32761839         2.35
        2.96     0.600000     34312868         2.50
        3.02     0.625000     35592695         2.67
        3.09     0.650000     37407565         2.86
        3.12     0.675000     38527646         3.08
        3.17     0.700000     40437495         3.33
        3.20     0.725000     41832047         3.64
        3.23     0.750000     43275840         4.00
        3.25     0.762500     43993958         4.21
        3.26     0.775000     44699938         4.44
        3.28     0.787500     45386245         4.71
        3.29     0.800000     46043387         5.00
        3.31     0.812500     46663381         5.33
        3.33     0.825000     47244215         5.71
        3.34     0.837500     47781988         6.15
        3.38     0.850000     48738988         6.67
        3.39     0.862500     49170141         7.27
        3.42     0.875000     49971097         8.00
        3.44     0.881250     50363592         8.42
        3.46     0.887500     50762379         8.89
        3.47     0.893750     51170410         9.41
        3.49     0.900000     51592226        10.00
        3.49     0.906250     51592226        10.67
        3.50     0.912500     52021645        11.43
        3.52     0.918750     52462097        12.31
        3.54     0.925000     52900275        13.33
        3.55     0.931250     53327505        14.55
        3.57     0.937500     53742965        16.00
        3.57     0.940625     53742965        16.84
        3.57     0.943750     53742965        17.78
        3.58     0.946875     54129815        18.82
        3.58     0.950000     54129815        20.00
        3.60     0.953125     54487925        21.33
        3.60     0.956250     54487925        22.86
        3.62     0.959375     54809194        24.62
        3.62     0.962500     54809194        26.67
        3.63     0.965625     55090053        29.09
        3.65     0.968750     55334254        32.00
        3.65     0.970313     55334254        33.68
        3.65     0.971875     55334254        35.56
        3.66     0.973437     55542425        37.65
        3.66     0.975000     55542425        40.00
        3.68     0.976562     55720677        42.67
        3.68     0.978125     55720677        45.71
        3.69     0.979688     55871007        49.23
        3.69     0.981250     55871007        53.33
        3.71     0.982812     55998570        58.18
        3.73     0.984375     56107139        64.00
        3.73     0.985156     56107139        67.37
        3.74     0.985938     56202274        71.11
        3.74     0.986719     56202274        75.29
        3.76     0.987500     56283412        80.00
        3.76     0.988281     56283412        85.33
        3.77     0.989062     56356769        91.43
        3.77     0.989844     56356769        98.46
        3.79     0.990625     56423256       106.67
        3.81     0.991406     56483326       116.36
        3.81     0.992188     56483326       128.00
        3.82     0.992578     56539490       134.74
        3.82     0.992969     56539490       142.22
        3.82     0.993359     56539490       150.59
        3.84     0.993750     56590162       160.00
        3.84     0.994141     56590162       170.67
        3.85     0.994531     56636900       182.86
        3.85     0.994922     56636900       196.92
        3.87     0.995313     56677848       213.33
        3.87     0.995703     56677848       232.73
        3.89     0.996094     56714271       256.00
        3.89     0.996289     56714271       269.47
        3.90     0.996484     56746491       284.44
        3.90     0.996680     56746491       301.18
        3.90     0.996875     56746491       320.00
        3.92     0.997070     56774204       341.33
        3.92     0.997266     56774204       365.71
        3.92     0.997461     56774204       393.85
        3.94     0.997656     56797685       426.67
        3.94     0.997852     56797685       465.45
        3.95     0.998047     56817121       512.00
        3.95     0.998145     56817121       538.95
        3.95     0.998242     56817121       568.89
        3.97     0.998340     56833142       602.35
        3.97     0.998437     56833142       640.00
        3.98     0.998535     56846262       682.67
        3.98     0.998633     56846262       731.43
        3.98     0.998730     56846262       787.69
        4.00     0.998828     56857209       853.33
        4.00     0.998926     56857209       930.91
        4.01     0.999023     56865758      1024.00
        4.01     0.999072     56865758      1077.89
        4.03     0.999121     56872738      1137.78
        4.03     0.999170     56872738      1204.71
        4.03     0.999219     56872738      1280.00
        4.05     0.999268     56878458      1365.33
        4.05     0.999316     56878458      1462.86
        4.06     0.999365     56883162      1575.38
        4.08     0.999414     56886928      1706.67
        4.08     0.999463     56886928      1861.82
        4.09     0.999512     56889970      2048.00
        4.13     0.999536     56894639      2155.79
        4.13     0.999561     56894639      2275.56
        4.13     0.999585     56894639      2409.41
        4.13     0.999609     56894639      2560.00
        4.16     0.999634     56897803      2730.67
        4.16     0.999658     56897803      2925.71
        4.19     0.999683     56900280      3150.77
        4.19     0.999707     56900280      3413.33
        4.22     0.999731     56902283      3723.64
        4.25     0.999756     56904035      4096.00
        4.25     0.999768     56904035      4311.58
        4.29     0.999780     56905526      4551.11
        4.29     0.999792     56905526      4818.82
        4.32     0.999805     56906882      5120.00
        4.32     0.999817     56906882      5461.33
        4.35     0.999829     56907985      5851.43
        4.35     0.999841     56907985      6301.54
        4.38     0.999854     56908924      6826.67
        4.42     0.999866     56909781      7447.27
        4.45     0.999878     56910647      8192.00
        4.45     0.999884     56910647      8623.16
        4.45     0.999890     56910647      9102.22
        4.48     0.999896     56911295      9637.65
        4.48     0.999902     56911295     10240.00
        4.51     0.999908     56912039     10922.67
        4.51     0.999915     56912039     11702.86
        4.54     0.999921     56912620     12603.08
        4.58     0.999927     56913147     13653.33
        4.58     0.999933     56913147     14894.55
        4.61     0.999939     56913561     16384.00
        4.61     0.999942     56913561     17246.32
        4.64     0.999945     56914026     18204.44
        4.64     0.999948     56914026     19275.29
        4.67     0.999951     56914360     20480.00
        4.67     0.999954     56914360     21845.33
        4.70     0.999957     56914786     23405.71
        4.70     0.999960     56914786     25206.15
        4.70     0.999963     56914786     27306.67
        4.74     0.999966     56915056     29789.09
        4.77     0.999969     56915368     32768.00
        4.77     0.999971     56915368     34492.63
        4.77     0.999973     56915368     36408.89
        4.77     0.999974     56915368     38550.59
        4.80     0.999976     56915613     40960.00
        4.80     0.999977     56915613     43690.67
        4.83     0.999979     56915774     46811.43
        4.83     0.999980     56915774     50412.31
        4.86     0.999982     56915897     54613.33
        4.86     0.999983     56915897     59578.18
        4.89     0.999985     56915999     65536.00
        4.93     0.999986     56916115     68985.26
        4.93     0.999986     56916115     72817.78
        4.93     0.999987     56916115     77101.18
        4.96     0.999988     56916194     81920.00
        4.96     0.999989     56916194     87381.33
        4.99     0.999989     56916306     93622.86
        4.99     0.999990     56916306    100824.62
        5.02     0.999991     56916349    109226.67
        5.05     0.999992     56916408    119156.36
        5.05     0.999992     56916408    131072.00
        5.09     0.999993     56916471    137970.53
        5.09     0.999993     56916471    145635.56
        5.12     0.999994     56916527    154202.35
        5.12     0.999994     56916527    163840.00
        5.12     0.999994     56916527    174762.67
        5.15     0.999995     56916568    187245.71
        5.15     0.999995     56916568    201649.23
        5.18     0.999995     56916625    218453.33
        5.18     0.999996     56916625    238312.73
        5.18     0.999996     56916625    262144.00
        5.21     0.999996     56916653    275941.05
        5.21     0.999997     56916653    291271.11
        5.25     0.999997     56916693    308404.71
        5.25     0.999997     56916693    327680.00
        5.25     0.999997     56916693    349525.33
        5.25     0.999997     56916693    374491.43
        5.28     0.999998     56916712    403298.46
        5.28     0.999998     56916712    436906.67
        5.31     0.999998     56916732    476625.45
        5.34     0.999998     56916747    524288.00
        5.34     0.999998     56916747    551882.11
        5.34     0.999998     56916747    582542.22
        5.38     0.999998     56916767    616809.41
        5.38     0.999998     56916767    655360.00
        5.38     0.999999     56916767    699050.67
        5.38     0.999999     56916767    748982.86
        5.41     0.999999     56916778    806596.92
        5.41     0.999999     56916778    873813.33
        5.44     0.999999     56916783    953250.91
        5.50     0.999999     56916808   1048576.00
        5.50     0.999999     56916808   1103764.21
        5.50     0.999999     56916808   1165084.44
        5.50     0.999999     56916808   1233618.82
        5.50     0.999999     56916808   1310720.00
        5.50     0.999999     56916808   1398101.33
        5.50     0.999999     56916808   1497965.71
        5.50     0.999999     56916808   1613193.85
        5.54     0.999999     56916817   1747626.67
        5.54     0.999999     56916817   1906501.82
        5.54     1.000000     56916817   2097152.00
        5.54     1.000000     56916817   2207528.42
        5.54     1.000000     56916817   2330168.89
        5.57     1.000000     56916818   2467237.65
        5.60     1.000000     56916825   2621440.00
        5.60     1.000000     56916825   2796202.67
        5.60     1.000000     56916825   2995931.43
        5.60     1.000000     56916825   3226387.69
        5.60     1.000000     56916825   3495253.33
        5.63     1.000000     56916831   3813003.64
        5.63     1.000000     56916831   4194304.00
        5.63     1.000000     56916831   4415056.84
        5.63     1.000000     56916831   4660337.78
        5.63     1.000000     56916831   4934475.29
        5.63     1.000000     56916831   5242880.00
        5.63     1.000000     56916831   5592405.33
        5.66     1.000000     56916835   5991862.86
        5.66     1.000000     56916835   6452775.39
        5.66     1.000000     56916835   6990506.67
        5.66     1.000000     56916835   7626007.28
        5.66     1.000000     56916835   8388608.00
        5.66     1.000000     56916835   8830113.68
        5.66     1.000000     56916835   9320675.55
        5.70     1.000000     56916836   9868950.59
        5.70     1.000000     56916836  10485760.00
        5.70     1.000000     56916836  11184810.67
        5.76     1.000000     56916837  11983725.71
        5.76     1.000000     56916837  12905550.76
        5.76     1.000000     56916837  13981013.34
        5.79     1.000000     56916839  15252014.55
        5.79     1.000000     56916839  16777216.00
        5.79     1.000000     56916839  17660227.38
        5.79     1.000000     56916839  18641351.10
        5.79     1.000000     56916839  19737901.19
        5.79     1.000000     56916839  20971519.98
        5.79     1.000000     56916839  22369621.33
        5.79     1.000000     56916839  23967451.45
        5.79     1.000000     56916839  25811101.52
        5.79     1.000000     56916839  27962026.68
        5.82     1.000000     56916840  30504029.05
        5.82     1.000000     56916840  33554432.00
        5.82     1.000000     56916840  35320454.76
        5.82     1.000000     56916840  37282702.28
        5.82     1.000000     56916840  39475802.28
        5.82     1.000000     56916840  41943039.96
        5.82     1.000000     56916840  44739242.67
        5.82     1.000000     56916840  47934902.91
        5.82     1.000000     56916840  51622203.20
        5.82     1.000000     56916840  55924053.19
        5.86     1.000000     56916841  61008058.10
        5.86     1.000000     56916841          inf
#[Mean    =        2.529, StdDeviation   =        0.678]
#[Max     =        5.855, Total count    =     56916841]
#[Buckets =           20, SubBuckets     =          256]
