       Value   Percentile   TotalCount 1/(1-Percentile)

        0.34     0.000000            6         1.00
        1.84     0.050000      5748557         1.05
        1.88     0.100000     12308344         1.11
        1.90     0.150000     17844487         1.18
        1.93     0.200000     24310818         1.25
        1.94     0.250000     28939577         1.33
        1.97     0.300000     35938167         1.43
        1.98     0.350000     40397246         1.54
        2.01     0.400000     46495780         1.67
        2.03     0.450000     51606907         1.82
        2.08     0.500000     58614743         2.00
        2.10     0.525000     60124052         2.11
        2.14     0.550000     62902625         2.22
        2.77     0.575000     65523877         2.35
        2.96     0.600000     68625897         2.50
        3.02     0.625000     71185461         2.67
        3.09     0.650000     74815107         2.86
        3.12     0.675000     77055205         3.08
        3.17     0.700000     80874760         3.33
        3.20     0.725000     83663792         3.64
        3.23     0.750000     86551247         4.00
        3.25     0.762500     87987438         4.21
        3.26     0.775000     89399364         4.44
        3.28     0.787500     90771945         4.71
        3.29     0.800000     92086198         5.00
        3.31     0.812500     93326167         5.33
        3.33     0.825000     94487826         5.71
        3.34     0.837500     95563369         6.15
        3.38     0.850000     97477396         6.67
        3.39     0.862500     98339723         7.27
        3.42     0.875000     99941729         8.00
        3.44     0.881250    100726748         8.42
        3.46     0.887500    101524379         8.89
        3.47     0.893750    102340472         9.41
        3.49     0.900000    103184149        10.00
        3.49     0.906250    103184149        10.67
        3.50     0.912500    104043063        11.43
        3.52     0.918750    104924043        12.31
        3.54     0.925000    105800470        13.33
        3.55     0.931250    106654995        14.55
        3.57     0.937500    107485976        16.00
        3.57     0.940625    107485976        16.84
        3.57     0.943750    107485976        17.78
        3.58     0.946875    108259712        18.82
        3.58     0.950000    108259712        20.00
        3.60     0.953125    108975980        21.33
        3.60     0.956250    108975980        22.86
        3.62     0.959375    109618576        24.62
        3.62     0.962500    109618576        26.67
        3.63     0.965625    110180285        29.09
        3.65     0.968750    110668699        32.00
        3.65     0.970313    110668699        33.68
        3.65     0.971875    110668699        35.56
        3.66     0.973437    111085017        37.65
        3.66     0.975000    111085017        40.00
        3.68     0.976562    111441517        42.67
        3.68     0.978125    111441517        45.71
        3.69     0.979688    111742140        49.23
        3.69     0.981250    111742140        53.33
        3.71     0.982812    111997255        58.18
        3.73     0.984375    112214364        64.00
        3.73     0.985156    112214364        67.37
        3.74     0.985938    112404635        71.11
        3.74     0.986719    112404635        75.29
        3.76     0.987500    112566876        80.00
        3.76     0.988281    112566876        85.33
        3.77     0.989062    112713594        91.43
        3.77     0.989844    112713594        98.46
        3.79     0.990625    112846569       106.67
        3.81     0.991406    112966699       116.36
        3.81     0.992188    112966699       128.00
        3.82     0.992578    113079032       134.74
        3.82     0.992969    113079032       142.22
        3.82     0.993359    113079032       150.59
        3.84     0.993750    113180381       160.00
        3.84     0.994141    113180381       170.67
        3.85     0.994531    113273859       182.86
        3.85     0.994922    113273859       196.92
        3.87     0.995313    113355763       213.33
        3.87     0.995703    113355763       232.73
        3.89     0.996094    113428611       256.00
        3.89     0.996289    113428611       269.47
        3.90     0.996484    113493067       284.44
        3.90     0.996680    113493067       301.18
        3.90     0.996875    113493067       320.00
        3.92     0.997070    113548486       341.33
        3.92     0.997266    113548486       365.71
        3.92     0.997461    113548486       393.85
        3.94     0.997656    113595451       426.67
        3.94     0.997852    113595451       465.45
        3.95     0.998047    113634321       512.00
        3.95     0.998145    113634321       538.95
        3.95     0.998242    113634321       568.89
        3.97     0.998340    113666358       602.35
        3.97     0.998437    113666358       640.00
        3.98     0.998535    113692608       682.67
        3.98     0.998633    113692608       731.43
        3.98     0.998730    113692608       787.69
        4.00     0.998828    113714507       853.33
        4.00     0.998926    113714507       930.91
        4.01     0.999023    113731610      1024.00
        4.01     0.999072    113731610      1077.89
        4.03     0.999121    113745567      1137.78
        4.03     0.999170    113745567      1204.71
        4.03     0.999219    113745567      1280.00
        4.05     0.999268    113757010      1365.33
        4.05     0.999316    113757010      1462.86
        4.06     0.999365    113766422      1575.38
        4.08     0.999414    113773958      1706.67
        4.08     0.999463    113773958      1861.82
        4.09     0.999512    113780045      2048.00
        4.13     0.999536    113789384      2155.79
        4.13     0.999561    113789384      2275.56
        4.13     0.999585    113789384      2409.41
        4.13     0.999609    113789384      2560.00
        4.16     0.999634    113795712      2730.67
        4.16     0.999658    113795712      2925.71
        4.19     0.999683    113800666      3150.77
        4.19     0.999707    113800666      3413.33
        4.22     0.999731    113804672      3723.64
        4.25     0.999756    113808177      4096.00
        4.25     0.999768    113808177      4311.58
        4.29     0.999780    113811158      4551.11
        4.29     0.999792    113811158      4818.82
        4.32     0.999805    113813869      5120.00
        4.32     0.999817    113813869      5461.33
        4.35     0.999829    113816075      5851.43
        4.35     0.999841    113816075      6301.54
        4.38     0.999854    113817954      6826.67
        4.42     0.999866    113819667      7447.27
        4.45     0.999878    113821398      8192.00
        4.45     0.999884    113821398      8623.16
        4.45     0.999890    113821398      9102.22
        4.48     0.999896    113822694      9637.65
        4.48     0.999902    113822694     10240.00
        4.51     0.999908    113824183     10922.67
        4.51     0.999915    113824183     11702.86
        4.54     0.999921    113825345     12603.08
        4.58     0.999927    113826399     13653.33
        4.58     0.999933    113826399     14894.55
        4.61     0.999939    113827227     16384.00
        4.61     0.999942    113827227     17246.32
        4.64     0.999945    113828156     18204.44
        4.64     0.999948    113828156     19275.29
        4.67     0.999951    113828824     20480.00
        4.67     0.999954    113828824     21845.33
        4.70     0.999957    113829676     23405.71
        4.70     0.999960    113829676     25206.15
        4.70     0.999963    113829676     27306.67
        4.74     0.999966    113830216     29789.09
        4.77     0.999969    113830840     32768.00
        4.77     0.999971    113830840     34492.63
        4.77     0.999973    113830840     36408.89
        4.77     0.999974    113830840     38550.59
        4.80     0.999976    113831329     40960.00
        4.80     0.999977    113831329     43690.67
        4.83     0.999979    113831650     46811.43
        4.83     0.999980    113831650     50412.31
        4.86     0.999982    113831896     54613.33
        4.86     0.999983    113831896     59578.18
        4.89     0.999985    113832100     65536.00
        4.93     0.999986    113832332     68985.26
        4.93     0.999986    113832332     72817.78
        4.93     0.999987    113832332     77101.18
        4.96     0.999988    113832490     81920.00
        4.96     0.999989    113832490     87381.33
        4.99     0.999989    113832714     93622.86
        4.99     0.999990    113832714    100824.62
        5.02     0.999991    113832800    109226.67
        5.05     0.999992    113832916    119156.36
        5.05     0.999992    113832916    131072.00
        5.09     0.999993    113833043    137970.53
        5.09     0.999993    113833043    145635.56
        5.12     0.999994    113833155    154202.35
        5.12     0.999994    113833155    163840.00
        5.12     0.999994    113833155    174762.67
        5.15     0.999995    113833237    187245.71
        5.15     0.999995    113833237    201649.23
        5.18     0.999995    113833350    218453.33
        5.18     0.999996    113833350    238312.73
        5.18     0.999996    113833350    262144.00
        5.21     0.999996    113833406    275941.05
        5.21     0.999997    113833406    291271.11
        5.25     0.999997    113833486    308404.71
        5.25     0.999997    113833486    327680.00
        5.25     0.999997    113833486    349525.33
        5.25     0.999997    113833486    374491.43
        5.28     0.999998    113833524    403298.46
        5.28     0.999998    113833524    436906.67
        5.31     0.999998    113833564    476625.45
        5.34     0.999998    113833594    524288.00
        5.34     0.999998    113833594    551882.11
        5.34     0.999998    113833594    582542.22
        5.38     0.999998    113833634    616809.41
        5.38     0.999998    113833634    655360.00
        5.38     0.999999    113833634    699050.67
        5.38     0.999999    113833634    748982.86
        5.41     0.999999    113833656    806596.92
        5.41     0.999999    113833656    873813.33
        5.44     0.999999    113833666    953250.91
        5.50     0.999999    113833716   1048576.00
        5.50     0.999999    113833716   1103764.21
        5.50     0.999999    113833716   1165084.44
        5.50     0.999999    113833716   1233618.82
        5.50     0.999999    113833716   1310720.00
        5.50     0.999999    113833716   1398101.33
        5.50     0.999999    113833716   1497965.71
        5.50     0.999999    113833716   1613193.85
        5.54     0.999999    113833734   1747626.67
        5.54     0.999999    113833734   1906501.82
        5.54     1.000000    113833734   2097152.00
        5.54     1.000000    113833734   2207528.42
        5.54     1.000000    113833734   2330168.89
        5.57     1.000000    113833736   2467237.65
        5.60     1.000000    113833750   2621440.00
        5.60     1.000000    113833750   2796202.67
        5.60     1.000000    113833750   2995931.43
        5.60     1.000000    113833750   3226387.69
        5.60     1.000000    113833750   3495253.33
        5.63     1.000000    113833762   3813003.64
        5.63     1.000000    113833762   4194304.00
        5.63     1.000000    113833762   4415056.84
        5.63     1.000000    113833762   4660337.78
        5.63     1.000000    113833762   4934475.29
        5.63     1.000000    113833762   5242880.00
        5.63     1.000000    113833762   5592405.33
        5.66     1.000000    113833770   5991862.86
        5.66     1.000000    113833770   6452775.39
        5.66     1.000000    113833770   6990506.67
        5.66     1.000000    113833770   7626007.28
        5.66     1.000000    113833770   8388608.00
        5.66     1.000000    113833770   8830113.68
        5.66     1.000000    113833770   9320675.55
        5.70     1.000000    113833772   9868950.59
        5.70     1.000000    113833772  10485760.00
        5.70     1.000000    113833772  11184810.67
        5.76     1.000000    113833774  11983725.71
        5.76     1.000000    113833774  12905550.76
        5.76     1.000000    113833774  13981013.34
        5.79     1.000000    113833778  15252014.55
        5.79     1.000000    113833778  16777216.00
        5.79     1.000000    113833778  17660227.38
        5.79     1.000000    113833778  18641351.10
        5.79     1.000000    113833778  19737901.19
        5.79     1.000000    113833778  20971519.98
        5.79     1.000000    113833778  22369621.33
        5.79     1.000000    113833778  23967451.45
        5.79     1.000000    113833778  25811101.52
        5.79     1.000000    113833778  27962026.68
        5.82     1.000000    113833780  30504029.05
        5.82     1.000000    113833780  33554432.00
        5.82     1.000000    113833780  35320454.76
        5.82     1.000000    113833780  37282702.28
        5.82     1.000000    113833780  39475802.28
        5.82     1.000000    113833780  41943039.96
        5.82     1.000000    113833780  44739242.67
        5.82     1.000000    113833780  47934902.91
        5.82     1.000000    113833780  51622203.20
        5.82     1.000000    113833780  55924053.19
        5.86     1.000000    113833782  61008058.10
        5.86     1.000000    113833782          inf
#[Mean    =        2.528, StdDeviation   =        0.678]
#[Max     =        5.855, Total count    =    113833782]
#[Buckets =           20, SubBuckets     =          256]
