       Value   Percentile   TotalCount 1/(1-Percentile)

        0.14     0.000000            2         1.00
        0.69     0.050000      2167855         1.05
        0.70     0.100000      5830192         1.11
        0.70     0.150000      5830192         1.18
        0.70     0.200000      5830192         1.25
        0.70     0.250000      5830192         1.33
        0.71     0.300000     10693358         1.43
        0.71     0.350000     10693358         1.54
        0.71     0.400000     10693358         1.67
        0.71     0.450000     10693358         1.82
        0.72     0.500000     14803150         2.00
        0.72     0.525000     14803150         2.11
        0.72     0.550000     14803150         2.22
        0.72     0.575000     14803150         2.35
        0.72     0.600000     14803150         2.50
        0.72     0.625000     14803150         2.67
        0.72     0.650000     14803150         2.86
        0.73     0.675000     17878873         3.08
        0.73     0.700000     17878873         3.33
        0.73     0.725000     17878873         3.64
        0.73     0.750000     17878873         4.00
        0.73     0.762500     17878873         4.21
        0.73     0.775000     17878873         4.44
        0.73     0.787500     17878873         4.71
        0.73     0.800000     19892046         5.00
        0.73     0.812500     19892046         5.33
        0.73     0.825000     19892046         5.71
        0.73     0.837500     19892046         6.15
        0.73     0.850000     19892046         6.67
        0.73     0.862500     19892046         7.27
        0.73     0.875000     19892046         8.00
        0.73     0.881250     19892046         8.42
        0.73     0.887500     19892046         8.89
        0.74     0.893750     20881403         9.41
        0.74     0.900000     20881403        10.00
        0.74     0.906250     20881403        10.67
        0.74     0.912500     20881403        11.43
        0.74     0.918750     20881403        12.31
        0.74     0.925000     20881403        13.33
        0.74     0.931250     20881403        14.55
        0.75     0.937500     21251422        16.00
        0.75     0.940625     21251422        16.84
        0.75     0.943750     21251422        17.78
        0.75     0.946875     21251422        18.82
        0.75     0.950000     21251422        20.00
        0.76     0.953125     21397258        21.33
        0.76     0.956250     21397258        22.86
        0.77     0.959375     21483919        24.62
        0.78     0.962500     21543493        26.67
        0.79     0.965625     21610310        29.09
        0.82     0.968750     21671006        32.00
        0.83     0.970313     21702654        33.68
        0.84     0.971875     21736812        35.56
        0.85     0.973437     21782452        37.65
        0.88     0.975000     21805081        40.00
        0.99     0.976562     21839466        42.67
        1.38     0.978125     21875029        45.71
        1.39     0.979688     21916322        49.23
        1.40     0.981250     21954434        53.33
        1.41     0.982812     22003769        58.18
        1.42     0.984375     22059873        64.00
        1.42     0.985156     22059873        67.37
        1.42     0.985938     22059873        71.11
        1.42     0.986719     22115932        75.29
        1.42     0.987500     22115932        80.00
        1.42     0.988281     22115932        85.33
        1.43     0.989062     22166039        91.43
        1.43     0.989844     22166039        98.46
        1.43     0.990625     22166039       106.67
        1.44     0.991406     22208426       116.36
        1.44     0.992188     22208426       128.00
        1.44     0.992578     22208426       134.74
        1.44     0.992969     22208426       142.22
        1.45     0.993359     22244537       150.59
        1.45     0.993750     22244537       160.00
        1.45     0.994141     22244537       170.67
        1.45     0.994531     22244537       182.86
        1.46     0.994922     22275026       196.92
        1.46     0.995313     22275026       213.33
        1.46     0.995703     22275026       232.73
        1.46     0.996094     22275026       256.00
        1.46     0.996289     22299734       269.47
        1.46     0.996484     22299734       284.44
        1.46     0.996680     22299734       301.18
        1.46     0.996875     22299734       320.00
        1.46     0.997070     22299734       341.33
        1.46     0.997266     22299734       365.71
        1.47     0.997461     22318655       393.85
        1.47     0.997656     22318655       426.67
        1.47     0.997852     22318655       465.45
        1.47     0.998047     22318655       512.00
        1.48     0.998145     22331880       538.95
        1.48     0.998242     22331880       568.89
        1.48     0.998340     22331880       602.35
        1.48     0.998437     22331880       640.00
        1.48     0.998535     22331880       682.67
        1.48     0.998633     22331880       731.43
        1.49     0.998730     22340247       787.69
        1.49     0.998828     22340247       853.33
        1.49     0.998926     22340247       930.91
        1.49     0.999023     22340247      1024.00
        1.49     0.999072     22340247      1077.89
        1.50     0.999121     22345224      1137.78
        1.50     0.999170     22345224      1204.71
        1.50     0.999219     22345224      1280.00
        1.50     0.999268     22345224      1365.33
        1.50     0.999316     22348124      1462.86
        1.50     0.999365     22348124      1575.38
        1.50     0.999414     22348124      1706.67
        1.51     0.999463     22349942      1861.82
        1.51     0.999512     22349942      2048.00
        1.52     0.999536     22351361      2155.79
        1.52     0.999561     22351361      2275.56
        1.53     0.999585     22352576      2409.41
        1.53     0.999609     22352576      2560.00
        1.53     0.999634     22352576      2730.67
        1.53     0.999658     22353800      2925.71
        1.53     0.999683     22353800      3150.77
        1.54     0.999707     22355035      3413.33
        1.54     0.999731     22355035      3723.64
        1.55     0.999756     22356091      4096.00
        1.55     0.999768     22356091      4311.58
        1.55     0.999780     22356091      4551.11
        1.55     0.999792     22356091      4818.82
        1.56     0.999805     22356966      5120.00
        1.56     0.999817     22356966      5461.33
        1.56     0.999829     22356966      5851.43
        1.57     0.999841     22357669      6301.54
        1.57     0.999854     22357669      6826.67
        1.57     0.999866     22358263      7447.27
        1.57     0.999878     22358263      8192.00
        1.57     0.999884     22358263      8623.16
        1.57     0.999890     22358263      9102.22
        1.58     0.999896     22358762      9637.65
        1.58     0.999902     22358762     10240.00
        1.58     0.999908     22358762     10922.67
        1.59     0.999915     22359164     11702.86
        1.59     0.999921     22359164     12603.08
        1.59     0.999927     22359164     13653.33
        1.60     0.999933     22359472     14894.55
        1.60     0.999939     22359472     16384.00
        1.60     0.999942     22359472     17246.32
        1.60     0.999945     22359472     18204.44
        1.61     0.999948     22359707     19275.29
        1.61     0.999951     22359707     20480.00
        1.61     0.999954     22359707     21845.33
        1.61     0.999957     22359863     23405.71
        1.61     0.999960     22359863     25206.15
        1.61     0.999963     22359863     27306.67
        1.62     0.999966     22359973     29789.09
        1.63     0.999969     22360035     32768.00
        1.63     0.999971     22360035     34492.63
        1.64     0.999973     22360067     36408.89
        1.66     0.999974     22360109     38550.59
        1.67     0.999976     22360142     40960.00
        1.69     0.999977     22360175     43690.67
        1.70     0.999979     22360211     46811.43
        1.72     0.999980     22360246     50412.31
        1.75     0.999982     22360272     54613.33
        1.78     0.999983     22360307     59578.18
        1.83     0.999985     22360337     65536.00
        1.85     0.999986     22360353     68985.26
        1.89     0.999986     22360373     72817.78
        1.91     0.999987     22360388     77101.18
        1.94     0.999988     22360404     81920.00
        1.98     0.999989     22360424     87381.33
        2.00     0.999989     22360441     93622.86
        2.03     0.999990     22360464    100824.62
        2.05     0.999991     22360473    109226.67
        2.10     0.999992     22360500    119156.36
        2.11     0.999992     22360525    131072.00
        2.11     0.999993     22360525    137970.53
        2.11     0.999993     22360525    145635.56
        2.13     0.999994     22360548    154202.35
        2.13     0.999994     22360548    163840.00
        2.14     0.999994     22360563    174762.67
        2.14     0.999995     22360563    187245.71
        2.16     0.999995     22360579    201649.23
        2.16     0.999995     22360579    218453.33
        2.17     0.999996     22360592    238312.73
        2.17     0.999996     22360592    262144.00
        2.19     0.999996     22360615    275941.05
        2.19     0.999997     22360615    291271.11
        2.19     0.999997     22360615    308404.71
        2.19     0.999997     22360615    327680.00
        2.19     0.999997     22360615    349525.33
        2.21     0.999997     22360626    374491.43
        2.21     0.999998     22360626    403298.46
        2.21     0.999998     22360626    436906.67
        2.22     0.999998     22360634    476625.45
        2.22     0.999998     22360634    524288.00
        2.24     0.999998     22360642    551882.11
        2.24     0.999998     22360642    582542.22
        2.24     0.999998     22360642    616809.41
        2.24     0.999998     22360642    655360.00
        2.25     0.999999     22360652    699050.67
        2.25     0.999999     22360652    748982.86
        2.25     0.999999     22360652    806596.92
        2.25     0.999999     22360652    873813.33
        2.27     0.999999     22360653    953250.91
        2.29     0.999999     22360656   1048576.00
        2.29     0.999999     22360656   1103764.21
        2.30     0.999999     22360658   1165084.44
        2.30     0.999999     22360658   1233618.82
        2.32     0.999999     22360659   1310720.00
        2.37     0.999999     22360663   1398101.33
        2.37     0.999999     22360663   1497965.71
        2.37     0.999999     22360663   1613193.85
        2.38     0.999999     22360664   1747626.67
        2.42     0.999999     22360665   1906501.82
        2.43     1.000000     22360666   2097152.00
        2.43     1.000000     22360666   2207528.42
        2.51     1.000000     22360667   2330168.89
        2.51     1.000000     22360667   2467237.65
        2.53     1.000000     22360668   2621440.00
        2.59     1.000000     22360669   2796202.67
        2.59     1.000000     22360669   2995931.43
        2.69     1.000000     22360670   3226387.69
        2.69     1.000000     22360670   3495253.33
        2.78     1.000000     22360671   3813003.64
        2.78     1.000000     22360671   4194304.00
        2.78     1.000000     22360671   4415056.84
        2.80     1.000000     22360672   4660337.78
        2.80     1.000000     22360672   4934475.29
        2.80     1.000000     22360672   5242880.00
        2.90     1.000000     22360673   5592405.33
        2.90     1.000000     22360673   5991862.86
        2.90     1.000000     22360673   6452775.39
        2.90     1.000000     22360673   6990506.67
        2.98     1.000000     22360674   7626007.28
        2.98     1.000000     22360674   8388608.00
        2.98     1.000000     22360674   8830113.68
        2.98     1.000000     22360674   9320675.55
        2.98     1.000000     22360674   9868950.59
        2.98     1.000000     22360674  10485760.00
        3.04     1.000000     22360675  11184810.67
        3.04     1.000000     22360675  11983725.71
        3.04     1.000000     22360675  12905550.76
        3.04     1.000000     22360675  13981013.34
        3.04     1.000000     22360675  15252014.55
        3.04     1.000000     22360675  16777216.00
        3.04     1.000000     22360675  17660227.38
        3.04     1.000000     22360675  18641351.10
        3.04     1.000000     22360675  19737901.19
        3.04     1.000000     22360675  20971519.98
        3.58     1.000000     22360676  22369621.33
        3.58     1.000000     22360676          inf
#[Mean    =        0.732, StdDeviation   =        0.109]
#[Max     =        3.583, Total count    =     22360676]
#[Buckets =           20, SubBuckets     =          256]
