latency|histogram
calls
1
histogram_usec
132
1
latency|latest
calls
2
histogram_usec
4
1
8
2
dbsize
calls
1
histogram_usec
2
1
set
calls
16908162
histogram_usec
1
13282898
2
16718527
4
16896029
8
16905900
16
16907733
33
16908141
66
16908155
132
16908158
264
16908160
528
16908162
info
calls
23
histogram_usec
33
21
264
23
ping
calls
1
histogram_usec
16
1
bgsave
calls
2
histogram_usec
135266
1
270532
2
get
calls
16908124
histogram_usec
1
12956166
2
16807097
4
16902561
8
16907098
16
16907727
33
16908107
66
16908115
132
16908116
264
16908117
528
16908124
