       Value   Percentile   TotalCount 1/(1-Percentile)

        0.02     0.000000        14440         1.00
        0.35     0.050000      1432641         1.05
        0.57     0.100000      2830453         1.11
        0.66     0.150000      4256335         1.18
        0.68     0.200000      5963718         1.25
        0.69     0.250000      7276360         1.33
        0.69     0.300000      8894704         1.43
        0.70     0.350000     10857289         1.54
        0.71     0.400000     13211495         1.67
        0.71     0.450000     13211495         1.82
        0.72     0.500000     15980997         2.00
        0.72     0.525000     15980997         2.11
        0.72     0.550000     15980997         2.22
        0.73     0.575000     19207375         2.35
        0.73     0.600000     19207375         2.50
        0.73     0.625000     19207375         2.67
        0.73     0.650000     19207375         2.86
        0.73     0.675000     19207375         3.08
        0.73     0.700000     22358939         3.33
        0.73     0.725000     22358939         3.64
        0.73     0.750000     22358939         4.00
        0.73     0.762500     22358939         4.21
        0.73     0.775000     22358939         4.44
        0.73     0.787500     22358939         4.71
        0.74     0.800000     24483440         5.00
        0.74     0.812500     24483440         5.33
        0.74     0.825000     24483440         5.71
        0.74     0.837500     24483440         6.15
        0.74     0.850000     24483440         6.67
        0.74     0.862500     24483440         7.27
        0.75     0.875000     25612831         8.00
        0.75     0.881250     25612831         8.42
        0.75     0.887500     25612831         8.89
        0.75     0.893750     25612831         9.41
        0.75     0.900000     25612831        10.00
        0.75     0.906250     25612831        10.67
        0.76     0.912500     26174001        11.43
        0.76     0.918750     26174001        12.31
        0.76     0.925000     26174001        13.33
        0.77     0.931250     26451051        14.55
        0.77     0.937500     26451051        16.00
        0.78     0.940625     26601590        16.84
        0.78     0.943750     26698929        17.78
        0.79     0.946875     26772355        18.82
        0.80     0.950000     26828434        20.00
        0.81     0.953125     26914857        21.33
        0.83     0.956250     26990501        22.86
        0.85     0.959375     27069769        24.62
        0.87     0.962500     27169377        26.67
        0.90     0.965625     27232176        29.09
        0.93     0.968750     27321450        32.00
        0.94     0.970313     27371063        33.68
        0.96     0.971875     27417765        35.56
        0.97     0.973437     27459966        37.65
        1.00     0.975000     27510405        40.00
        1.03     0.976562     27544879        42.67
        1.14     0.978125     27585975        45.71
        1.28     0.979688     27630488        49.23
        1.33     0.981250     27682767        53.33
        1.36     0.982812     27725595        58.18
        1.38     0.984375     27760569        64.00
        1.39     0.985156     27801477        67.37
        1.40     0.985938     27824132        71.11
        1.41     0.986719     27848706        75.29
        1.41     0.987500     27848706        80.00
        1.42     0.988281     27874743        85.33
        1.42     0.989062     27902794        91.43
        1.43     0.989844     27932552        98.46
        1.44     0.990625     27964155       106.67
        1.44     0.991406     27964155       116.36
        1.45     0.992188     27998181       128.00
        1.45     0.992578     27998181       134.74
        1.46     0.992969     28034206       142.22
        1.46     0.993359     28034206       150.59
        1.46     0.993750     28034206       160.00
        1.46     0.994141     28070083       170.67
        1.46     0.994531     28070083       182.86
        1.46     0.994922     28070083       196.92
        1.46     0.995313     28070083       213.33
        1.47     0.995703     28103057       232.73
        1.47     0.996094     28103057       256.00
        1.47     0.996289     28103057       269.47
        1.47     0.996484     28103057       284.44
        1.48     0.996680     28130072       301.18
        1.48     0.996875     28130072       320.00
        1.48     0.997070     28130072       341.33
        1.48     0.997266     28130072       365.71
        1.48     0.997461     28130072       393.85
        1.49     0.997656     28150626       426.67
        1.49     0.997852     28150626       465.45
        1.49     0.998047     28150626       512.00
        1.49     0.998145     28150626       538.95
        1.50     0.998242     28165032       568.89
        1.50     0.998340     28165032       602.35
        1.50     0.998437     28165032       640.00
        1.50     0.998535     28165032       682.67
        1.50     0.998633     28165032       731.43
        1.50     0.998730     28174827       787.69
        1.50     0.998828     28174827       853.33
        1.50     0.998926     28174827       930.91
        1.50     0.999023     28174827      1024.00
        1.51     0.999072     28181148      1077.89
        1.51     0.999121     28181148      1137.78
        1.51     0.999170     28181148      1204.71
        1.51     0.999219     28181148      1280.00
        1.51     0.999268     28181148      1365.33
        1.52     0.999316     28185464      1462.86
        1.52     0.999365     28185464      1575.38
        1.52     0.999414     28185464      1706.67
        1.53     0.999463     28188321      1861.82
        1.53     0.999512     28188321      2048.00
        1.53     0.999536     28188321      2155.79
        1.53     0.999561     28190342      2275.56
        1.53     0.999585     28190342      2409.41
        1.53     0.999609     28190342      2560.00
        1.54     0.999634     28191988      2730.67
        1.54     0.999658     28191988      2925.71
        1.55     0.999683     28193306      3150.77
        1.55     0.999707     28193306      3413.33
        1.56     0.999731     28194420      3723.64
        1.56     0.999756     28194420      4096.00
        1.57     0.999768     28195381      4311.58
        1.57     0.999780     28195381      4551.11
        1.57     0.999792     28195381      4818.82
        1.57     0.999805     28196206      5120.00
        1.57     0.999817     28196206      5461.33
        1.58     0.999829     28196950      5851.43
        1.58     0.999841     28196950      6301.54
        1.59     0.999854     28197636      6826.67
        1.59     0.999866     28197636      7447.27
        1.60     0.999878     28198180      8192.00
        1.60     0.999884     28198180      8623.16
        1.60     0.999890     28198180      9102.22
        1.60     0.999896     28198180      9637.65
        1.61     0.999902     28198649     10240.00
        1.61     0.999908     28198649     10922.67
        1.61     0.999915     28199051     11702.86
        1.61     0.999921     28199051     12603.08
        1.61     0.999927     28199051     13653.33
        1.62     0.999933     28199316     14894.55
        1.63     0.999939     28199524     16384.00
        1.63     0.999942     28199524     17246.32
        1.64     0.999945     28199681     18204.44
        1.64     0.999948     28199681     19275.29
        1.65     0.999951     28199801     20480.00
        1.66     0.999954     28199871     21845.33
        1.66     0.999957     28199938     23405.71
        1.67     0.999960     28199992     25206.15
        1.69     0.999963     28200103     27306.67
        1.70     0.999966     28200152     29789.09
        1.72     0.999969     28200263     32768.00
        1.73     0.999971     28200299     34492.63
        1.74     0.999973     28200337     36408.89
        1.74     0.999974     28200364     38550.59
        1.76     0.999976     28200416     40960.00
        1.77     0.999977     28200450     43690.67
        1.80     0.999979     28200510     46811.43
        1.81     0.999980     28200545     50412.31
        1.84     0.999982     28200588     54613.33
        1.86     0.999983     28200626     59578.18
        1.90     0.999985     28200667     65536.00
        1.92     0.999986     28200695     68985.26
        1.94     0.999986     28200708     72817.78
        1.97     0.999987     28200735     77101.18
        1.99     0.999988     28200755     81920.00
        2.02     0.999989     28200773     87381.33
        2.05     0.999989     28200794     93622.86
        2.10     0.999990     28200815    100824.62
        2.13     0.999991     28200839    109226.67
        2.17     0.999992     28200864    119156.36
        2.21     0.999992     28200897    131072.00
        2.21     0.999993     28200897    137970.53
        2.22     0.999993     28200907    145635.56
        2.24     0.999994     28200917    154202.35
        2.25     0.999994     28200928    163840.00
        2.27     0.999994     28200938    174762.67
        2.29     0.999995     28200947    187245.71
        2.30     0.999995     28200957    201649.23
        2.32     0.999995     28200969    218453.33
        2.33     0.999996     28200977    238312.73
        2.37     0.999996     28200994    262144.00
        2.37     0.999996     28200994    275941.05
        2.38     0.999997     28201001    291271.11
        2.40     0.999997     28201009    308404.71
        2.40     0.999997     28201009    327680.00
        2.42     0.999997     28201016    349525.33
        2.43     0.999997     28201020    374491.43
        2.46     0.999998     28201025    403298.46
        2.50     0.999998     28201030    436906.67
        2.53     0.999998     28201037    476625.45
        2.56     0.999998     28201041    524288.00
        2.59     0.999998     28201046    551882.11
        2.59     0.999998     28201046    582542.22
        2.62     0.999998     28201049    616809.41
        2.64     0.999998     28201052    655360.00
        2.65     0.999999     28201054    699050.67
        2.67     0.999999     28201058    748982.86
        2.70     0.999999     28201060    806596.92
        2.72     0.999999     28201062    873813.33
        2.73     0.999999     28201065    953250.91
        2.77     0.999999     28201071   1048576.00
        2.77     0.999999     28201071   1103764.21
        2.77     0.999999     28201071   1165084.44
        2.78     0.999999     28201072   1233618.82
        2.80     0.999999     28201074   1310720.00
        2.80     0.999999     28201074   1398101.33
        2.81     0.999999     28201076   1497965.71
        2.83     0.999999     28201078   1613193.85
        2.83     0.999999     28201078   1747626.67
        2.85     0.999999     28201080   1906501.82
        2.88     1.000000     28201082   2097152.00
        2.88     1.000000     28201082   2207528.42
        2.88     1.000000     28201082   2330168.89
        2.91     1.000000     28201084   2467237.65
        2.91     1.000000     28201084   2621440.00
        2.91     1.000000     28201084   2796202.67
        2.94     1.000000     28201085   2995931.43
        2.96     1.000000     28201086   3226387.69
        2.96     1.000000     28201086   3495253.33
        2.98     1.000000     28201087   3813003.64
        3.01     1.000000     28201088   4194304.00
        3.01     1.000000     28201088   4415056.84
        3.01     1.000000     28201088   4660337.78
        3.04     1.000000     28201089   4934475.29
        3.04     1.000000     28201089   5242880.00
        3.04     1.000000     28201089   5592405.33
        3.07     1.000000     28201090   5991862.86
        3.07     1.000000     28201090   6452775.39
        3.07     1.000000     28201090   6990506.67
        3.10     1.000000     28201091   7626007.28
        3.10     1.000000     28201091   8388608.00
        3.10     1.000000     28201091   8830113.68
        3.10     1.000000     28201091   9320675.55
        3.12     1.000000     28201092   9868950.59
        3.12     1.000000     28201092  10485760.00
        3.12     1.000000     28201092  11184810.67
        3.12     1.000000     28201092  11983725.71
        3.12     1.000000     28201092  12905550.76
        3.12     1.000000     28201092  13981013.34
        3.13     1.000000     28201093  15252014.55
        3.13     1.000000     28201093  16777216.00
        3.13     1.000000     28201093  17660227.38
        3.13     1.000000     28201093  18641351.10
        3.13     1.000000     28201093  19737901.19
        3.13     1.000000     28201093  20971519.98
        3.13     1.000000     28201093  22369621.33
        3.13     1.000000     28201093  23967451.45
        3.13     1.000000     28201093  25811101.52
        3.13     1.000000     28201093  27962026.68
        3.31     1.000000     28201094  30504029.05
        3.31     1.000000     28201094          inf
#[Mean    =        0.695, StdDeviation   =        0.171]
#[Max     =        3.311, Total count    =     28201094]
#[Buckets =           20, SubBuckets     =          256]
