       Value   Percentile   TotalCount 1/(1-Percentile)

        0.02     0.000000          420         1.00
        0.37     0.050000       129580         1.05
        0.59     0.100000       261375         1.11
        0.67     0.150000       406447         1.18
        0.69     0.200000       569231         1.25
        0.69     0.250000       686665         1.33
        0.70     0.300000       829000         1.43
        0.71     0.350000       996686         1.54
        0.72     0.400000      1191303         1.67
        0.72     0.450000      1191303         1.82
        0.73     0.500000      1407406         2.00
        0.73     0.525000      1407406         2.11
        0.73     0.550000      1652267         2.22
        0.73     0.575000      1652267         2.35
        0.73     0.600000      1652267         2.50
        0.73     0.625000      1652267         2.67
        0.74     0.650000      1896975         2.86
        0.74     0.675000      1896975         3.08
        0.74     0.700000      1896975         3.33
        0.74     0.725000      1896975         3.64
        0.75     0.750000      2105095         4.00
        0.75     0.762500      2105095         4.21
        0.75     0.775000      2105095         4.44
        0.75     0.787500      2105095         4.71
        0.75     0.800000      2105095         5.00
        0.75     0.812500      2105095         5.33
        0.76     0.825000      2251944         5.71
        0.76     0.837500      2251944         6.15
        0.76     0.850000      2251944         6.67
        0.76     0.862500      2251944         7.27
        0.76     0.875000      2251944         8.00
        0.77     0.881250      2333373         8.42
        0.77     0.887500      2333373         8.89
        0.77     0.893750      2333373         9.41
        0.77     0.900000      2333373        10.00
        0.77     0.906250      2333373        10.67
        0.78     0.912500      2373577        11.43
        0.78     0.918750      2373577        12.31
        0.78     0.925000      2373577        13.33
        0.78     0.931250      2392865        14.55
        0.79     0.937500      2404605        16.00
        0.80     0.940625      2412787        16.84
        0.81     0.943750      2424398        17.78
        0.82     0.946875      2428700        18.82
        0.85     0.950000      2439312        20.00
        0.86     0.953125      2446776        21.33
        0.88     0.956250      2453242        22.86
        0.90     0.959375      2459915        24.62
        0.94     0.962500      2469374        26.67
        0.96     0.965625      2478238        29.09
        0.97     0.968750      2484552        32.00
        0.99     0.970313      2490438        33.68
        1.00     0.971875      2493107        35.56
        1.01     0.973437      2497196        37.65
        1.04     0.975000      2500503        40.00
        1.10     0.976562      2503778        42.67
        1.25     0.978125      2507817        45.71
        1.33     0.979688      2512453        49.23
        1.35     0.981250      2515845        53.33
        1.38     0.982812      2520454        58.18
        1.39     0.984375      2524217        64.00
        1.40     0.985156      2526264        67.37
        1.41     0.985938      2528532        71.11
        1.42     0.986719      2530912        75.29
        1.42     0.987500      2533546        80.00
        1.43     0.988281      2536391        85.33
        1.43     0.989062      2536391        91.43
        1.44     0.989844      2539256        98.46
        1.45     0.990625      2542465       106.67
        1.45     0.991406      2542465       116.36
        1.46     0.992188      2545975       128.00
        1.46     0.992578      2545975       134.74
        1.46     0.992969      2545975       142.22
        1.46     0.993359      2549633       150.59
        1.46     0.993750      2549633       160.00
        1.46     0.994141      2549633       170.67
        1.47     0.994531      2553034       182.86
        1.47     0.994922      2553034       196.92
        1.47     0.995313      2553034       213.33
        1.47     0.995703      2553034       232.73
        1.48     0.996094      2555812       256.00
        1.48     0.996289      2555812       269.47
        1.48     0.996484      2555812       284.44
        1.48     0.996680      2555812       301.18
        1.48     0.996875      2555812       320.00
        1.49     0.997070      2558020       341.33
        1.49     0.997266      2558020       365.71
        1.49     0.997461      2558020       393.85
        1.49     0.997656      2558020       426.67
        1.50     0.997852      2559582       465.45
        1.50     0.998047      2559582       512.00
        1.50     0.998145      2559582       538.95
        1.50     0.998242      2559582       568.89
        1.50     0.998340      2559582       602.35
        1.50     0.998437      2560657       640.00
        1.50     0.998535      2560657       682.67
        1.50     0.998633      2560657       731.43
        1.50     0.998730      2560657       787.69
        1.51     0.998828      2561424       853.33
        1.51     0.998926      2561424       930.91
        1.51     0.999023      2561424      1024.00
        1.51     0.999072      2561424      1077.89
        1.52     0.999121      2561964      1137.78
        1.52     0.999170      2561964      1204.71
        1.52     0.999219      2561964      1280.00
        1.52     0.999268      2561964      1365.33
        1.53     0.999316      2562287      1462.86
        1.53     0.999365      2562287      1575.38
        1.53     0.999414      2562483      1706.67
        1.53     0.999463      2562483      1861.82
        1.54     0.999512      2562702      2048.00
        1.54     0.999536      2562702      2155.79
        1.54     0.999561      2562702      2275.56
        1.55     0.999585      2562889      2409.41
        1.55     0.999609      2562889      2560.00
        1.55     0.999634      2562889      2730.67
        1.56     0.999658      2563048      2925.71
        1.56     0.999683      2563048      3150.77
        1.56     0.999707      2563048      3413.33
        1.57     0.999731      2563165      3723.64
        1.57     0.999756      2563246      4096.00
        1.57     0.999768      2563246      4311.58
        1.57     0.999780      2563246      4551.11
        1.58     0.999792      2563329      4818.82
        1.58     0.999805      2563329      5120.00
        1.58     0.999817      2563329      5461.33
        1.59     0.999829      2563397      5851.43
        1.59     0.999841      2563397      6301.54
        1.60     0.999854      2563463      6826.67
        1.60     0.999866      2563463      7447.27
        1.61     0.999878      2563511      8192.00
        1.61     0.999884      2563511      8623.16
        1.61     0.999890      2563557      9102.22
        1.61     0.999896      2563557      9637.65
        1.61     0.999902      2563557     10240.00
        1.62     0.999908      2563587     10922.67
        1.62     0.999915      2563587     11702.86
        1.63     0.999921      2563611     12603.08
        1.63     0.999927      2563611     13653.33
        1.64     0.999933      2563632     14894.55
        1.65     0.999939      2563651     16384.00
        1.65     0.999942      2563651     17246.32
        1.66     0.999945      2563660     18204.44
        1.66     0.999948      2563670     19275.29
        1.67     0.999951      2563675     20480.00
        1.69     0.999954      2563681     21845.33
        1.70     0.999957      2563689     23405.71
        1.70     0.999960      2563697     25206.15
        1.72     0.999963      2563707     27306.67
        1.74     0.999966      2563710     29789.09
        1.77     0.999969      2563720     32768.00
        1.79     0.999971      2563722     34492.63
        1.81     0.999973      2563727     36408.89
        1.83     0.999974      2563732     38550.59
        1.84     0.999976      2563734     40960.00
        1.85     0.999977      2563740     43690.67
        1.87     0.999979      2563744     46811.43
        1.89     0.999980      2563746     50412.31
        1.93     0.999982      2563750     54613.33
        1.96     0.999983      2563753     59578.18
        2.11     0.999985      2563757     65536.00
        2.13     0.999986      2563760     68985.26
        2.14     0.999986      2563762     72817.78
        2.17     0.999987      2563765     77101.18
        2.17     0.999988      2563765     81920.00
        2.24     0.999989      2563767     87381.33
        2.29     0.999989      2563769     93622.86
        2.32     0.999990      2563772    100824.62
        2.33     0.999991      2563773    109226.67
        2.35     0.999992      2563776    119156.36
        2.38     0.999992      2563778    131072.00
        2.38     0.999993      2563778    137970.53
        2.40     0.999993      2563779    145635.56
        2.43     0.999994      2563780    154202.35
        2.48     0.999994      2563781    163840.00
        2.51     0.999994      2563782    174762.67
        2.56     0.999995      2563783    187245.71
        2.59     0.999995      2563784    201649.23
        2.64     0.999995      2563785    218453.33
        2.67     0.999996      2563786    238312.73
        2.72     0.999996      2563787    262144.00
        2.72     0.999996      2563787    275941.05
        2.73     0.999997      2563788    291271.11
        2.73     0.999997      2563788    308404.71
        2.75     0.999997      2563789    327680.00
        2.75     0.999997      2563789    349525.33
        2.77     0.999997      2563791    374491.43
        2.77     0.999998      2563791    403298.46
        2.77     0.999998      2563791    436906.67
        2.77     0.999998      2563791    476625.45
        2.78     0.999998      2563792    524288.00
        2.78     0.999998      2563792    551882.11
        2.78     0.999998      2563792    582542.22
        2.78     0.999998      2563792    616809.41
        2.80     0.999998      2563793    655360.00
        2.80     0.999999      2563793    699050.67
        2.80     0.999999      2563793    748982.86
        2.80     0.999999      2563793    806596.92
        2.81     0.999999      2563794    873813.33
        2.81     0.999999      2563794    953250.91
        2.81     0.999999      2563794   1048576.00
        2.81     0.999999      2563794   1103764.21
        2.81     0.999999      2563794   1165084.44
        2.81     0.999999      2563794   1233618.82
        2.85     0.999999      2563795   1310720.00
        2.85     0.999999      2563795   1398101.33
        2.85     0.999999      2563795   1497965.71
        2.85     0.999999      2563795   1613193.85
        2.85     0.999999      2563795   1747626.67
        2.85     0.999999      2563795   1906501.82
        2.85     1.000000      2563795   2097152.00
        2.85     1.000000      2563795   2207528.42
        2.85     1.000000      2563795   2330168.89
        2.85     1.000000      2563795   2467237.65
        2.88     1.000000      2563796   2621440.00
        2.88     1.000000      2563796          inf
#[Mean    =        0.706, StdDeviation   =        0.174]
#[Max     =        2.879, Total count    =      2563796]
#[Buckets =           20, SubBuckets     =          256]
