       Value   Percentile   TotalCount 1/(1-Percentile)

        0.02     0.000000         7640         1.00
        0.46     0.050000      1409857         1.05
        0.71     0.100000      2830526         1.11
        0.78     0.150000      4358169         1.18
        0.79     0.200000      5681053         1.25
        0.81     0.250000      7698928         1.33
        0.81     0.300000      8967494         1.43
        0.82     0.350000     10377900         1.54
        0.83     0.400000     11894105         1.67
        0.84     0.450000     13478691         1.82
        0.85     0.500000     15070140         2.00
        0.85     0.525000     15070140         2.11
        0.85     0.550000     16629667         2.22
        0.85     0.575000     16629667         2.35
        0.86     0.600000     18089273         2.50
        0.86     0.625000     18089273         2.67
        0.87     0.650000     19446079         2.86
        0.87     0.675000     19446079         3.08
        0.88     0.700000     20670184         3.33
        0.88     0.725000     20670184         3.64
        0.89     0.750000     21748043         4.00
        0.89     0.762500     21748043         4.21
        0.90     0.775000     22693532         4.44
        0.90     0.787500     22693532         4.71
        0.90     0.800000     22693532         5.00
        0.90     0.812500     23497838         5.33
        0.90     0.825000     23497838         5.71
        0.91     0.837500     24169110         6.15
        0.91     0.850000     24169110         6.67
        0.92     0.862500     24729152         7.27
        0.92     0.875000     24729152         8.00
        0.93     0.881250     25194332         8.42
        0.93     0.887500     25194332         8.89
        0.93     0.893750     25194332         9.41
        0.94     0.900000     25572657        10.00
        0.94     0.906250     25572657        10.67
        0.94     0.912500     25876726        11.43
        0.95     0.918750     26116377        12.31
        0.95     0.925000     26116377        13.33
        0.96     0.931250     26305494        14.55
        0.97     0.937500     26448755        16.00
        0.97     0.940625     26556898        16.84
        0.98     0.943750     26640778        17.78
        0.99     0.946875     26706069        18.82
        1.01     0.950000     26798647        20.00
        1.02     0.953125     26861248        21.33
        1.06     0.956250     26954054        22.86
        1.11     0.959375     27036407        24.62
        1.16     0.962500     27123403        26.67
        1.20     0.965625     27209178        29.09
        1.24     0.968750     27294802        32.00
        1.26     0.970313     27339115        33.68
        1.29     0.971875     27388193        35.56
        1.33     0.973437     27426041        37.65
        1.38     0.975000     27467507        40.00
        1.50     0.976562     27511886        42.67
        1.57     0.978125     27560178        45.71
        1.60     0.979688     27608333        49.23
        1.62     0.981250     27657629        53.33
        1.64     0.982812     27696614        58.18
        1.66     0.984375     27738746        64.00
        1.66     0.985156     27760882        67.37
        1.67     0.985938     27783177        71.11
        1.68     0.986719     27805602        75.29
        1.69     0.987500     27828048        80.00
        1.70     0.988281     27850381        85.33
        1.70     0.989062     27872061        91.43
        1.71     0.989844     27893212        98.46
        1.72     0.990625     27913565       106.67
        1.73     0.991406     27933059       116.36
        1.74     0.992188     27951406       128.00
        1.74     0.992578     27968316       134.74
        1.75     0.992969     27984556       142.22
        1.75     0.993359     27984556       150.59
        1.76     0.993750     27999566       160.00
        1.77     0.994141     28013633       170.67
        1.77     0.994531     28026842       182.86
        1.78     0.994922     28038891       196.92
        1.79     0.995313     28050055       213.33
        1.79     0.995703     28050055       232.73
        1.81     0.996094     28069661       256.00
        1.81     0.996289     28069661       269.47
        1.81     0.996484     28077986       284.44
        1.81     0.996680     28077986       301.18
        1.82     0.996875     28085367       320.00
        1.83     0.997070     28091974       341.33
        1.84     0.997266     28097875       365.71
        1.85     0.997461     28103004       393.85
        1.85     0.997656     28107416       426.67
        1.86     0.997852     28111165       465.45
        1.88     0.998047     28117117       512.00
        1.89     0.998145     28119347       538.95
        1.90     0.998242     28122681       568.89
        1.92     0.998340     28124861       602.35
        1.95     0.998437     28127787       640.00
        1.98     0.998535     28130860       682.67
        1.99     0.998633     28133814       731.43
        2.00     0.998730     28135570       787.69
        2.02     0.998828     28140529       853.33
        2.02     0.998926     28142787       930.91
        2.03     0.999023     28145249      1024.00
        2.03     0.999072     28145249      1077.89
        2.04     0.999121     28147855      1137.78
        2.04     0.999170     28147855      1204.71
        2.05     0.999219     28150340      1280.00
        2.06     0.999268     28154444      1365.33
        2.06     0.999316     28154444      1462.86
        2.06     0.999365     28154444      1575.38
        2.08     0.999414     28158666      1706.67
        2.08     0.999463     28158666      1861.82
        2.08     0.999512     28158666      2048.00
        2.08     0.999536     28158666      2155.79
        2.10     0.999561     28161068      2275.56
        2.10     0.999585     28161068      2409.41
        2.10     0.999609     28161068      2560.00
        2.10     0.999634     28161068      2730.67
        2.11     0.999658     28163084      2925.71
        2.11     0.999683     28163084      3150.77
        2.11     0.999707     28163084      3413.33
        2.13     0.999731     28164471      3723.64
        2.13     0.999756     28164471      4096.00
        2.14     0.999768     28165360      4311.58
        2.14     0.999780     28165360      4551.11
        2.14     0.999792     28165360      4818.82
        2.16     0.999805     28165871      5120.00
        2.17     0.999817     28166340      5461.33
        2.17     0.999829     28166340      5851.43
        2.19     0.999841     28166631      6301.54
        2.24     0.999854     28167021      6826.67
        2.32     0.999866     28167323      7447.27
        2.38     0.999878     28167658      8192.00
        2.42     0.999884     28167877      8623.16
        2.45     0.999890     28168071      9102.22
        2.46     0.999896     28168179      9637.65
        2.50     0.999902     28168358     10240.00
        2.54     0.999908     28168583     10922.67
        2.59     0.999915     28168698     11702.86
        2.75     0.999921     28168885     12603.08
        2.81     0.999927     28169092     13653.33
        2.85     0.999933     28169287     14894.55
        2.86     0.999939     28169376     16384.00
        2.88     0.999942     28169511     17246.32
        2.90     0.999945     28169666     18204.44
        2.90     0.999948     28169666     19275.29
        2.91     0.999951     28169841     20480.00
        2.91     0.999954     28169841     21845.33
        2.93     0.999957     28170008     23405.71
        2.93     0.999960     28170008     25206.15
        2.94     0.999963     28170157     27306.67
        2.94     0.999966     28170157     29789.09
        2.96     0.999969     28170303     32768.00
        2.96     0.999971     28170303     34492.63
        2.98     0.999973     28170430     36408.89
        2.98     0.999974     28170430     38550.59
        2.98     0.999976     28170430     40960.00
        2.99     0.999977     28170532     43690.67
        2.99     0.999979     28170532     46811.43
        3.01     0.999980     28170598     50412.31
        3.01     0.999982     28170598     54613.33
        3.02     0.999983     28170634     59578.18
        3.04     0.999985     28170667     65536.00
        3.06     0.999986     28170689     68985.26
        3.07     0.999986     28170720     72817.78
        3.09     0.999987     28170736     77101.18
        3.12     0.999988     28170753     81920.00
        3.60     0.999989     28170771     87381.33
        5.15     0.999989     28170793     93622.86
        5.18     0.999990     28170830    100824.62
        5.25     0.999991     28170840    109226.67
        5.28     0.999992     28170887    119156.36
        5.28     0.999992     28170887    131072.00
        5.66     0.999993     28170889    137970.53
       21.63     0.999993     28170908    145635.56
       21.76     0.999994     28170990    154202.35
       21.76     0.999994     28170990    163840.00
       21.76     0.999994     28170990    174762.67
       21.76     0.999995     28170990    187245.71
       21.76     0.999995     28170990    201649.23
       21.76     0.999995     28170990    218453.33
       21.76     0.999996     28170990    238312.73
       21.76     0.999996     28170990    262144.00
       22.14     0.999996     28170991    275941.05
       42.24     0.999997     28171089    291271.11
       42.24     0.999997     28171089    308404.71
       42.24     0.999997     28171089    327680.00
       42.24     0.999997     28171089    349525.33
       42.24     0.999997     28171089    374491.43
       42.24     0.999998     28171089    403298.46
       42.24     0.999998     28171089    436906.67
       42.24     0.999998     28171089    476625.45
       42.24     0.999998     28171089    524288.00
       42.24     0.999998     28171089    551882.11
       42.24     0.999998     28171089    582542.22
       42.24     0.999998     28171089    616809.41
       42.24     0.999998     28171089    655360.00
       42.24     0.999999     28171089    699050.67
       42.24     0.999999     28171089    748982.86
       42.24     0.999999     28171089    806596.92
       42.24     0.999999     28171089    873813.33
       42.24     0.999999     28171089    953250.91
       42.24     0.999999     28171089   1048576.00
       42.24     0.999999     28171089   1103764.21
       42.24     0.999999     28171089   1165084.44
       42.24     0.999999     28171089   1233618.82
       42.24     0.999999     28171089   1310720.00
       42.24     0.999999     28171089   1398101.33
       42.24     0.999999     28171089   1497965.71
       42.24     0.999999     28171089   1613193.85
       42.24     0.999999     28171089   1747626.67
       42.24     0.999999     28171089   1906501.82
       42.24     1.000000     28171089   2097152.00
       42.24     1.000000     28171089   2207528.42
       42.24     1.000000     28171089   2330168.89
       42.24     1.000000     28171089   2467237.65
       42.24     1.000000     28171089   2621440.00
       42.24     1.000000     28171089   2796202.67
       42.24     1.000000     28171089   2995931.43
       42.24     1.000000     28171089   3226387.69
       42.24     1.000000     28171089   3495253.33
       42.24     1.000000     28171089   3813003.64
       42.24     1.000000     28171089   4194304.00
       42.24     1.000000     28171089   4415056.84
       42.24     1.000000     28171089   4660337.78
       42.24     1.000000     28171089   4934475.29
       42.24     1.000000     28171089   5242880.00
       42.24     1.000000     28171089   5592405.33
       42.24     1.000000     28171089   5991862.86
       42.24     1.000000     28171089   6452775.39
       42.24     1.000000     28171089   6990506.67
       43.26     1.000000     28171091   7626007.28
       43.26     1.000000     28171091   8388608.00
       43.26     1.000000     28171091   8830113.68
       43.26     1.000000     28171091   9320675.55
       43.26     1.000000     28171091   9868950.59
       43.26     1.000000     28171091  10485760.00
       43.26     1.000000     28171091  11184810.67
       43.26     1.000000     28171091  11983725.71
       43.26     1.000000     28171091  12905550.76
       43.26     1.000000     28171091  13981013.34
       64.00     1.000000     28171093  15252014.55
       64.00     1.000000     28171093          inf
#[Mean    =        0.835, StdDeviation   =        0.232]
#[Max     =       63.999, Total count    =     28171093]
#[Buckets =           20, SubBuckets     =          256]
