       Value   Percentile   TotalCount 1/(1-Percentile)

        0.02     0.000000         6407         1.00
        0.46     0.050000       708821         1.05
        0.71     0.100000      1424343         1.11
        0.78     0.150000      2218819         1.18
        0.79     0.200000      2904237         1.25
        0.81     0.250000      3942041         1.33
        0.81     0.300000      4590427         1.43
        0.82     0.350000      5306789         1.54
        0.83     0.400000      6074610         1.67
        0.84     0.450000      6873298         1.82
        0.85     0.500000      7672988         2.00
        0.85     0.525000      7672988         2.11
        0.85     0.550000      8453084         2.22
        0.85     0.575000      8453084         2.35
        0.85     0.600000      8453084         2.50
        0.86     0.625000      9180807         2.67
        0.86     0.650000      9180807         2.86
        0.87     0.675000      9854553         3.08
        0.88     0.700000     10459472         3.33
        0.88     0.725000     10459472         3.64
        0.89     0.750000     10990233         4.00
        0.89     0.762500     10990233         4.21
        0.89     0.775000     10990233         4.44
        0.90     0.787500     11454071         4.71
        0.90     0.800000     11454071         5.00
        0.90     0.812500     11454071         5.33
        0.90     0.825000     11846553         5.71
        0.90     0.837500     11846553         6.15
        0.91     0.850000     12172764         6.67
        0.91     0.862500     12172764         7.27
        0.92     0.875000     12443518         8.00
        0.92     0.881250     12443518         8.42
        0.93     0.887500     12667130         8.89
        0.93     0.893750     12667130         9.41
        0.94     0.900000     12848240        10.00
        0.94     0.906250     12848240        10.67
        0.94     0.912500     12992786        11.43
        0.94     0.918750     12992786        12.31
        0.95     0.925000     13106151        13.33
        0.96     0.931250     13194904        14.55
        0.97     0.937500     13262284        16.00
        0.97     0.940625     13262284        16.84
        0.97     0.943750     13313100        17.78
        0.98     0.946875     13352352        18.82
        0.99     0.950000     13383116        20.00
        1.01     0.953125     13426547        21.33
        1.04     0.956250     13476973        22.86
        1.08     0.959375     13515561        24.62
        1.14     0.962500     13561885        26.67
        1.18     0.965625     13608950        29.09
        1.22     0.968750     13650346        32.00
        1.25     0.970313     13672701        33.68
        1.27     0.971875     13692198        35.56
        1.30     0.973437     13713263        37.65
        1.35     0.975000     13734973        40.00
        1.46     0.976562     13756429        42.67
        1.54     0.978125     13777565        45.71
        1.58     0.979688     13800093        49.23
        1.61     0.981250     13828953        53.33
        1.63     0.982812     13847106        58.18
        1.65     0.984375     13867165        64.00
        1.66     0.985156     13877513        67.37
        1.66     0.985938     13888281        71.11
        1.67     0.986719     13899129        75.29
        1.68     0.987500     13910054        80.00
        1.69     0.988281     13920963        85.33
        1.70     0.989062     13931668        91.43
        1.71     0.989844     13952352        98.46
        1.72     0.990625     13962177       106.67
        1.73     0.991406     13971580       116.36
        1.74     0.992188     13980461       128.00
        1.74     0.992578     13988572       134.74
        1.74     0.992969     13988572       142.22
        1.75     0.993359     13996249       150.59
        1.76     0.993750     14003406       160.00
        1.76     0.994141     14003406       170.67
        1.77     0.994531     14010163       182.86
        1.77     0.994922     14016431       196.92
        1.78     0.995313     14022093       213.33
        1.79     0.995703     14027459       232.73
        1.80     0.996094     14032367       256.00
        1.81     0.996289     14036790       269.47
        1.81     0.996484     14036790       284.44
        1.81     0.996680     14040709       301.18
        1.82     0.996875     14044164       320.00
        1.83     0.997070     14047279       341.33
        1.83     0.997266     14047279       365.71
        1.84     0.997461     14050009       393.85
        1.85     0.997656     14054499       426.67
        1.86     0.997852     14056206       465.45
        1.88     0.998047     14058944       512.00
        1.89     0.998145     14059964       538.95
        1.90     0.998242     14060805       568.89
        1.92     0.998340     14062502       602.35
        1.94     0.998437     14063527       640.00
        1.98     0.998535     14065411       682.67
        1.99     0.998633     14066955       731.43
        2.00     0.998730     14067861       787.69
        2.01     0.998828     14069114       853.33
        2.02     0.998926     14070450       930.91
        2.03     0.999023     14072850      1024.00
        2.03     0.999072     14072850      1077.89
        2.04     0.999121     14074192      1137.78
        2.04     0.999170     14074192      1204.71
        2.05     0.999219     14075486      1280.00
        2.05     0.999268     14075486      1365.33
        2.06     0.999316     14077539      1462.86
        2.06     0.999365     14077539      1575.38
        2.06     0.999414     14077539      1706.67
        2.08     0.999463     14079628      1861.82
        2.08     0.999512     14079628      2048.00
        2.08     0.999536     14079628      2155.79
        2.08     0.999561     14079628      2275.56
        2.10     0.999585     14080783      2409.41
        2.10     0.999609     14080783      2560.00
        2.10     0.999634     14080783      2730.67
        2.10     0.999658     14080783      2925.71
        2.11     0.999683     14081745      3150.77
        2.11     0.999707     14081745      3413.33
        2.11     0.999731     14081745      3723.64
        2.13     0.999756     14082396      4096.00
        2.13     0.999768     14082396      4311.58
        2.14     0.999780     14082799      4551.11
        2.14     0.999792     14082799      4818.82
        2.14     0.999805     14082799      5120.00
        2.16     0.999817     14083035      5461.33
        2.17     0.999829     14083257      5851.43
        2.19     0.999841     14083395      6301.54
        2.21     0.999854     14083484      6826.67
        2.27     0.999866     14083660      7447.27
        2.35     0.999878     14083801      8192.00
        2.38     0.999884     14083898      8623.16
        2.42     0.999890     14084006      9102.22
        2.45     0.999896     14084087      9637.65
        2.46     0.999902     14084146     10240.00
        2.51     0.999908     14084260     10922.67
        2.54     0.999915     14084330     11702.86
        2.62     0.999921     14084406     12603.08
        2.77     0.999927     14084495     13653.33
        2.81     0.999933     14084577     14894.55
        2.85     0.999939     14084674     16384.00
        2.86     0.999942     14084723     17246.32
        2.88     0.999945     14084790     18204.44
        2.88     0.999948     14084790     19275.29
        2.90     0.999951     14084851     20480.00
        2.91     0.999954     14084932     21845.33
        2.91     0.999957     14084932     23405.71
        2.93     0.999960     14085000     25206.15
        2.94     0.999963     14085080     27306.67
        2.94     0.999966     14085080     29789.09
        2.96     0.999969     14085158     32768.00
        2.96     0.999971     14085158     34492.63
        2.96     0.999973     14085158     36408.89
        2.96     0.999974     14085158     38550.59
        2.98     0.999976     14085217     40960.00
        2.98     0.999977     14085217     43690.67
        2.99     0.999979     14085266     46811.43
        2.99     0.999980     14085266     50412.31
        2.99     0.999982     14085266     54613.33
        3.01     0.999983     14085302     59578.18
        3.02     0.999985     14085317     65536.00
        3.02     0.999986     14085317     68985.26
        3.04     0.999986     14085329     72817.78
        3.07     0.999987     14085350     77101.18
        3.07     0.999988     14085350     81920.00
        3.12     0.999989     14085360     87381.33
        4.19     0.999989     14085370     93622.86
        5.18     0.999990     14085395    100824.62
        5.18     0.999991     14085395    109226.67
        5.28     0.999992     14085417    119156.36
        5.28     0.999992     14085417    131072.00
        6.11     0.999993     14085420    137970.53
       21.63     0.999993     14085427    145635.56
       21.76     0.999994     14085461    154202.35
       21.76     0.999994     14085461    163840.00
       21.76     0.999994     14085461    174762.67
       21.76     0.999995     14085461    187245.71
       21.76     0.999995     14085461    201649.23
       21.76     0.999995     14085461    218453.33
       21.76     0.999996     14085461    238312.73
       42.24     0.999996     14085517    262144.00
       42.24     0.999996     14085517    275941.05
       42.24     0.999997     14085517    291271.11
       42.24     0.999997     14085517    308404.71
       42.24     0.999997     14085517    327680.00
       42.24     0.999997     14085517    349525.33
       42.24     0.999997     14085517    374491.43
       42.24     0.999998     14085517    403298.46
       42.24     0.999998     14085517    436906.67
       42.24     0.999998     14085517    476625.45
       42.24     0.999998     14085517    524288.00
       42.24     0.999998     14085517    551882.11
       42.24     0.999998     14085517    582542.22
       42.24     0.999998     14085517    616809.41
       42.24     0.999998     14085517    655360.00
       42.24     0.999999     14085517    699050.67
       42.24     0.999999     14085517    748982.86
       42.24     0.999999     14085517    806596.92
       42.24     0.999999     14085517    873813.33
       42.24     0.999999     14085517    953250.91
       42.24     0.999999     14085517   1048576.00
       42.24     0.999999     14085517   1103764.21
       42.24     0.999999     14085517   1165084.44
       42.24     0.999999     14085517   1233618.82
       42.24     0.999999     14085517   1310720.00
       42.24     0.999999     14085517   1398101.33
       42.24     0.999999     14085517   1497965.71
       42.24     0.999999     14085517   1613193.85
       42.24     0.999999     14085517   1747626.67
       42.24     0.999999     14085517   1906501.82
       42.24     1.000000     14085517   2097152.00
       42.24     1.000000     14085517   2207528.42
       42.24     1.000000     14085517   2330168.89
       42.24     1.000000     14085517   2467237.65
       42.24     1.000000     14085517   2621440.00
       42.24     1.000000     14085517   2796202.67
       42.24     1.000000     14085517   2995931.43
       42.24     1.000000     14085517   3226387.69
       42.24     1.000000     14085517   3495253.33
       42.24     1.000000     14085517   3813003.64
       42.24     1.000000     14085517   4194304.00
       42.24     1.000000     14085517   4415056.84
       42.24     1.000000     14085517   4660337.78
       43.26     1.000000     14085518   4934475.29
       43.26     1.000000     14085518   5242880.00
       43.26     1.000000     14085518   5592405.33
       43.26     1.000000     14085518   5991862.86
       43.26     1.000000     14085518   6452775.39
       43.26     1.000000     14085518   6990506.67
       64.00     1.000000     14085520   7626007.28
       64.00     1.000000     14085520          inf
#[Mean    =        0.833, StdDeviation   =        0.232]
#[Max     =       63.999, Total count    =     14085520]
#[Buckets =           20, SubBuckets     =          256]
