       Value   Percentile   TotalCount 1/(1-Percentile)

        0.02     0.000000        14604         1.00
        0.36     0.050000      1718411         1.05
        0.60     0.100000      3457531         1.11
        0.69     0.150000      5373515         1.18
        0.70     0.200000      7412994         1.25
        0.71     0.250000      8975498         1.33
        0.72     0.300000     10911017         1.43
        0.73     0.350000     13224422         1.54
        0.73     0.400000     15917257         1.67
        0.73     0.450000     15917257         1.82
        0.74     0.500000     18912167         2.00
        0.74     0.525000     18912167         2.11
        0.74     0.550000     18912167         2.22
        0.75     0.575000     21944752         2.35
        0.75     0.600000     21944752         2.50
        0.75     0.625000     21944752         2.67
        0.76     0.650000     24674024         2.86
        0.76     0.675000     24674024         3.08
        0.76     0.700000     24674024         3.33
        0.76     0.725000     24674024         3.64
        0.77     0.750000     26727721         4.00
        0.77     0.762500     26727721         4.21
        0.77     0.775000     26727721         4.44
        0.77     0.787500     26727721         4.71
        0.78     0.800000     27997622         5.00
        0.78     0.812500     27997622         5.33
        0.78     0.825000     27997622         5.71
        0.78     0.837500     28692238         6.15
        0.79     0.850000     29090303         6.67
        0.80     0.862500     29368601         7.27
        0.81     0.875000     29611703         8.00
        0.81     0.881250     29855206         8.42
        0.82     0.887500     30109321         8.89
        0.83     0.893750     30373606         9.41
        0.84     0.900000     30649682        10.00
        0.84     0.906250     30649682        10.67
        0.85     0.912500     30935005        11.43
        0.85     0.918750     31219607        12.31
        0.86     0.925000     31483888        13.33
        0.87     0.931250     31725674        14.55
        0.87     0.937500     31725674        16.00
        0.88     0.940625     31922760        16.84
        0.88     0.943750     31922760        17.78
        0.89     0.946875     32078454        18.82
        0.90     0.950000     32197125        20.00
        0.90     0.953125     32286465        21.33
        0.91     0.956250     32355645        22.86
        0.93     0.959375     32460839        24.62
        0.95     0.962500     32580025        26.67
        0.97     0.965625     32683155        29.09
        1.00     0.968750     32775580        32.00
        1.01     0.970313     32830467        33.68
        1.03     0.971875     32877891        35.56
        1.05     0.973437     32932480        37.65
        1.09     0.975000     32973163        40.00
        1.18     0.976562     33027401        42.67
        1.26     0.978125     33076515        45.71
        1.35     0.979688     33130412        49.23
        1.39     0.981250     33189021        53.33
        1.42     0.982812     33244786        58.18
        1.43     0.984375     33291414        64.00
        1.44     0.985156     33317168        67.37
        1.45     0.985938     33344470        71.11
        1.46     0.986719     33373421        75.29
        1.46     0.987500     33404422        80.00
        1.47     0.988281     33436934        85.33
        1.48     0.989062     33471833        91.43
        1.49     0.989844     33507744        98.46
        1.49     0.990625     33507744       106.67
        1.50     0.991406     33544119       116.36
        1.50     0.992188     33579909       128.00
        1.50     0.992578     33579909       134.74
        1.50     0.992969     33579909       142.22
        1.51     0.993359     33613437       150.59
        1.51     0.993750     33613437       160.00
        1.52     0.994141     33642677       170.67
        1.52     0.994531     33642677       182.86
        1.53     0.994922     33667201       196.92
        1.53     0.995313     33667201       213.33
        1.53     0.995703     33686649       232.73
        1.53     0.996094     33686649       256.00
        1.54     0.996289     33701956       269.47
        1.54     0.996484     33701956       284.44
        1.55     0.996680     33713419       301.18
        1.55     0.996875     33713419       320.00
        1.56     0.997070     33721942       341.33
        1.57     0.997266     33728363       365.71
        1.57     0.997461     33733362       393.85
        1.58     0.997656     33737612       426.67
        1.60     0.997852     33744650       465.45
        1.61     0.998047     33751092       512.00
        1.62     0.998145     33754352       538.95
        1.63     0.998242     33757553       568.89
        1.64     0.998340     33760726       602.35
        1.65     0.998437     33763840       640.00
        1.66     0.998535     33766891       682.67
        1.67     0.998633     33772962       731.43
        1.68     0.998730     33776125       787.69
        1.69     0.998828     33779289       853.33
        1.70     0.998926     33782473       930.91
        1.70     0.999023     33785698      1024.00
        1.70     0.999072     33785698      1077.89
        1.71     0.999121     33788700      1137.78
        1.71     0.999170     33788700      1204.71
        1.72     0.999219     33791563      1280.00
        1.72     0.999268     33791563      1365.33
        1.73     0.999316     33794334      1462.86
        1.74     0.999365     33796851      1575.38
        1.74     0.999414     33796851      1706.67
        1.74     0.999463     33799157      1861.82
        1.75     0.999512     33801191      2048.00
        1.75     0.999536     33801191      2155.79
        1.76     0.999561     33802922      2275.56
        1.76     0.999585     33802922      2409.41
        1.77     0.999609     33804378      2560.00
        1.77     0.999634     33804378      2730.67
        1.77     0.999658     33805639      2925.71
        1.77     0.999683     33805639      3150.77
        1.78     0.999707     33806686      3413.33
        1.79     0.999731     33807546      3723.64
        1.80     0.999756     33808215      4096.00
        1.81     0.999768     33808852      4311.58
        1.81     0.999780     33808852      4551.11
        1.81     0.999792     33809433      4818.82
        1.82     0.999805     33809968      5120.00
        1.83     0.999817     33810461      5461.33
        1.83     0.999829     33810461      5851.43
        1.84     0.999841     33810895      6301.54
        1.85     0.999854     33811252      6826.67
        1.86     0.999866     33811871      7447.27
        1.87     0.999878     33812186      8192.00
        1.88     0.999884     33812437      8623.16
        1.89     0.999890     33812679      9102.22
        1.90     0.999896     33812887      9637.65
        1.90     0.999902     33813122     10240.00
        1.90     0.999908     33813122     10922.67
        1.91     0.999915     33813330     11702.86
        1.92     0.999921     33813546     12603.08
        1.93     0.999927     33813726     13653.33
        1.94     0.999933     33813997     14894.55
        1.96     0.999939     33814194     16384.00
        1.97     0.999942     33814267     17246.32
        1.98     0.999945     33814419     18204.44
        1.99     0.999948     33814511     19275.29
        2.00     0.999951     33814578     20480.00
        2.02     0.999954     33814655     21845.33
        2.05     0.999957     33814763     23405.71
        2.10     0.999960     33814863     25206.15
        2.16     0.999963     33814987     27306.67
        2.21     0.999966     33815074     29789.09
        2.25     0.999969     33815169     32768.00
        2.29     0.999971     33815230     34492.63
        2.32     0.999973     33815298     36408.89
        2.33     0.999974     33815322     38550.59
        2.38     0.999976     33815385     40960.00
        2.45     0.999977     33815432     43690.67
        2.65     0.999979     33815477     46811.43
        3.12     0.999980     33815560     50412.31
        3.13     0.999982     33815625     54613.33
        3.15     0.999983     33815654     59578.18
        3.17     0.999985     33815728     65536.00
        3.17     0.999986     33815728     68985.26
        3.18     0.999986     33815759     72817.78
        3.20     0.999987     33815780     77101.18
        3.49     0.999988     33815790     81920.00
        3.50     0.999989     33815833     87381.33
        3.52     0.999989     33815875     93622.86
        3.52     0.999990     33815875    100824.62
        3.98     0.999991     33815891    109226.67
        4.74     0.999992     33815993    119156.36
        4.74     0.999992     33815993    131072.00
        4.74     0.999993     33815993    137970.53
        4.74     0.999993     33815993    145635.56
        4.74     0.999994     33815993    154202.35
        4.74     0.999994     33815993    163840.00
       75.26     0.999994     33816021    174762.67
       75.26     0.999995     33816021    187245.71
       75.78     0.999995     33816047    201649.23
       75.78     0.999995     33816047    218453.33
       76.29     0.999996     33816070    238312.73
       76.80     0.999996     33816088    262144.00
       76.80     0.999996     33816088    275941.05
       76.80     0.999997     33816088    291271.11
       77.31     0.999997     33816097    308404.71
       77.31     0.999997     33816097    327680.00
      164.86     0.999997     33816126    349525.33
      164.86     0.999997     33816126    374491.43
      164.86     0.999998     33816126    403298.46
      164.86     0.999998     33816126    436906.67
      165.89     0.999998     33816152    476625.45
      165.89     0.999998     33816152    524288.00
      165.89     0.999998     33816152    551882.11
      165.89     0.999998     33816152    582542.22
      165.89     0.999998     33816152    616809.41
      165.89     0.999998     33816152    655360.00
      165.89     0.999999     33816152    699050.67
      172.03     0.999999     33816191    748982.86
      172.03     0.999999     33816191    806596.92
      172.03     0.999999     33816191    873813.33
      172.03     0.999999     33816191    953250.91
      172.03     0.999999     33816191   1048576.00
      172.03     0.999999     33816191   1103764.21
      172.03     0.999999     33816191   1165084.44
      172.03     0.999999     33816191   1233618.82
      172.03     0.999999     33816191   1310720.00
      172.03     0.999999     33816191   1398101.33
      172.03     0.999999     33816191   1497965.71
      172.03     0.999999     33816191   1613193.85
      172.03     0.999999     33816191   1747626.67
      172.03     0.999999     33816191   1906501.82
      172.03     1.000000     33816191   2097152.00
      172.03     1.000000     33816191   2207528.42
      172.03     1.000000     33816191   2330168.89
      172.03     1.000000     33816191   2467237.65
      172.03     1.000000     33816191   2621440.00
      172.03     1.000000     33816191   2796202.67
      172.03     1.000000     33816191   2995931.43
      172.03     1.000000     33816191   3226387.69
      172.03     1.000000     33816191   3495253.33
      172.03     1.000000     33816191   3813003.64
      172.03     1.000000     33816191   4194304.00
      173.06     1.000000     33816199   4415056.84
      173.06     1.000000     33816199          inf
#[Mean    =        0.727, StdDeviation   =        0.366]
#[Max     =      173.055, Total count    =     33816199]
#[Buckets =           20, SubBuckets     =          256]
