       Value   Percentile   TotalCount 1/(1-Percentile)

        0.15     0.000000            1         1.00
        0.69     0.050000      1638669         1.05
        0.70     0.100000      4477403         1.11
        0.70     0.150000      4477403         1.18
        0.70     0.200000      4477403         1.25
        0.71     0.250000      8823983         1.33
        0.71     0.300000      8823983         1.43
        0.71     0.350000      8823983         1.54
        0.72     0.400000     13137469         1.67
        0.72     0.450000     13137469         1.82
        0.72     0.500000     13137469         2.00
        0.72     0.525000     13137469         2.11
        0.72     0.550000     13137469         2.22
        0.72     0.575000     13137469         2.35
        0.73     0.600000     16691828         2.50
        0.73     0.625000     16691828         2.67
        0.73     0.650000     16691828         2.86
        0.73     0.675000     16691828         3.08
        0.73     0.700000     16691828         3.33
        0.73     0.725000     16691828         3.64
        0.73     0.750000     19225345         4.00
        0.73     0.762500     19225345         4.21
        0.73     0.775000     19225345         4.44
        0.73     0.787500     19225345         4.71
        0.73     0.800000     19225345         5.00
        0.73     0.812500     19225345         5.33
        0.73     0.825000     19225345         5.71
        0.73     0.837500     19225345         6.15
        0.73     0.850000     19225345         6.67
        0.73     0.862500     19225345         7.27
        0.74     0.875000     20554202         8.00
        0.74     0.881250     20554202         8.42
        0.74     0.887500     20554202         8.89
        0.74     0.893750     20554202         9.41
        0.74     0.900000     20554202        10.00
        0.74     0.906250     20554202        10.67
        0.74     0.912500     20554202        11.43
        0.74     0.918750     20554202        12.31
        0.75     0.925000     21069127        13.33
        0.75     0.931250     21069127        14.55
        0.75     0.937500     21069127        16.00
        0.75     0.940625     21069127        16.84
        0.75     0.943750     21069127        17.78
        0.76     0.946875     21264234        18.82
        0.76     0.950000     21264234        20.00
        0.76     0.953125     21264234        21.33
        0.77     0.956250     21359574        22.86
        0.78     0.959375     21422521        24.62
        0.78     0.962500     21467446        26.67
        0.80     0.965625     21519822        29.09
        0.83     0.968750     21591191        32.00
        0.84     0.970313     21623082        33.68
        0.85     0.971875     21654060        35.56
        0.85     0.973437     21678551        37.65
        0.90     0.975000     21712518        40.00
        1.01     0.976562     21748673        42.67
        1.38     0.978125     21791056        45.71
        1.40     0.979688     21840475        49.23
        1.41     0.981250     21880674        53.33
        1.42     0.982812     21929495        58.18
        1.42     0.984375     21929495        64.00
        1.42     0.985156     21981885        67.37
        1.42     0.985938     21981885        71.11
        1.42     0.986719     21981885        75.29
        1.43     0.987500     22032753        80.00
        1.43     0.988281     22032753        85.33
        1.43     0.989062     22032753        91.43
        1.44     0.989844     22079974        98.46
        1.44     0.990625     22079974       106.67
        1.44     0.991406     22079974       116.36
        1.45     0.992188     22122194       128.00
        1.45     0.992578     22122194       134.74
        1.45     0.992969     22122194       142.22
        1.45     0.993359     22122194       150.59
        1.46     0.993750     22158695       160.00
        1.46     0.994141     22158695       170.67
        1.46     0.994531     22158695       182.86
        1.46     0.994922     22158695       196.92
        1.46     0.995313     22189604       213.33
        1.46     0.995703     22189604       232.73
        1.46     0.996094     22189604       256.00
        1.46     0.996289     22189604       269.47
        1.47     0.996484     22214407       284.44
        1.47     0.996680     22214407       301.18
        1.47     0.996875     22214407       320.00
        1.47     0.997070     22214407       341.33
        1.47     0.997266     22214407       365.71
        1.47     0.997461     22214407       393.85
        1.48     0.997656     22232004       426.67
        1.48     0.997852     22232004       465.45
        1.48     0.998047     22232004       512.00
        1.48     0.998145     22232004       538.95
        1.48     0.998242     22232004       568.89
        1.48     0.998340     22232004       602.35
        1.49     0.998437     22243517       640.00
        1.49     0.998535     22243517       682.67
        1.49     0.998633     22243517       731.43
        1.49     0.998730     22243517       787.69
        1.49     0.998828     22243517       853.33
        1.50     0.998926     22250267       930.91
        1.50     0.999023     22250267      1024.00
        1.50     0.999072     22250267      1077.89
        1.50     0.999121     22250267      1137.78
        1.50     0.999170     22250267      1204.71
        1.50     0.999219     22254133      1280.00
        1.50     0.999268     22254133      1365.33
        1.50     0.999316     22254133      1462.86
        1.51     0.999365     22256560      1575.38
        1.51     0.999414     22256560      1706.67
        1.51     0.999463     22256560      1861.82
        1.52     0.999512     22258268      2048.00
        1.52     0.999536     22258268      2155.79
        1.53     0.999561     22259636      2275.56
        1.53     0.999585     22259636      2409.41
        1.53     0.999609     22260836      2560.00
        1.53     0.999634     22260836      2730.67
        1.53     0.999658     22260836      2925.71
        1.54     0.999683     22261995      3150.77
        1.54     0.999707     22261995      3413.33
        1.55     0.999731     22263026      3723.64
        1.55     0.999756     22263026      4096.00
        1.56     0.999768     22264011      4311.58
        1.56     0.999780     22264011      4551.11
        1.56     0.999792     22264011      4818.82
        1.57     0.999805     22264843      5120.00
        1.57     0.999817     22264843      5461.33
        1.57     0.999829     22264843      5851.43
        1.57     0.999841     22265552      6301.54
        1.57     0.999854     22265552      6826.67
        1.57     0.999866     22265552      7447.27
        1.58     0.999878     22266128      8192.00
        1.58     0.999884     22266128      8623.16
        1.58     0.999890     22266128      9102.22
        1.58     0.999896     22266128      9637.65
        1.59     0.999902     22266607     10240.00
        1.59     0.999908     22266607     10922.67
        1.59     0.999915     22266607     11702.86
        1.60     0.999921     22266978     12603.08
        1.60     0.999927     22266978     13653.33
        1.60     0.999933     22266978     14894.55
        1.61     0.999939     22267284     16384.00
        1.61     0.999942     22267284     17246.32
        1.61     0.999945     22267284     18204.44
        1.61     0.999948     22267284     19275.29
        1.61     0.999951     22267492     20480.00
        1.61     0.999954     22267492     21845.33
        1.61     0.999957     22267492     23405.71
        1.62     0.999960     22267624     25206.15
        1.62     0.999963     22267624     27306.67
        1.63     0.999966     22267699     29789.09
        1.64     0.999969     22267751     32768.00
        1.65     0.999971     22267785     34492.63
        1.66     0.999973     22267809     36408.89
        1.66     0.999974     22267832     38550.59
        1.68     0.999976     22267866     40960.00
        1.70     0.999977     22267894     43690.67
        1.72     0.999979     22267930     46811.43
        1.74     0.999980     22267959     50412.31
        1.76     0.999982     22267994     54613.33
        1.79     0.999983     22268025     59578.18
        1.84     0.999985     22268064     65536.00
        1.86     0.999986     22268077     68985.26
        1.89     0.999986     22268093     72817.78
        1.92     0.999987     22268110     77101.18
        1.94     0.999988     22268127     81920.00
        1.98     0.999989     22268146     87381.33
        2.02     0.999989     22268163     93622.86
        2.06     0.999990     22268191    100824.62
        2.08     0.999991     22268199    109226.67
        2.10     0.999992     22268212    119156.36
        2.11     0.999992     22268233    131072.00
        2.13     0.999993     22268246    137970.53
        2.13     0.999993     22268246    145635.56
        2.14     0.999994     22268273    154202.35
        2.14     0.999994     22268273    163840.00
        2.14     0.999994     22268273    174762.67
        2.16     0.999995     22268292    187245.71
        2.16     0.999995     22268292    201649.23
        2.17     0.999995     22268316    218453.33
        2.17     0.999996     22268316    238312.73
        2.17     0.999996     22268316    262144.00
        2.19     0.999996     22268336    275941.05
        2.19     0.999997     22268336    291271.11
        2.19     0.999997     22268336    308404.71
        2.19     0.999997     22268336    327680.00
        2.19     0.999997     22268336    349525.33
        2.21     0.999997     22268349    374491.43
        2.21     0.999998     22268349    403298.46
        2.21     0.999998     22268349    436906.67
        2.22     0.999998     22268362    476625.45
        2.22     0.999998     22268362    524288.00
        2.22     0.999998     22268362    551882.11
        2.22     0.999998     22268362    582542.22
        2.22     0.999998     22268362    616809.41
        2.24     0.999998     22268372    655360.00
        2.24     0.999999     22268372    699050.67
        2.24     0.999999     22268372    748982.86
        2.24     0.999999     22268372    806596.92
        2.25     0.999999     22268376    873813.33
        2.25     0.999999     22268376    953250.91
        2.27     0.999999     22268384   1048576.00
        2.27     0.999999     22268384   1103764.21
        2.27     0.999999     22268384   1165084.44
        2.27     0.999999     22268384   1233618.82
        2.27     0.999999     22268384   1310720.00
        2.27     0.999999     22268384   1398101.33
        2.27     0.999999     22268384   1497965.71
        2.29     0.999999     22268387   1613193.85
        2.29     0.999999     22268387   1747626.67
        2.29     0.999999     22268387   1906501.82
        2.30     1.000000     22268389   2097152.00
        2.30     1.000000     22268389   2207528.42
        2.30     1.000000     22268389   2330168.89
        2.30     1.000000     22268389   2467237.65
        2.32     1.000000     22268390   2621440.00
        2.33     1.000000     22268391   2796202.67
        2.33     1.000000     22268391   2995931.43
        2.35     1.000000     22268392   3226387.69
        2.35     1.000000     22268392   3495253.33
        2.37     1.000000     22268393   3813003.64
        2.37     1.000000     22268393   4194304.00
        2.37     1.000000     22268393   4415056.84
        2.40     1.000000     22268395   4660337.78
        2.40     1.000000     22268395   4934475.29
        2.40     1.000000     22268395   5242880.00
        2.40     1.000000     22268395   5592405.33
        2.40     1.000000     22268395   5991862.86
        2.40     1.000000     22268395   6452775.39
        2.40     1.000000     22268395   6990506.67
        2.43     1.000000     22268396   7626007.28
        2.43     1.000000     22268396   8388608.00
        2.43     1.000000     22268396   8830113.68
        2.43     1.000000     22268396   9320675.55
        2.43     1.000000     22268396   9868950.59
        2.43     1.000000     22268396  10485760.00
        2.46     1.000000     22268397  11184810.67
        2.46     1.000000     22268397  11983725.71
        2.46     1.000000     22268397  12905550.76
        2.46     1.000000     22268397  13981013.34
        2.46     1.000000     22268397  15252014.55
        2.46     1.000000     22268397  16777216.00
        2.46     1.000000     22268397  17660227.38
        2.46     1.000000     22268397  18641351.10
        2.46     1.000000     22268397  19737901.19
        2.46     1.000000     22268397  20971519.98
        2.99     1.000000     22268398  22369621.33
        2.99     1.000000     22268398          inf
#[Mean    =        0.735, StdDeviation   =        0.109]
#[Max     =        2.991, Total count    =     22268398]
#[Buckets =           20, SubBuckets     =          256]
