       Value   Percentile   TotalCount 1/(1-Percentile)

        0.02     0.000000         1494         1.00
        0.44     0.050000       704983         1.05
        0.70     0.100000      1435916         1.11
        0.77     0.150000      2173099         1.18
        0.78     0.200000      2831543         1.25
        0.80     0.250000      3877576         1.33
        0.81     0.300000      4546721         1.43
        0.81     0.350000      5301632         1.54
        0.82     0.400000      6104756         1.67
        0.83     0.450000      6935157         1.82
        0.84     0.500000      7758691         2.00
        0.84     0.525000      7758691         2.11
        0.84     0.550000      7758691         2.22
        0.85     0.575000      8550959         2.35
        0.85     0.600000      8550959         2.50
        0.85     0.625000      9299654         2.67
        0.85     0.650000      9299654         2.86
        0.86     0.675000      9982371         3.08
        0.86     0.700000      9982371         3.33
        0.87     0.725000     10597411         3.64
        0.87     0.750000     10597411         4.00
        0.88     0.762500     11135754         4.21
        0.88     0.775000     11135754         4.44
        0.88     0.787500     11135754         4.71
        0.89     0.800000     11593516         5.00
        0.89     0.812500     11593516         5.33
        0.90     0.825000     11980414         5.71
        0.90     0.837500     11980414         6.15
        0.90     0.850000     11980414         6.67
        0.90     0.862500     12302174         7.27
        0.91     0.875000     12564818         8.00
        0.91     0.881250     12564818         8.42
        0.91     0.887500     12564818         8.89
        0.92     0.893750     12770017         9.41
        0.92     0.900000     12770017        10.00
        0.93     0.906250     12932783        10.67
        0.93     0.912500     12932783        11.43
        0.94     0.918750     13059153        12.31
        0.94     0.925000     13059153        13.33
        0.94     0.931250     13158420        14.55
        0.95     0.937500     13234098        16.00
        0.96     0.940625     13289429        16.84
        0.97     0.943750     13331669        17.78
        0.97     0.946875     13363531        18.82
        0.98     0.950000     13388377        20.00
        1.01     0.953125     13439278        21.33
        1.04     0.956250     13477763        22.86
        1.09     0.959375     13524453        24.62
        1.14     0.962500     13566073        26.67
        1.18     0.965625     13607773        29.09
        1.23     0.968750     13656972        32.00
        1.25     0.970313     13677638        33.68
        1.29     0.971875     13699676        35.56
        1.33     0.973437     13719682        37.65
        1.41     0.975000     13739873        40.00
        1.52     0.976562     13762442        42.67
        1.57     0.978125     13788536        45.71
        1.59     0.979688     13810051        49.23
        1.61     0.981250     13828306        53.33
        1.62     0.982812     13849322        58.18
        1.64     0.984375     13872430        64.00
        1.65     0.985156     13884626        67.37
        1.66     0.985938     13896899        71.11
        1.66     0.986719     13909170        75.29
        1.67     0.987500     13921581        80.00
        1.68     0.988281     13933561        85.33
        1.69     0.989062     13945458        91.43
        1.70     0.989844     13956784        98.46
        1.70     0.990625     13967466       106.67
        1.71     0.991406     13977428       116.36
        1.72     0.992188     13986968       128.00
        1.72     0.992578     13986968       134.74
        1.73     0.992969     13995814       142.22
        1.74     0.993359     14003931       150.59
        1.74     0.993750     14003931       160.00
        1.74     0.994141     14011475       170.67
        1.75     0.994531     14018325       182.86
        1.76     0.994922     14024595       196.92
        1.77     0.995313     14030383       213.33
        1.77     0.995703     14035744       232.73
        1.78     0.996094     14040483       256.00
        1.78     0.996289     14040483       269.47
        1.79     0.996484     14044839       284.44
        1.79     0.996680     14044839       301.18
        1.80     0.996875     14048626       320.00
        1.81     0.997070     14052162       341.33
        1.81     0.997266     14055261       365.71
        1.82     0.997461     14057880       393.85
        1.83     0.997656     14060106       426.67
        1.84     0.997852     14061999       465.45
        1.85     0.998047     14063603       512.00
        1.86     0.998145     14065974       538.95
        1.87     0.998242     14066866       568.89
        1.89     0.998340     14068103       602.35
        1.91     0.998437     14069161       640.00
        1.95     0.998535     14070515       682.67
        1.98     0.998633     14072025       731.43
        1.99     0.998730     14073811       787.69
        2.00     0.998828     14074921       853.33
        2.01     0.998926     14076113       930.91
        2.02     0.999023     14077408      1024.00
        2.02     0.999072     14078797      1077.89
        2.02     0.999121     14078797      1137.78
        2.03     0.999170     14080198      1204.71
        2.03     0.999219     14080198      1280.00
        2.04     0.999268     14081665      1365.33
        2.04     0.999316     14081665      1462.86
        2.05     0.999365     14082814      1575.38
        2.06     0.999414     14084707      1706.67
        2.06     0.999463     14084707      1861.82
        2.06     0.999512     14084707      2048.00
        2.06     0.999536     14084707      2155.79
        2.08     0.999561     14085919      2275.56
        2.08     0.999585     14085919      2409.41
        2.08     0.999609     14085919      2560.00
        2.10     0.999634     14086802      2730.67
        2.10     0.999658     14086802      2925.71
        2.10     0.999683     14086802      3150.77
        2.11     0.999707     14087657      3413.33
        2.11     0.999731     14087657      3723.64
        2.11     0.999756     14087657      4096.00
        2.13     0.999768     14088111      4311.58
        2.13     0.999780     14088111      4551.11
        2.14     0.999792     14088352      4818.82
        2.14     0.999805     14088352      5120.00
        2.16     0.999817     14088510      5461.33
        2.21     0.999829     14088676      5851.43
        2.30     0.999841     14088874      6301.54
        2.37     0.999854     14089064      6826.67
        2.40     0.999866     14089193      7447.27
        2.45     0.999878     14089406      8192.00
        2.46     0.999884     14089465      8623.16
        2.50     0.999890     14089559      9102.22
        2.53     0.999896     14089620      9637.65
        2.61     0.999902     14089716     10240.00
        2.67     0.999908     14089806     10922.67
        2.73     0.999915     14089890     11702.86
        2.80     0.999921     14089999     12603.08
        2.81     0.999927     14090070     13653.33
        2.83     0.999933     14090136     14894.55
        2.86     0.999939     14090292     16384.00
        2.86     0.999942     14090292     17246.32
        2.88     0.999945     14090383     18204.44
        2.88     0.999948     14090383     19275.29
        2.90     0.999951     14090480     20480.00
        2.90     0.999954     14090480     21845.33
        2.90     0.999957     14090480     23405.71
        2.91     0.999960     14090547     25206.15
        2.93     0.999963     14090608     27306.67
        2.94     0.999966     14090672     29789.09
        2.94     0.999969     14090672     32768.00
        2.96     0.999971     14090730     34492.63
        2.96     0.999973     14090730     36408.89
        2.96     0.999974     14090730     38550.59
        2.98     0.999976     14090766     40960.00
        2.98     0.999977     14090766     43690.67
        2.99     0.999979     14090804     46811.43
        2.99     0.999980     14090804     50412.31
        3.01     0.999982     14090824     54613.33
        3.06     0.999983     14090852     59578.18
        3.29     0.999985     14090867     65536.00
        3.92     0.999986     14090896     68985.26
        3.92     0.999986     14090896     72817.78
        3.94     0.999987     14090915     77101.18
        3.94     0.999988     14090915     81920.00
        4.06     0.999989     14090921     87381.33
        6.27     0.999989     14090981     93622.86
        6.27     0.999990     14090981    100824.62
        6.27     0.999991     14090981    109226.67
        6.27     0.999992     14090981    119156.36
        6.27     0.999992     14090981    131072.00
        6.27     0.999993     14090981    137970.53
        8.32     0.999993     14091007    145635.56
        8.32     0.999994     14091007    154202.35
        8.32     0.999994     14091007    163840.00
        8.32     0.999994     14091007    174762.67
        8.32     0.999995     14091007    187245.71
        8.38     0.999995     14091034    201649.23
        8.38     0.999995     14091034    218453.33
        8.38     0.999996     14091034    238312.73
        8.38     0.999996     14091034    262144.00
        8.38     0.999996     14091034    275941.05
        8.38     0.999997     14091034    291271.11
        9.28     0.999997     14091038    308404.71
       52.48     0.999997     14091079    327680.00
       52.48     0.999997     14091079    349525.33
       52.48     0.999997     14091079    374491.43
       52.48     0.999998     14091079    403298.46
       52.48     0.999998     14091079    436906.67
       52.48     0.999998     14091079    476625.45
       52.48     0.999998     14091079    524288.00
       52.48     0.999998     14091079    551882.11
       52.48     0.999998     14091079    582542.22
       52.48     0.999998     14091079    616809.41
       52.48     0.999998     14091079    655360.00
       52.48     0.999999     14091079    699050.67
       52.48     0.999999     14091079    748982.86
       52.48     0.999999     14091079    806596.92
       52.48     0.999999     14091079    873813.33
       52.48     0.999999     14091079    953250.91
       52.48     0.999999     14091079   1048576.00
       52.48     0.999999     14091079   1103764.21
       52.48     0.999999     14091079   1165084.44
       52.48     0.999999     14091079   1233618.82
       52.48     0.999999     14091079   1310720.00
       52.48     0.999999     14091079   1398101.33
       52.48     0.999999     14091079   1497965.71
       52.48     0.999999     14091079   1613193.85
       52.48     0.999999     14091079   1747626.67
       52.48     0.999999     14091079   1906501.82
       52.48     1.000000     14091079   2097152.00
       52.48     1.000000     14091079   2207528.42
       52.48     1.000000     14091079   2330168.89
       52.48     1.000000     14091079   2467237.65
       52.48     1.000000     14091079   2621440.00
       52.48     1.000000     14091079   2796202.67
       52.48     1.000000     14091079   2995931.43
       52.48     1.000000     14091079   3226387.69
       52.48     1.000000     14091079   3495253.33
       52.48     1.000000     14091079   3813003.64
       52.48     1.000000     14091079   4194304.00
       52.48     1.000000     14091079   4415056.84
       52.48     1.000000     14091079   4660337.78
       60.16     1.000000     14091081   4934475.29
       60.16     1.000000     14091081   5242880.00
       60.16     1.000000     14091081   5592405.33
       60.16     1.000000     14091081   5991862.86
       60.16     1.000000     14091081   6452775.39
       60.16     1.000000     14091081   6990506.67
       60.16     1.000000     14091081   7626007.28
       60.16     1.000000     14091081   8388608.00
       60.16     1.000000     14091081   8830113.68
       60.16     1.000000     14091081   9320675.55
       60.16     1.000000     14091081   9868950.59
       60.16     1.000000     14091081  10485760.00
       60.16     1.000000     14091081  11184810.67
       60.16     1.000000     14091081  11983725.71
       60.16     1.000000     14091081  12905550.76
       60.16     1.000000     14091081  13981013.34
       60.67     1.000000     14091082  15252014.55
       60.67     1.000000     14091082          inf
#[Mean    =        0.824, StdDeviation   =        0.234]
#[Max     =       60.671, Total count    =     14091082]
#[Buckets =           20, SubBuckets     =          256]
