       Value   Percentile   TotalCount 1/(1-Percentile)

        0.02     0.000000         7323         1.00
        0.46     0.050000      1409686         1.05
        0.72     0.100000      2866588         1.11
        0.78     0.150000      4621451         1.18
        0.80     0.200000      6137457         1.25
        0.81     0.250000      7165146         1.33
        0.82     0.300000      9735704         1.43
        0.83     0.350000     11243563         1.54
        0.84     0.400000     12815809         1.67
        0.84     0.450000     12815809         1.82
        0.85     0.500000     14414575         2.00
        0.85     0.525000     15991352         2.11
        0.85     0.550000     15991352         2.22
        0.86     0.575000     17508057         2.35
        0.86     0.600000     17508057         2.50
        0.87     0.625000     18924251         2.67
        0.87     0.650000     18924251         2.86
        0.88     0.675000     20202505         3.08
        0.88     0.700000     20202505         3.33
        0.89     0.725000     21350916         3.64
        0.89     0.750000     21350916         4.00
        0.90     0.762500     22360525         4.21
        0.90     0.775000     22360525         4.44
        0.90     0.787500     22360525         4.71
        0.90     0.800000     23217010         5.00
        0.90     0.812500     23217010         5.33
        0.91     0.825000     23952629         5.71
        0.91     0.837500     23952629         6.15
        0.91     0.850000     23952629         6.67
        0.92     0.862500     24575178         7.27
        0.93     0.875000     25095146         8.00
        0.93     0.881250     25095146         8.42
        0.93     0.887500     25095146         8.89
        0.94     0.893750     25517738         9.41
        0.94     0.900000     25517738        10.00
        0.94     0.906250     25850501        10.67
        0.94     0.912500     25850501        11.43
        0.95     0.918750     26114406        12.31
        0.95     0.925000     26114406        13.33
        0.96     0.931250     26313391        14.55
        0.97     0.937500     26466856        16.00
        0.97     0.940625     26583000        16.84
        0.97     0.943750     26583000        17.78
        0.98     0.946875     26672770        18.82
        1.00     0.950000     26797942        20.00
        1.01     0.953125     26870397        21.33
        1.04     0.956250     26944227        22.86
        1.09     0.959375     27030018        24.62
        1.14     0.962500     27112485        26.67
        1.19     0.965625     27199049        29.09
        1.24     0.968750     27294523        32.00
        1.26     0.970313     27337190        33.68
        1.29     0.971875     27384010        35.56
        1.33     0.973437     27420735        37.65
        1.38     0.975000     27463009        40.00
        1.51     0.976562     27507897        42.67
        1.57     0.978125     27554814        45.71
        1.61     0.979688     27601977        49.23
        1.63     0.981250     27651958        53.33
        1.65     0.982812     27691117        58.18
        1.66     0.984375     27733963        64.00
        1.67     0.985156     27756434        67.37
        1.68     0.985938     27779150        71.11
        1.69     0.986719     27801935        75.29
        1.70     0.987500     27824842        80.00
        1.70     0.988281     27847077        85.33
        1.71     0.989062     27868858        91.43
        1.72     0.989844     27889864        98.46
        1.73     0.990625     27909889       106.67
        1.74     0.991406     27929041       116.36
        1.74     0.992188     27947086       128.00
        1.75     0.992578     27964189       134.74
        1.76     0.992969     27980093       142.22
        1.76     0.993359     27980093       150.59
        1.77     0.993750     27994786       160.00
        1.77     0.994141     28008487       170.67
        1.78     0.994531     28021392       182.86
        1.79     0.994922     28033415       196.92
        1.80     0.995313     28044357       213.33
        1.81     0.995703     28054513       232.73
        1.81     0.996094     28063931       256.00
        1.81     0.996289     28063931       269.47
        1.82     0.996484     28072256       284.44
        1.83     0.996680     28079708       301.18
        1.83     0.996875     28079708       320.00
        1.84     0.997070     28086336       341.33
        1.85     0.997266     28092225       365.71
        1.85     0.997461     28097392       393.85
        1.86     0.997656     28101883       426.67
        1.87     0.997852     28105748       465.45
        1.89     0.998047     28111590       512.00
        1.90     0.998145     28115571       538.95
        1.91     0.998242     28117094       568.89
        1.94     0.998340     28120029       602.35
        1.97     0.998437     28122874       640.00
        1.98     0.998535     28125128       682.67
        2.00     0.998633     28128337       731.43
        2.01     0.998730     28130362       787.69
        2.02     0.998828     28135113       853.33
        2.03     0.998926     28137836       930.91
        2.04     0.999023     28139990      1024.00
        2.04     0.999072     28139990      1077.89
        2.05     0.999121     28142425      1137.78
        2.06     0.999170     28147876      1204.71
        2.06     0.999219     28147876      1280.00
        2.06     0.999268     28147876      1365.33
        2.06     0.999316     28147876      1462.86
        2.08     0.999365     28151863      1575.38
        2.08     0.999414     28151863      1706.67
        2.08     0.999463     28151863      1861.82
        2.10     0.999512     28155284      2048.00
        2.10     0.999536     28155284      2155.79
        2.10     0.999561     28155284      2275.56
        2.10     0.999585     28155284      2409.41
        2.10     0.999609     28155284      2560.00
        2.11     0.999634     28157531      2730.67
        2.11     0.999658     28157531      2925.71
        2.11     0.999683     28157531      3150.77
        2.13     0.999707     28159221      3413.33
        2.13     0.999731     28159221      3723.64
        2.14     0.999756     28160080      4096.00
        2.14     0.999768     28160080      4311.58
        2.14     0.999780     28160080      4551.11
        2.16     0.999792     28160770      4818.82
        2.16     0.999805     28160770      5120.00
        2.17     0.999817     28161134      5461.33
        2.21     0.999829     28161436      5851.43
        2.29     0.999841     28161667      6301.54
        2.38     0.999854     28162062      6826.67
        2.43     0.999866     28162409      7447.27
        2.46     0.999878     28162668      8192.00
        2.50     0.999884     28162872      8623.16
        2.53     0.999890     28163066      9102.22
        2.56     0.999896     28163187      9637.65
        2.62     0.999902     28163412     10240.00
        2.67     0.999908     28163524     10922.67
        2.77     0.999915     28163703     11702.86
        2.81     0.999921     28163901     12603.08
        2.85     0.999927     28164159     13653.33
        2.86     0.999933     28164277     14894.55
        2.88     0.999939     28164420     16384.00
        2.90     0.999942     28164590     17246.32
        2.90     0.999945     28164590     18204.44
        2.91     0.999948     28164754     19275.29
        2.91     0.999951     28164754     20480.00
        2.93     0.999954     28164911     21845.33
        2.93     0.999957     28164911     23405.71
        2.94     0.999960     28165067     25206.15
        2.96     0.999963     28165231     27306.67
        2.96     0.999966     28165231     29789.09
        2.98     0.999969     28165379     32768.00
        2.98     0.999971     28165379     34492.63
        2.98     0.999973     28165379     36408.89
        2.98     0.999974     28165379     38550.59
        2.99     0.999976     28165472     40960.00
        2.99     0.999977     28165472     43690.67
        3.01     0.999979     28165563     46811.43
        3.01     0.999980     28165563     50412.31
        3.02     0.999982     28165625     54613.33
        3.04     0.999983     28165687     59578.18
        3.04     0.999985     28165687     65536.00
        3.06     0.999986     28165745     68985.26
        3.06     0.999986     28165745     72817.78
        3.06     0.999987     28165745     77101.18
        3.07     0.999988     28165777     81920.00
        3.09     0.999989     28165795     87381.33
        3.10     0.999989     28165817     93622.86
        3.12     0.999990     28165830    100824.62
        3.15     0.999991     28165847    109226.67
        3.23     0.999992     28165867    119156.36
        3.36     0.999992     28165889    131072.00
        3.47     0.999993     28165898    137970.53
        4.16     0.999993     28165908    145635.56
       11.52     0.999994     28165932    154202.35
       11.52     0.999994     28165932    163840.00
       11.58     0.999994     28165995    174762.67
       11.58     0.999995     28165995    187245.71
       11.58     0.999995     28165995    201649.23
       11.58     0.999995     28165995    218453.33
       11.58     0.999996     28165995    238312.73
       11.58     0.999996     28165995    262144.00
       11.97     0.999996     28165999    275941.05
       51.97     0.999997     28166089    291271.11
       51.97     0.999997     28166089    308404.71
       51.97     0.999997     28166089    327680.00
       51.97     0.999997     28166089    349525.33
       51.97     0.999997     28166089    374491.43
       51.97     0.999998     28166089    403298.46
       51.97     0.999998     28166089    436906.67
       51.97     0.999998     28166089    476625.45
       51.97     0.999998     28166089    524288.00
       51.97     0.999998     28166089    551882.11
       51.97     0.999998     28166089    582542.22
       51.97     0.999998     28166089    616809.41
       51.97     0.999998     28166089    655360.00
       51.97     0.999999     28166089    699050.67
       51.97     0.999999     28166089    748982.86
       51.97     0.999999     28166089    806596.92
       51.97     0.999999     28166089    873813.33
       51.97     0.999999     28166089    953250.91
       51.97     0.999999     28166089   1048576.00
       51.97     0.999999     28166089   1103764.21
       51.97     0.999999     28166089   1165084.44
       51.97     0.999999     28166089   1233618.82
       51.97     0.999999     28166089   1310720.00
       51.97     0.999999     28166089   1398101.33
       51.97     0.999999     28166089   1497965.71
       51.97     0.999999     28166089   1613193.85
       51.97     0.999999     28166089   1747626.67
       51.97     0.999999     28166089   1906501.82
       51.97     1.000000     28166089   2097152.00
       51.97     1.000000     28166089   2207528.42
       51.97     1.000000     28166089   2330168.89
       52.73     1.000000     28166090   2467237.65
       52.99     1.000000     28166092   2621440.00
       52.99     1.000000     28166092   2796202.67
       52.99     1.000000     28166092   2995931.43
       62.98     1.000000     28166097   3226387.69
       62.98     1.000000     28166097   3495253.33
       62.98     1.000000     28166097   3813003.64
       62.98     1.000000     28166097   4194304.00
       62.98     1.000000     28166097   4415056.84
       62.98     1.000000     28166097   4660337.78
       62.98     1.000000     28166097   4934475.29
       62.98     1.000000     28166097   5242880.00
       62.98     1.000000     28166097   5592405.33
       62.98     1.000000     28166097   5991862.86
       62.98     1.000000     28166097   6452775.39
       62.98     1.000000     28166097   6990506.67
       63.49     1.000000     28166101   7626007.28
       63.49     1.000000     28166101          inf
#[Mean    =        0.838, StdDeviation   =        0.237]
#[Max     =       63.487, Total count    =     28166101]
#[Buckets =           20, SubBuckets     =          256]
