get
calls
14082203
histogram_usec
1
9784627
2
13766261
4
14071071
8
14080482
16
14081757
33
14082162
66
14082190
132
14082199
264
14082201
528
14082202
1056
14082203
setex
calls
14082249
histogram_usec
1
5164192
2
11634565
4
13919503
8
14064453
16
14077839
33
14081853
66
14082205
132
14082226
264
14082239
528
14082245
1056
14082247
2113
14082248
4227
14082249
dbsize
calls
1
histogram_usec
2
1
latency|histogram
calls
1
histogram_usec
132
1
latency|latest
calls
2
histogram_usec
4
1
8
2
ping
calls
1
histogram_usec
8
1
info
calls
2
histogram_usec
264
2
