       Value   Percentile   TotalCount 1/(1-Percentile)

        0.02     0.000000         6771         1.00
        0.48     0.050000      1416796         1.05
        0.73     0.100000      2861817         1.11
        0.78     0.150000      4378158         1.18
        0.80     0.200000      5785392         1.25
        0.81     0.250000      7927327         1.33
        0.82     0.300000      9274485         1.43
        0.83     0.350000     10779558         1.54
        0.84     0.400000     12363315         1.67
        0.85     0.450000     13992988         1.82
        0.85     0.500000     15612924         2.00
        0.85     0.525000     15612924         2.11
        0.85     0.550000     15612924         2.22
        0.86     0.575000     17163200         2.35
        0.86     0.600000     17163200         2.50
        0.87     0.625000     18611195         2.67
        0.87     0.650000     18611195         2.86
        0.88     0.675000     19940498         3.08
        0.88     0.700000     19940498         3.33
        0.89     0.725000     21123812         3.64
        0.89     0.750000     21123812         4.00
        0.90     0.762500     22150474         4.21
        0.90     0.775000     22150474         4.44
        0.90     0.787500     23026782         4.71
        0.90     0.800000     23026782         5.00
        0.90     0.812500     23026782         5.33
        0.91     0.825000     23777757         5.71
        0.91     0.837500     23777757         6.15
        0.92     0.850000     24419099         6.67
        0.92     0.862500     24419099         7.27
        0.93     0.875000     24955613         8.00
        0.93     0.881250     24955613         8.42
        0.94     0.887500     25390631         8.89
        0.94     0.893750     25390631         9.41
        0.94     0.900000     25390631        10.00
        0.94     0.906250     25743048        10.67
        0.94     0.912500     25743048        11.43
        0.95     0.918750     26020265        12.31
        0.96     0.925000     26239751        13.33
        0.96     0.931250     26239751        14.55
        0.97     0.937500     26407742        16.00
        0.97     0.940625     26534986        16.84
        0.98     0.943750     26630084        17.78
        0.99     0.946875     26703832        18.82
        1.00     0.950000     26760203        20.00
        1.02     0.953125     26869666        21.33
        1.05     0.956250     26934581        22.86
        1.09     0.959375     27020845        24.62
        1.15     0.962500     27108621        26.67
        1.20     0.965625     27201849        29.09
        1.24     0.968750     27286010        32.00
        1.26     0.970313     27331100        33.68
        1.29     0.971875     27381102        35.56
        1.33     0.973437     27419867        37.65
        1.38     0.975000     27464102        40.00
        1.50     0.976562     27505538        42.67
        1.57     0.978125     27552116        45.71
        1.61     0.979688     27597708        49.23
        1.63     0.981250     27645467        53.33
        1.65     0.982812     27683195        58.18
        1.66     0.984375     27725490        64.00
        1.67     0.985156     27747558        67.37
        1.68     0.985938     27770363        71.11
        1.69     0.986719     27793338        75.29
        1.70     0.987500     27816208        80.00
        1.70     0.988281     27838798        85.33
        1.71     0.989062     27860683        91.43
        1.72     0.989844     27881813        98.46
        1.73     0.990625     27902075       106.67
        1.74     0.991406     27940190       116.36
        1.75     0.992188     27957382       128.00
        1.75     0.992578     27957382       134.74
        1.76     0.992969     27973483       142.22
        1.77     0.993359     27988461       150.59
        1.77     0.993750     27988461       160.00
        1.77     0.994141     28002369       170.67
        1.78     0.994531     28015355       182.86
        1.79     0.994922     28027124       196.92
        1.80     0.995313     28038250       213.33
        1.81     0.995703     28048490       232.73
        1.81     0.996094     28058027       256.00
        1.82     0.996289     28066792       269.47
        1.82     0.996484     28066792       284.44
        1.83     0.996680     28074558       301.18
        1.84     0.996875     28081408       320.00
        1.85     0.997070     28087525       341.33
        1.85     0.997266     28087525       365.71
        1.85     0.997461     28092946       393.85
        1.87     0.997656     28101700       426.67
        1.88     0.997852     28105060       465.45
        1.90     0.998047     28110322       512.00
        1.90     0.998145     28112326       538.95
        1.92     0.998242     28115218       568.89
        1.94     0.998340     28117803       602.35
        1.98     0.998437     28121366       640.00
        1.99     0.998535     28124296       682.67
        2.00     0.998633     28125853       731.43
        2.02     0.998730     28130104       787.69
        2.02     0.998828     28132758       853.33
        2.03     0.998926     28135536       930.91
        2.04     0.999023     28138061      1024.00
        2.05     0.999072     28140562      1077.89
        2.05     0.999121     28140562      1137.78
        2.06     0.999170     28145488      1204.71
        2.06     0.999219     28145488      1280.00
        2.06     0.999268     28145488      1365.33
        2.06     0.999316     28145488      1462.86
        2.08     0.999365     28149695      1575.38
        2.08     0.999414     28149695      1706.67
        2.08     0.999463     28149695      1861.82
        2.10     0.999512     28153349      2048.00
        2.10     0.999536     28153349      2155.79
        2.10     0.999561     28153349      2275.56
        2.10     0.999585     28153349      2409.41
        2.10     0.999609     28153349      2560.00
        2.11     0.999634     28155807      2730.67
        2.11     0.999658     28155807      2925.71
        2.11     0.999683     28155807      3150.77
        2.13     0.999707     28157616      3413.33
        2.13     0.999731     28157616      3723.64
        2.13     0.999756     28157616      4096.00
        2.14     0.999768     28158377      4311.58
        2.14     0.999780     28158377      4551.11
        2.16     0.999792     28158670      4818.82
        2.17     0.999805     28158815      5120.00
        2.21     0.999817     28159147      5461.33
        2.25     0.999829     28159537      5851.43
        2.32     0.999841     28159846      6301.54
        2.40     0.999854     28160251      6826.67
        2.45     0.999866     28160621      7447.27
        2.48     0.999878     28160867      8192.00
        2.53     0.999884     28161079      8623.16
        2.58     0.999890     28161216      9102.22
        2.70     0.999896     28161386      9637.65
        2.78     0.999902     28161558     10240.00
        2.83     0.999908     28161779     10922.67
        2.86     0.999915     28161999     11702.86
        2.88     0.999921     28162168     12603.08
        2.90     0.999927     28162355     13653.33
        2.91     0.999933     28162502     14894.55
        2.93     0.999939     28162688     16384.00
        2.93     0.999942     28162688     17246.32
        2.94     0.999945     28162861     18204.44
        2.94     0.999948     28162861     19275.29
        2.96     0.999951     28163016     20480.00
        2.96     0.999954     28163016     21845.33
        2.98     0.999957     28163143     23405.71
        2.99     0.999960     28163251     25206.15
        3.01     0.999963     28163350     27306.67
        3.02     0.999966     28163423     29789.09
        3.04     0.999969     28163468     32768.00
        3.06     0.999971     28163491     34492.63
        3.09     0.999973     28163532     36408.89
        3.20     0.999974     28163574     38550.59
        3.52     0.999976     28163630     40960.00
        3.62     0.999977     28163701     43690.67
        3.63     0.999979     28163705     46811.43
        3.73     0.999980     28163800     50412.31
        3.73     0.999982     28163800     54613.33
        4.89     0.999983     28163850     59578.18
        4.93     0.999985     28163969     65536.00
        4.93     0.999986     28163969     68985.26
        4.93     0.999986     28163969     72817.78
        4.93     0.999987     28163969     77101.18
        4.93     0.999988     28163969     81920.00
        4.96     0.999989     28163989     87381.33
        4.99     0.999989     28164004     93622.86
        5.44     0.999990     28164088    100824.62
        5.44     0.999991     28164088    109226.67
        5.44     0.999992     28164088    119156.36
        5.47     0.999992     28164097    131072.00
        5.50     0.999993     28164102    137970.53
        6.37     0.999993     28164111    145635.56
       13.63     0.999994     28164194    154202.35
       13.63     0.999994     28164194    163840.00
       13.63     0.999994     28164194    174762.67
       13.63     0.999995     28164194    187245.71
       13.63     0.999995     28164194    201649.23
       13.63     0.999995     28164194    218453.33
       13.63     0.999996     28164194    238312.73
       13.95     0.999996     28164197    262144.00
       14.40     0.999996     28164203    275941.05
       49.92     0.999997     28164287    291271.11
       49.92     0.999997     28164287    308404.71
       49.92     0.999997     28164287    327680.00
       49.92     0.999997     28164287    349525.33
       49.92     0.999997     28164287    374491.43
       49.92     0.999998     28164287    403298.46
       49.92     0.999998     28164287    436906.67
       49.92     0.999998     28164287    476625.45
       49.92     0.999998     28164287    524288.00
       49.92     0.999998     28164287    551882.11
       49.92     0.999998     28164287    582542.22
       49.92     0.999998     28164287    616809.41
       49.92     0.999998     28164287    655360.00
       49.92     0.999999     28164287    699050.67
       49.92     0.999999     28164287    748982.86
       49.92     0.999999     28164287    806596.92
       49.92     0.999999     28164287    873813.33
       49.92     0.999999     28164287    953250.91
       49.92     0.999999     28164287   1048576.00
       49.92     0.999999     28164287   1103764.21
       49.92     0.999999     28164287   1165084.44
       49.92     0.999999     28164287   1233618.82
       49.92     0.999999     28164287   1310720.00
       49.92     0.999999     28164287   1398101.33
       49.92     0.999999     28164287   1497965.71
       49.92     0.999999     28164287   1613193.85
       50.69     0.999999     28164290   1747626.67
       50.69     0.999999     28164290   1906501.82
       50.94     1.000000     28164292   2097152.00
       50.94     1.000000     28164292   2207528.42
       50.94     1.000000     28164292   2330168.89
       51.20     1.000000     28164295   2467237.65
       51.20     1.000000     28164295   2621440.00
       51.20     1.000000     28164295   2796202.67
       51.20     1.000000     28164295   2995931.43
       62.98     1.000000     28164301   3226387.69
       62.98     1.000000     28164301   3495253.33
       62.98     1.000000     28164301   3813003.64
       62.98     1.000000     28164301   4194304.00
       62.98     1.000000     28164301   4415056.84
       62.98     1.000000     28164301   4660337.78
       62.98     1.000000     28164301   4934475.29
       62.98     1.000000     28164301   5242880.00
       62.98     1.000000     28164301   5592405.33
       62.98     1.000000     28164301   5991862.86
       62.98     1.000000     28164301   6452775.39
       62.98     1.000000     28164301   6990506.67
       62.98     1.000000     28164301   7626007.28
       62.98     1.000000     28164301   8388608.00
       62.98     1.000000     28164301   8830113.68
       62.98     1.000000     28164301   9320675.55
       63.49     1.000000     28164304   9868950.59
       63.49     1.000000     28164304          inf
#[Mean    =        0.841, StdDeviation   =        0.236]
#[Max     =       63.487, Total count    =     28164304]
#[Buckets =           20, SubBuckets     =          256]
