       Value   Percentile   TotalCount 1/(1-Percentile)

        0.02     0.000000          297         1.00
        0.37     0.050000       129206         1.05
        0.59     0.100000       257545         1.11
        0.68     0.150000       393321         1.18
        0.69     0.200000       551766         1.25
        0.70     0.250000       678460         1.33
        0.71     0.300000       835415         1.43
        0.72     0.350000      1024524         1.54
        0.73     0.400000      1236504         1.67
        0.73     0.450000      1236504         1.82
        0.73     0.500000      1467503         2.00
        0.73     0.525000      1467503         2.11
        0.73     0.550000      1467503         2.22
        0.74     0.575000      1716980         2.35
        0.74     0.600000      1716980         2.50
        0.74     0.625000      1716980         2.67
        0.74     0.650000      1716980         2.86
        0.75     0.675000      1956886         3.08
        0.75     0.700000      1956886         3.33
        0.75     0.725000      1956886         3.64
        0.75     0.750000      1956886         4.00
        0.75     0.762500      1956886         4.21
        0.76     0.775000      2152017         4.44
        0.76     0.787500      2152017         4.71
        0.76     0.800000      2152017         5.00
        0.76     0.812500      2152017         5.33
        0.76     0.825000      2152017         5.71
        0.76     0.837500      2152017         6.15
        0.77     0.850000      2284272         6.67
        0.77     0.862500      2284272         7.27
        0.77     0.875000      2284272         8.00
        0.77     0.881250      2284272         8.42
        0.77     0.887500      2284272         8.89
        0.78     0.893750      2354209         9.41
        0.78     0.900000      2354209        10.00
        0.78     0.906250      2354209        10.67
        0.78     0.912500      2354209        11.43
        0.78     0.918750      2387723        12.31
        0.78     0.925000      2387723        13.33
        0.78     0.931250      2387723        14.55
        0.79     0.937500      2403619        16.00
        0.80     0.940625      2412363        16.84
        0.81     0.943750      2424831        17.78
        0.82     0.946875      2429704        18.82
        0.84     0.950000      2437693        20.00
        0.85     0.953125      2444544        21.33
        0.88     0.956250      2454374        22.86
        0.90     0.959375      2461129        24.62
        0.94     0.962500      2468589        26.67
        0.97     0.965625      2478380        29.09
        0.98     0.968750      2484389        32.00
        1.00     0.970313      2490437        33.68
        1.01     0.971875      2493405        35.56
        1.01     0.973437      2496240        37.65
        1.03     0.975000      2500670        40.00
        1.05     0.976562      2503848        42.67
        1.16     0.978125      2507815        45.71
        1.30     0.979688      2511679        49.23
        1.36     0.981250      2516092        53.33
        1.38     0.982812      2519915        58.18
        1.41     0.984375      2525345        64.00
        1.42     0.985156      2527487        67.37
        1.42     0.985938      2529750        71.11
        1.42     0.986719      2529750        75.29
        1.43     0.987500      2532193        80.00
        1.44     0.988281      2534795        85.33
        1.45     0.989062      2537234        91.43
        1.46     0.989844      2540032        98.46
        1.46     0.990625      2540032       106.67
        1.46     0.991406      2542901       116.36
        1.47     0.992188      2545930       128.00
        1.47     0.992578      2545930       134.74
        1.47     0.992969      2545930       142.22
        1.48     0.993359      2549089       150.59
        1.48     0.993750      2549089       160.00
        1.48     0.994141      2549089       170.67
        1.49     0.994531      2552070       182.86
        1.49     0.994922      2552070       196.92
        1.49     0.995313      2552070       213.33
        1.50     0.995703      2554797       232.73
        1.50     0.996094      2554797       256.00
        1.50     0.996289      2554797       269.47
        1.50     0.996484      2554797       284.44
        1.50     0.996680      2557185       301.18
        1.50     0.996875      2557185       320.00
        1.50     0.997070      2557185       341.33
        1.50     0.997266      2557185       365.71
        1.51     0.997461      2559035       393.85
        1.51     0.997656      2559035       426.67
        1.51     0.997852      2559035       465.45
        1.51     0.998047      2559035       512.00
        1.51     0.998145      2559035       538.95
        1.52     0.998242      2560372       568.89
        1.52     0.998340      2560372       602.35
        1.52     0.998437      2560372       640.00
        1.52     0.998535      2560372       682.67
        1.52     0.998633      2560372       731.43
        1.53     0.998730      2561335       787.69
        1.53     0.998828      2561335       853.33
        1.53     0.998926      2561335       930.91
        1.53     0.999023      2561335      1024.00
        1.53     0.999072      2561948      1077.89
        1.53     0.999121      2561948      1137.78
        1.53     0.999170      2561948      1204.71
        1.53     0.999219      2561948      1280.00
        1.53     0.999268      2561948      1365.33
        1.54     0.999316      2562364      1462.86
        1.54     0.999365      2562364      1575.38
        1.54     0.999414      2562364      1706.67
        1.54     0.999463      2562364      1861.82
        1.55     0.999512      2562642      2048.00
        1.55     0.999536      2562642      2155.79
        1.55     0.999561      2562642      2275.56
        1.56     0.999585      2562818      2409.41
        1.56     0.999609      2562818      2560.00
        1.56     0.999634      2562818      2730.67
        1.57     0.999658      2562949      2925.71
        1.57     0.999683      2562949      3150.77
        1.57     0.999707      2563056      3413.33
        1.57     0.999731      2563056      3723.64
        1.58     0.999756      2563164      4096.00
        1.58     0.999768      2563164      4311.58
        1.59     0.999780      2563253      4551.11
        1.59     0.999792      2563253      4818.82
        1.59     0.999805      2563253      5120.00
        1.60     0.999817      2563330      5461.33
        1.60     0.999829      2563330      5851.43
        1.60     0.999841      2563330      6301.54
        1.61     0.999854      2563392      6826.67
        1.61     0.999866      2563392      7447.27
        1.61     0.999878      2563454      8192.00
        1.61     0.999884      2563454      8623.16
        1.61     0.999890      2563454      9102.22
        1.62     0.999896      2563501      9637.65
        1.62     0.999902      2563501     10240.00
        1.62     0.999908      2563501     10922.67
        1.63     0.999915      2563531     11702.86
        1.63     0.999921      2563531     12603.08
        1.64     0.999927      2563554     13653.33
        1.65     0.999933      2563578     14894.55
        1.65     0.999939      2563578     16384.00
        1.66     0.999942      2563601     17246.32
        1.66     0.999945      2563601     18204.44
        1.66     0.999948      2563601     19275.29
        1.66     0.999951      2563613     20480.00
        1.66     0.999954      2563613     21845.33
        1.67     0.999957      2563625     23405.71
        1.68     0.999960      2563631     25206.15
        1.70     0.999963      2563637     27306.67
        1.73     0.999966      2563643     29789.09
        1.77     0.999969      2563651     32768.00
        1.79     0.999971      2563656     34492.63
        1.81     0.999973      2563662     36408.89
        1.82     0.999974      2563664     38550.59
        1.84     0.999976      2563667     40960.00
        1.90     0.999977      2563671     43690.67
        2.02     0.999979      2563675     46811.43
        2.08     0.999980      2563680     50412.31
        2.10     0.999982      2563685     54613.33
        2.13     0.999983      2563688     59578.18
        2.14     0.999985      2563691     65536.00
        2.16     0.999986      2563693     68985.26
        2.19     0.999986      2563698     72817.78
        2.19     0.999987      2563698     77101.18
        2.19     0.999988      2563698     81920.00
        2.22     0.999989      2563701     87381.33
        2.24     0.999989      2563703     93622.86
        2.25     0.999990      2563706    100824.62
        2.25     0.999991      2563706    109226.67
        2.29     0.999992      2563710    119156.36
        2.29     0.999992      2563710    131072.00
        2.45     0.999993      2563711    137970.53
        2.62     0.999993      2563712    145635.56
        2.70     0.999994      2563713    154202.35
        2.80     0.999994      2563714    163840.00
        5.63     0.999994      2563724    174762.67
        5.63     0.999995      2563724    187245.71
        5.63     0.999995      2563724    201649.23
        5.63     0.999995      2563724    218453.33
        5.63     0.999996      2563724    238312.73
        5.63     0.999996      2563724    262144.00
        5.63     0.999996      2563724    275941.05
        5.63     0.999997      2563724    291271.11
        5.63     0.999997      2563724    308404.71
        5.63     0.999997      2563724    327680.00
        5.63     0.999997      2563724    349525.33
        5.63     0.999997      2563724    374491.43
        5.63     0.999998      2563724    403298.46
        5.63     0.999998      2563724    436906.67
        5.63     0.999998      2563724    476625.45
        5.66     0.999998      2563729    524288.00
        5.66     1.000000      2563729          inf
#[Mean    =        0.712, StdDeviation   =        0.175]
#[Max     =        5.663, Total count    =      2563729]
#[Buckets =           20, SubBuckets     =          256]
