       Value   Percentile   TotalCount 1/(1-Percentile)

        0.02     0.000000        10109         1.00
        0.38     0.050000       854355         1.05
        0.60     0.100000      1728418         1.11
        0.69     0.150000      2575809         1.18
        0.71     0.200000      3402973         1.25
        0.73     0.250000      4824010         1.33
        0.73     0.300000      5768389         1.43
        0.74     0.350000      6881846         1.54
        0.74     0.400000      6881846         1.67
        0.75     0.450000      8174204         1.82
        0.76     0.500000      9605936         2.00
        0.76     0.525000      9605936         2.11
        0.76     0.550000      9605936         2.22
        0.77     0.575000     11066536         2.35
        0.77     0.600000     11066536         2.50
        0.77     0.625000     11066536         2.67
        0.77     0.650000     11066536         2.86
        0.78     0.675000     12392377         3.08
        0.78     0.700000     12392377         3.33
        0.78     0.725000     12392377         3.64
        0.78     0.750000     13407307         4.00
        0.78     0.762500     13407307         4.21
        0.78     0.775000     13407307         4.44
        0.78     0.787500     13407307         4.71
        0.79     0.800000     14061854         5.00
        0.79     0.812500     14061854         5.33
        0.79     0.825000     14061854         5.71
        0.80     0.837500     14432137         6.15
        0.80     0.850000     14432137         6.67
        0.81     0.862500     14641156         7.27
        0.82     0.875000     14903632         8.00
        0.82     0.881250     14903632         8.42
        0.83     0.887500     15022279         8.89
        0.84     0.893750     15143866         9.41
        0.85     0.900000     15273060        10.00
        0.85     0.906250     15407620        10.67
        0.86     0.912500     15546162        11.43
        0.86     0.918750     15546162        12.31
        0.87     0.925000     15682689        13.33
        0.88     0.931250     15809905        14.55
        0.89     0.937500     15919107        16.00
        0.89     0.940625     15919107        16.84
        0.90     0.943750     16008267        17.78
        0.90     0.946875     16081394        18.82
        0.90     0.950000     16081394        20.00
        0.91     0.953125     16140366        21.33
        0.92     0.956250     16186045        22.86
        0.93     0.959375     16222146        24.62
        0.94     0.962500     16276554        26.67
        0.97     0.965625     16331569        29.09
        0.99     0.968750     16378912        32.00
        1.01     0.970313     16407691        33.68
        1.02     0.971875     16433350        35.56
        1.05     0.973437     16465511        37.65
        1.07     0.975000     16488462        40.00
        1.13     0.976562     16513105        42.67
        1.22     0.978125     16538661        45.71
        1.34     0.979688     16565582        49.23
        1.40     0.981250     16591512        53.33
        1.43     0.982812     16619768        58.18
        1.46     0.984375     16647448        64.00
        1.46     0.985156     16658372        67.37
        1.47     0.985938     16669867        71.11
        1.49     0.986719     16695484        75.29
        1.50     0.987500     16709261        80.00
        1.50     0.988281     16709261        85.33
        1.50     0.989062     16723997        91.43
        1.51     0.989844     16739448        98.46
        1.52     0.990625     16755814       106.67
        1.53     0.991406     16772779       116.36
        1.53     0.992188     16789657       128.00
        1.53     0.992578     16789657       134.74
        1.53     0.992969     16789657       142.22
        1.54     0.993359     16805862       150.59
        1.54     0.993750     16805862       160.00
        1.55     0.994141     16820638       170.67
        1.55     0.994531     16820638       182.86
        1.56     0.994922     16833026       196.92
        1.56     0.995313     16833026       213.33
        1.57     0.995703     16842862       232.73
        1.57     0.996094     16842862       256.00
        1.57     0.996289     16850698       269.47
        1.57     0.996484     16850698       284.44
        1.58     0.996680     16856723       301.18
        1.58     0.996875     16856723       320.00
        1.59     0.997070     16861241       341.33
        1.59     0.997266     16861241       365.71
        1.60     0.997461     16864705       393.85
        1.61     0.997656     16869419       426.67
        1.62     0.997852     16871134       465.45
        1.64     0.998047     16874314       512.00
        1.65     0.998145     16875869       538.95
        1.66     0.998242     16877373       568.89
        1.67     0.998340     16880393       602.35
        1.68     0.998437     16881898       640.00
        1.69     0.998535     16883349       682.67
        1.70     0.998633     16884840       731.43
        1.70     0.998730     16886358       787.69
        1.71     0.998828     16887878       853.33
        1.72     0.998926     16889377       930.91
        1.73     0.999023     16890919      1024.00
        1.74     0.999072     16892410      1077.89
        1.74     0.999121     16892410      1137.78
        1.74     0.999170     16893890      1204.71
        1.74     0.999219     16893890      1280.00
        1.75     0.999268     16895353      1365.33
        1.76     0.999316     16896641      1462.86
        1.76     0.999365     16896641      1575.38
        1.77     0.999414     16897793      1706.67
        1.77     0.999463     16898838      1861.82
        1.77     0.999512     16898838      2048.00
        1.78     0.999536     16899663      2155.79
        1.78     0.999561     16899663      2275.56
        1.79     0.999585     16900454      2409.41
        1.80     0.999609     16901119      2560.00
        1.80     0.999634     16901119      2730.67
        1.81     0.999658     16901685      2925.71
        1.81     0.999683     16902177      3150.77
        1.81     0.999707     16902177      3413.33
        1.82     0.999731     16902643      3723.64
        1.83     0.999756     16903060      4096.00
        1.84     0.999768     16903450      4311.58
        1.84     0.999780     16903450      4551.11
        1.85     0.999792     16903773      4818.82
        1.85     0.999805     16903773      5120.00
        1.85     0.999817     16904064      5461.33
        1.86     0.999829     16904322      5851.43
        1.87     0.999841     16904564      6301.54
        1.88     0.999854     16904776      6826.67
        1.89     0.999866     16904950      7447.27
        1.90     0.999878     16905098      8192.00
        1.90     0.999884     16905266      8623.16
        1.90     0.999890     16905266      9102.22
        1.91     0.999896     16905403      9637.65
        1.92     0.999902     16905517     10240.00
        1.93     0.999908     16905608     10922.67
        1.94     0.999915     16905678     11702.86
        1.94     0.999921     16905742     12603.08
        1.96     0.999927     16905873     13653.33
        1.98     0.999933     16905998     14894.55
        1.98     0.999939     16906051     16384.00
        1.99     0.999942     16906104     17246.32
        2.00     0.999945     16906145     18204.44
        2.01     0.999948     16906198     19275.29
        2.02     0.999951     16906258     20480.00
        2.02     0.999954     16906311     21845.33
        2.03     0.999957     16906351     23405.71
        2.05     0.999960     16906415     25206.15
        2.06     0.999963     16906455     27306.67
        2.11     0.999966     16906510     29789.09
        2.16     0.999969     16906560     32768.00
        2.19     0.999971     16906589     34492.63
        2.22     0.999973     16906611     36408.89
        2.25     0.999974     16906656     38550.59
        2.27     0.999976     16906678     40960.00
        2.29     0.999977     16906700     43690.67
        2.30     0.999979     16906713     46811.43
        2.33     0.999980     16906747     50412.31
        2.37     0.999982     16906775     54613.33
        2.42     0.999983     16906797     59578.18
        2.48     0.999985     16906818     65536.00
        2.53     0.999986     16906829     68985.26
        2.67     0.999986     16906839     72817.78
        2.90     0.999987     16906852     77101.18
        4.83     0.999988     16906908     81920.00
        4.83     0.999989     16906908     87381.33
        4.83     0.999989     16906908     93622.86
        4.83     0.999990     16906908    100824.62
        5.41     0.999991     16906957    109226.67
        5.41     0.999992     16906957    119156.36
        5.41     0.999992     16906957    131072.00
        5.41     0.999993     16906957    137970.53
        5.41     0.999993     16906957    145635.56
        8.64     0.999994     16907000    154202.35
        8.64     0.999994     16907000    163840.00
        8.64     0.999994     16907000    174762.67
        8.64     0.999995     16907000    187245.71
        8.64     0.999995     16907000    201649.23
        8.64     0.999995     16907000    218453.33
        8.89     0.999996     16907001    238312.73
       72.19     0.999996     16907007    262144.00
       78.85     0.999996     16907016    275941.05
       78.85     0.999997     16907016    291271.11
       81.41     0.999997     16907017    308404.71
      166.91     0.999997     16907041    327680.00
      166.91     0.999997     16907041    349525.33
      166.91     0.999997     16907041    374491.43
      166.91     0.999998     16907041    403298.46
      166.91     0.999998     16907041    436906.67
      166.91     0.999998     16907041    476625.45
      166.91     0.999998     16907041    524288.00
      166.91     0.999998     16907041    551882.11
      169.98     0.999998     16907071    582542.22
      169.98     1.000000     16907071          inf
#[Mean    =        0.739, StdDeviation   =        0.360]
#[Max     =      169.983, Total count    =     16907071]
#[Buckets =           20, SubBuckets     =          256]
