       Value   Percentile   TotalCount 1/(1-Percentile)

        0.02     0.000000        16861         1.00
        0.34     0.050000      1446687         1.05
        0.56     0.100000      2833881         1.11
        0.66     0.150000      4781470         1.18
        0.67     0.200000      5700623         1.25
        0.69     0.250000      8328250         1.33
        0.69     0.300000     10135079         1.43
        0.69     0.350000     10135079         1.54
        0.70     0.400000     12411217         1.67
        0.71     0.450000     15198474         1.82
        0.71     0.500000     15198474         2.00
        0.71     0.525000     15198474         2.11
        0.72     0.550000     18575453         2.22
        0.72     0.575000     18575453         2.35
        0.72     0.600000     18575453         2.50
        0.72     0.625000     18575453         2.67
        0.72     0.650000     18575453         2.86
        0.73     0.675000     22068414         3.08
        0.73     0.700000     22068414         3.33
        0.73     0.725000     22068414         3.64
        0.73     0.750000     22068414         4.00
        0.73     0.762500     22068414         4.21
        0.73     0.775000     22068414         4.44
        0.73     0.787500     24581897         4.71
        0.73     0.800000     24581897         5.00
        0.73     0.812500     24581897         5.33
        0.73     0.825000     24581897         5.71
        0.73     0.837500     24581897         6.15
        0.73     0.850000     24581897         6.67
        0.73     0.862500     24581897         7.27
        0.74     0.875000     25834243         8.00
        0.74     0.881250     25834243         8.42
        0.74     0.887500     25834243         8.89
        0.74     0.893750     25834243         9.41
        0.74     0.900000     25834243        10.00
        0.74     0.906250     25834243        10.67
        0.74     0.912500     25834243        11.43
        0.75     0.918750     26362866        12.31
        0.75     0.925000     26362866        13.33
        0.75     0.931250     26362866        14.55
        0.76     0.937500     26591544        16.00
        0.76     0.940625     26591544        16.84
        0.77     0.943750     26713868        17.78
        0.77     0.946875     26713868        18.82
        0.78     0.950000     26794303        20.00
        0.79     0.953125     26906895        21.33
        0.81     0.956250     26983725        22.86
        0.83     0.959375     27087739        24.62
        0.85     0.962500     27165162        26.67
        0.87     0.965625     27238638        29.09
        0.91     0.968750     27325998        32.00
        0.93     0.970313     27367294        33.68
        0.94     0.971875     27409045        35.56
        0.97     0.973437     27465156        37.65
        0.98     0.975000     27497597        40.00
        1.02     0.976562     27541419        42.67
        1.15     0.978125     27585250        45.71
        1.28     0.979688     27628346        49.23
        1.33     0.981250     27678350        53.33
        1.35     0.982812     27722322        58.18
        1.38     0.984375     27776684        64.00
        1.38     0.985156     27798069        67.37
        1.39     0.985938     27821993        71.11
        1.40     0.986719     27848011        75.29
        1.41     0.987500     27876482        80.00
        1.41     0.988281     27876482        85.33
        1.42     0.989062     27907154        91.43
        1.42     0.989844     27940153        98.46
        1.42     0.990625     27940153       106.67
        1.43     0.991406     27976321       116.36
        1.44     0.992188     28015194       128.00
        1.44     0.992578     28015194       134.74
        1.44     0.992969     28015194       142.22
        1.44     0.993359     28015194       150.59
        1.45     0.993750     28054930       160.00
        1.45     0.994141     28054930       170.67
        1.45     0.994531     28054930       182.86
        1.46     0.994922     28092994       196.92
        1.46     0.995313     28092994       213.33
        1.46     0.995703     28092994       232.73
        1.46     0.996094     28092994       256.00
        1.46     0.996289     28125280       269.47
        1.46     0.996484     28125280       284.44
        1.46     0.996680     28125280       301.18
        1.46     0.996875     28125280       320.00
        1.46     0.997070     28125280       341.33
        1.46     0.997266     28125280       365.71
        1.47     0.997461     28149753       393.85
        1.47     0.997656     28149753       426.67
        1.47     0.997852     28149753       465.45
        1.47     0.998047     28149753       512.00
        1.47     0.998145     28149753       538.95
        1.48     0.998242     28166150       568.89
        1.48     0.998340     28166150       602.35
        1.48     0.998437     28166150       640.00
        1.48     0.998535     28166150       682.67
        1.48     0.998633     28166150       731.43
        1.48     0.998730     28166150       787.69
        1.49     0.998828     28176531       853.33
        1.49     0.998926     28176531       930.91
        1.49     0.999023     28176531      1024.00
        1.49     0.999072     28176531      1077.89
        1.49     0.999121     28176531      1137.78
        1.50     0.999170     28182765      1204.71
        1.50     0.999219     28182765      1280.00
        1.50     0.999268     28182765      1365.33
        1.50     0.999316     28182765      1462.86
        1.50     0.999365     28182765      1575.38
        1.50     0.999414     28186495      1706.67
        1.50     0.999463     28186495      1861.82
        1.51     0.999512     28188992      2048.00
        1.51     0.999536     28188992      2155.79
        1.51     0.999561     28188992      2275.56
        1.51     0.999585     28188992      2409.41
        1.52     0.999609     28190811      2560.00
        1.52     0.999634     28190811      2730.67
        1.53     0.999658     28192171      2925.71
        1.53     0.999683     28192171      3150.77
        1.53     0.999707     28193275      3413.33
        1.53     0.999731     28193275      3723.64
        1.54     0.999756     28194187      4096.00
        1.54     0.999768     28194187      4311.58
        1.55     0.999780     28194995      4551.11
        1.55     0.999792     28194995      4818.82
        1.56     0.999805     28195788      5120.00
        1.56     0.999817     28195788      5461.33
        1.57     0.999829     28196516      5851.43
        1.57     0.999841     28196516      6301.54
        1.57     0.999854     28197166      6826.67
        1.57     0.999866     28197166      7447.27
        1.58     0.999878     28197742      8192.00
        1.58     0.999884     28197742      8623.16
        1.58     0.999890     28197742      9102.22
        1.58     0.999896     28197742      9637.65
        1.59     0.999902     28198192     10240.00
        1.59     0.999908     28198192     10922.67
        1.60     0.999915     28198516     11702.86
        1.60     0.999921     28198516     12603.08
        1.61     0.999927     28198731     13653.33
        1.61     0.999933     28198868     14894.55
        1.62     0.999939     28198961     16384.00
        1.63     0.999942     28199040     17246.32
        1.65     0.999945     28199115     18204.44
        1.67     0.999948     28199215     19275.29
        1.70     0.999951     28199288     20480.00
        1.73     0.999954     28199367     21845.33
        1.78     0.999957     28199459     23405.71
        1.83     0.999960     28199541     25206.15
        1.90     0.999963     28199628     27306.67
        1.98     0.999966     28199719     29789.09
        2.05     0.999969     28199796     32768.00
        2.10     0.999971     28199849     34492.63
        2.13     0.999973     28199900     36408.89
        2.14     0.999974     28199931     38550.59
        2.17     0.999976     28199996     40960.00
        2.19     0.999977     28200027     43690.67
        2.22     0.999979     28200074     46811.43
        2.25     0.999980     28200100     50412.31
        2.35     0.999982     28200140     54613.33
        4.64     0.999983     28200251     59578.18
        4.64     0.999985     28200251     65536.00
        4.64     0.999986     28200251     68985.26
        4.70     0.999986     28200325     72817.78
        4.70     0.999987     28200325     77101.18
        4.70     0.999988     28200325     81920.00
        4.74     0.999989     28200339     87381.33
        4.77     0.999989     28200401     93622.86
        4.77     0.999990     28200401    100824.62
        4.77     0.999991     28200401    109226.67
        4.89     0.999992     28200435    119156.36
        4.96     0.999992     28200444    131072.00
        5.31     0.999993     28200536    137970.53
        5.31     0.999993     28200536    145635.56
        5.31     0.999994     28200536    154202.35
        5.31     0.999994     28200536    163840.00
        5.31     0.999994     28200536    174762.67
        5.31     0.999995     28200536    187245.71
        5.31     0.999995     28200536    201649.23
        5.31     0.999995     28200536    218453.33
        5.34     0.999996     28200546    238312.73
        5.47     0.999996     28200549    262144.00
        6.01     0.999996     28200554    275941.05
        6.75     0.999997     28200562    291271.11
        6.78     0.999997     28200623    308404.71
        6.78     0.999997     28200623    327680.00
        6.78     0.999997     28200623    349525.33
        6.78     0.999997     28200623    374491.43
        6.78     0.999998     28200623    403298.46
        6.78     0.999998     28200623    436906.67
        6.78     0.999998     28200623    476625.45
        6.78     0.999998     28200623    524288.00
        6.78     0.999998     28200623    551882.11
        6.78     0.999998     28200623    582542.22
        6.78     0.999998     28200623    616809.41
        6.78     0.999998     28200623    655360.00
        6.78     0.999999     28200623    699050.67
        6.78     0.999999     28200623    748982.86
        6.78     0.999999     28200623    806596.92
        6.82     0.999999     28200650    873813.33
        6.82     0.999999     28200650    953250.91
        6.82     0.999999     28200650   1048576.00
        6.82     0.999999     28200650   1103764.21
        6.82     0.999999     28200650   1165084.44
        6.82     0.999999     28200650   1233618.82
        6.82     0.999999     28200650   1310720.00
        6.82     0.999999     28200650   1398101.33
        6.82     0.999999     28200650   1497965.71
        6.82     0.999999     28200650   1613193.85
        6.82     0.999999     28200650   1747626.67
        6.82     0.999999     28200650   1906501.82
        6.82     1.000000     28200650   2097152.00
        6.82     1.000000     28200650   2207528.42
        6.82     1.000000     28200650   2330168.89
        6.82     1.000000     28200650   2467237.65
        6.82     1.000000     28200650   2621440.00
        6.82     1.000000     28200650   2796202.67
        6.82     1.000000     28200650   2995931.43
        6.82     1.000000     28200650   3226387.69
        6.82     1.000000     28200650   3495253.33
        6.82     1.000000     28200650   3813003.64
        6.82     1.000000     28200650   4194304.00
        6.82     1.000000     28200650   4415056.84
        6.82     1.000000     28200650   4660337.78
        7.49     1.000000     28200654   4934475.29
        7.49     1.000000     28200654   5242880.00
        7.49     1.000000     28200654   5592405.33
        7.49     1.000000     28200654   5991862.86
        7.49     1.000000     28200654   6452775.39
        7.49     1.000000     28200654   6990506.67
        7.49     1.000000     28200654   7626007.28
        7.49     1.000000     28200654   8388608.00
        7.49     1.000000     28200654   8830113.68
        7.49     1.000000     28200654   9320675.55
        7.49     1.000000     28200654   9868950.59
        7.49     1.000000     28200654  10485760.00
        7.49     1.000000     28200654  11184810.67
        7.49     1.000000     28200654  11983725.71
        7.49     1.000000     28200654  12905550.76
        7.49     1.000000     28200654  13981013.34
        7.52     1.000000     28200656  15252014.55
        7.52     1.000000     28200656          inf
#[Mean    =        0.687, StdDeviation   =        0.173]
#[Max     =        7.519, Total count    =     28200656]
#[Buckets =           20, SubBuckets     =          256]
