info
calls
2
histogram_usec
264
2
dbsize
calls
1
histogram_usec
2
1
setex
calls
14086218
histogram_usec
1
5310454
2
11655803
4
13926019
8
14068415
16
14081806
33
14085850
66
14086192
132
14086209
264
14086214
528
14086216
1056
14086217
2113
14086218
latency|latest
calls
2
histogram_usec
4
1
8
2
latency|histogram
calls
1
histogram_usec
132
1
get
calls
14086163
histogram_usec
1
9880424
2
13785435
4
14075983
8
14084628
16
14085785
33
14086143
66
14086159
132
14086160
528
14086161
1056
14086162
2113
14086163
ping
calls
1
histogram_usec
8
1
