       Value   Percentile   TotalCount 1/(1-Percentile)

        0.02     0.000000         1422         1.00
        0.44     0.050000       705780         1.05
        0.69     0.100000      1413588         1.11
        0.77     0.150000      2201625         1.18
        0.78     0.200000      2894339         1.25
        0.80     0.250000      3964882         1.33
        0.81     0.300000      4645595         1.43
        0.81     0.350000      5398484         1.54
        0.82     0.400000      6200529         1.67
        0.83     0.450000      7018616         1.82
        0.84     0.500000      7836648         2.00
        0.84     0.525000      7836648         2.11
        0.84     0.550000      7836648         2.22
        0.85     0.575000      8617251         2.35
        0.85     0.600000      8617251         2.50
        0.85     0.625000      9351926         2.67
        0.85     0.650000      9351926         2.86
        0.86     0.675000     10027673         3.08
        0.86     0.700000     10027673         3.33
        0.87     0.725000     10627499         3.64
        0.87     0.750000     10627499         4.00
        0.88     0.762500     11147367         4.21
        0.88     0.775000     11147367         4.44
        0.88     0.787500     11147367         4.71
        0.89     0.800000     11589307         5.00
        0.89     0.812500     11589307         5.33
        0.90     0.825000     11965163         5.71
        0.90     0.837500     11965163         6.15
        0.90     0.850000     12282106         6.67
        0.90     0.862500     12282106         7.27
        0.91     0.875000     12539470         8.00
        0.91     0.881250     12539470         8.42
        0.91     0.887500     12539470         8.89
        0.92     0.893750     12748421         9.41
        0.92     0.900000     12748421        10.00
        0.93     0.906250     12913421        10.67
        0.93     0.912500     12913421        11.43
        0.94     0.918750     13044943        12.31
        0.94     0.925000     13044943        13.33
        0.94     0.931250     13146487        14.55
        0.95     0.937500     13221353        16.00
        0.96     0.940625     13278252        16.84
        0.97     0.943750     13321559        17.78
        0.97     0.946875     13354656        18.82
        0.99     0.950000     13400954        20.00
        1.01     0.953125     13432131        21.33
        1.05     0.956250     13480867        22.86
        1.09     0.959375     13520656        24.62
        1.14     0.962500     13562945        26.67
        1.19     0.965625     13613345        29.09
        1.23     0.968750     13654277        32.00
        1.25     0.970313     13675083        33.68
        1.29     0.971875     13697734        35.56
        1.33     0.973437     13718319        37.65
        1.41     0.975000     13739303        40.00
        1.52     0.976562     13762010        42.67
        1.56     0.978125     13783077        45.71
        1.59     0.979688     13811695        49.23
        1.61     0.981250     13830281        53.33
        1.62     0.982812     13851430        58.18
        1.64     0.984375     13874640        64.00
        1.65     0.985156     13886765        67.37
        1.66     0.985938     13899151        71.11
        1.66     0.986719     13911561        75.29
        1.67     0.987500     13923710        80.00
        1.68     0.988281     13935611        85.33
        1.69     0.989062     13947133        91.43
        1.70     0.989844     13958362        98.46
        1.70     0.990625     13968760       106.67
        1.71     0.991406     13978541       116.36
        1.72     0.992188     13987767       128.00
        1.72     0.992578     13987767       134.74
        1.73     0.992969     13996261       142.22
        1.74     0.993359     14004212       150.59
        1.74     0.993750     14004212       160.00
        1.74     0.994141     14011577       170.67
        1.75     0.994531     14018518       182.86
        1.76     0.994922     14024804       196.92
        1.77     0.995313     14030548       213.33
        1.77     0.995703     14030548       232.73
        1.77     0.996094     14035868       256.00
        1.78     0.996289     14040849       269.47
        1.79     0.996484     14045278       284.44
        1.79     0.996680     14045278       301.18
        1.80     0.996875     14049125       320.00
        1.81     0.997070     14052407       341.33
        1.81     0.997266     14052407       365.71
        1.81     0.997461     14055335       393.85
        1.82     0.997656     14057892       426.67
        1.84     0.997852     14061968       465.45
        1.85     0.998047     14063497       512.00
        1.85     0.998145     14064758       538.95
        1.87     0.998242     14066594       568.89
        1.89     0.998340     14067769       602.35
        1.92     0.998437     14069047       640.00
        1.95     0.998535     14070367       682.67
        1.98     0.998633     14072158       731.43
        1.99     0.998730     14073840       787.69
        2.00     0.998828     14074821       853.33
        2.01     0.998926     14075970       930.91
        2.02     0.999023     14078098      1024.00
        2.02     0.999072     14078098      1077.89
        2.03     0.999121     14079150      1137.78
        2.04     0.999170     14080367      1204.71
        2.04     0.999219     14080367      1280.00
        2.05     0.999268     14081331      1365.33
        2.05     0.999316     14081331      1462.86
        2.06     0.999365     14083010      1575.38
        2.06     0.999414     14083010      1706.67
        2.08     0.999463     14084625      1861.82
        2.08     0.999512     14084625      2048.00
        2.08     0.999536     14084625      2155.79
        2.10     0.999561     14085888      2275.56
        2.10     0.999585     14085888      2409.41
        2.10     0.999609     14085888      2560.00
        2.10     0.999634     14085888      2730.67
        2.11     0.999658     14086939      2925.71
        2.11     0.999683     14086939      3150.77
        2.11     0.999707     14086939      3413.33
        2.13     0.999731     14087513      3723.64
        2.13     0.999756     14087513      4096.00
        2.14     0.999768     14087772      4311.58
        2.16     0.999780     14088074      4551.11
        2.16     0.999792     14088074      4818.82
        2.17     0.999805     14088184      5120.00
        2.22     0.999817     14088334      5461.33
        2.27     0.999829     14088496      5851.43
        2.35     0.999841     14088694      6301.54
        2.40     0.999854     14088866      6826.67
        2.43     0.999866     14088998      7447.27
        2.50     0.999878     14089167      8192.00
        2.56     0.999884     14089266      8623.16
        2.62     0.999890     14089337      9102.22
        2.69     0.999896     14089428      9637.65
        2.78     0.999902     14089542     10240.00
        2.81     0.999908     14089624     10922.67
        2.83     0.999915     14089688     11702.86
        2.86     0.999921     14089821     12603.08
        2.88     0.999927     14089910     13653.33
        2.90     0.999933     14090001     14894.55
        2.91     0.999939     14090084     16384.00
        2.91     0.999942     14090084     17246.32
        2.93     0.999945     14090153     18204.44
        2.94     0.999948     14090219     19275.29
        2.94     0.999951     14090219     20480.00
        2.96     0.999954     14090264     21845.33
        2.98     0.999957     14090297     23405.71
        2.99     0.999960     14090360     25206.15
        3.01     0.999963     14090397     27306.67
        3.02     0.999966     14090432     29789.09
        3.06     0.999969     14090456     32768.00
        3.09     0.999971     14090488     34492.63
        3.10     0.999973     14090518     36408.89
        3.12     0.999974     14090521     38550.59
        3.25     0.999976     14090546     40960.00
        3.26     0.999977     14090577     43690.67
        3.28     0.999979     14090609     46811.43
        3.28     0.999980     14090609     50412.31
        3.85     0.999982     14090638     54613.33
        3.87     0.999983     14090652     59578.18
        3.98     0.999985     14090670     65536.00
        4.16     0.999986     14090681     68985.26
        4.70     0.999986     14090701     72817.78
        4.74     0.999987     14090721     77101.18
        4.74     0.999988     14090721     81920.00
        4.77     0.999989     14090728     87381.33
        4.86     0.999989     14090756     93622.86
        4.86     0.999990     14090756    100824.62
        4.86     0.999991     14090756    109226.67
        4.89     0.999992     14090780    119156.36
        4.89     0.999992     14090780    131072.00
        5.70     0.999993     14090784    137970.53
       14.78     0.999993     14090801    145635.56
       14.78     0.999994     14090801    154202.35
       14.78     0.999994     14090801    163840.00
       14.85     0.999994     14090823    174762.67
       14.85     0.999995     14090823    187245.71
       14.85     0.999995     14090823    201649.23
       14.85     0.999995     14090823    218453.33
       14.91     0.999996     14090830    238312.73
       46.08     0.999996     14090867    262144.00
       46.08     0.999996     14090867    275941.05
       46.08     0.999997     14090867    291271.11
       46.08     0.999997     14090867    308404.71
       46.08     0.999997     14090867    327680.00
       46.08     0.999997     14090867    349525.33
       46.08     0.999997     14090867    374491.43
       46.08     0.999998     14090867    403298.46
       46.08     0.999998     14090867    436906.67
       46.08     0.999998     14090867    476625.45
       46.08     0.999998     14090867    524288.00
       46.08     0.999998     14090867    551882.11
       46.08     0.999998     14090867    582542.22
       46.08     0.999998     14090867    616809.41
       46.08     0.999998     14090867    655360.00
       46.08     0.999999     14090867    699050.67
       46.08     0.999999     14090867    748982.86
       46.34     0.999999     14090882    806596.92
       46.34     0.999999     14090882    873813.33
       46.34     0.999999     14090882    953250.91
       46.34     0.999999     14090882   1048576.00
       46.34     0.999999     14090882   1103764.21
       46.34     0.999999     14090882   1165084.44
       46.34     0.999999     14090882   1233618.82
       46.34     0.999999     14090882   1310720.00
       46.34     0.999999     14090882   1398101.33
       46.34     0.999999     14090882   1497965.71
       46.34     0.999999     14090882   1613193.85
       46.34     0.999999     14090882   1747626.67
       46.34     0.999999     14090882   1906501.82
       46.34     1.000000     14090882   2097152.00
       46.34     1.000000     14090882   2207528.42
       46.34     1.000000     14090882   2330168.89
       46.34     1.000000     14090882   2467237.65
       46.34     1.000000     14090882   2621440.00
       46.34     1.000000     14090882   2796202.67
       46.34     1.000000     14090882   2995931.43
       46.34     1.000000     14090882   3226387.69
       46.34     1.000000     14090882   3495253.33
       46.34     1.000000     14090882   3813003.64
       46.34     1.000000     14090882   4194304.00
       46.34     1.000000     14090882   4415056.84
       46.34     1.000000     14090882   4660337.78
       47.36     1.000000     14090883   4934475.29
       47.36     1.000000     14090883   5242880.00
       47.36     1.000000     14090883   5592405.33
       47.36     1.000000     14090883   5991862.86
       47.36     1.000000     14090883   6452775.39
       47.36     1.000000     14090883   6990506.67
       60.93     1.000000     14090885   7626007.28
       60.93     1.000000     14090885          inf
#[Mean    =        0.824, StdDeviation   =        0.234]
#[Max     =       60.927, Total count    =     14090885]
#[Buckets =           20, SubBuckets     =          256]
