       Value   Percentile   TotalCount 1/(1-Percentile)

        0.20     0.000000            1         1.00
        0.69     0.050000       136960         1.05
        0.70     0.100000       372912         1.11
        0.70     0.150000       372912         1.18
        0.71     0.200000       723622         1.25
        0.71     0.250000       723622         1.33
        0.71     0.300000       723622         1.43
        0.72     0.350000      1095636         1.54
        0.72     0.400000      1095636         1.67
        0.72     0.450000      1095636         1.82
        0.73     0.500000      1467590         2.00
        0.73     0.525000      1467590         2.11
        0.73     0.550000      1467590         2.22
        0.73     0.575000      1467590         2.35
        0.73     0.600000      1467590         2.50
        0.73     0.625000      1467590         2.67
        0.73     0.650000      1467590         2.86
        0.73     0.675000      1787671         3.08
        0.73     0.700000      1787671         3.33
        0.73     0.725000      1787671         3.64
        0.73     0.750000      1787671         4.00
        0.73     0.762500      1787671         4.21
        0.73     0.775000      1787671         4.44
        0.73     0.787500      1787671         4.71
        0.73     0.800000      1787671         5.00
        0.74     0.812500      2003190         5.33
        0.74     0.825000      2003190         5.71
        0.74     0.837500      2003190         6.15
        0.74     0.850000      2003190         6.67
        0.74     0.862500      2003190         7.27
        0.74     0.875000      2003190         8.00
        0.74     0.881250      2003190         8.42
        0.74     0.887500      2003190         8.89
        0.74     0.893750      2003190         9.41
        0.74     0.900000      2003190        10.00
        0.75     0.906250      2092114        10.67
        0.75     0.912500      2092114        11.43
        0.75     0.918750      2092114        12.31
        0.75     0.925000      2092114        13.33
        0.75     0.931250      2092114        14.55
        0.75     0.937500      2092114        16.00
        0.75     0.940625      2092114        16.84
        0.76     0.943750      2120831        17.78
        0.76     0.946875      2120831        18.82
        0.76     0.950000      2120831        20.00
        0.76     0.953125      2120831        21.33
        0.77     0.956250      2132494        22.86
        0.77     0.959375      2132494        24.62
        0.78     0.962500      2139340        26.67
        0.79     0.965625      2146591        29.09
        0.82     0.968750      2153381        32.00
        0.83     0.970313      2155874        33.68
        0.84     0.971875      2158672        35.56
        0.85     0.973437      2163851        37.65
        0.86     0.975000      2165633        40.00
        0.97     0.976562      2169080        42.67
        1.38     0.978125      2173047        45.71
        1.40     0.979688      2178055        49.23
        1.41     0.981250      2181204        53.33
        1.42     0.982812      2185080        58.18
        1.42     0.984375      2189229        64.00
        1.42     0.985156      2189229        67.37
        1.43     0.985938      2193316        71.11
        1.43     0.986719      2193316        75.29
        1.44     0.987500      2197493        80.00
        1.44     0.988281      2197493        85.33
        1.44     0.989062      2197493        91.43
        1.45     0.989844      2201617        98.46
        1.45     0.990625      2201617       106.67
        1.46     0.991406      2205577       116.36
        1.46     0.992188      2205577       128.00
        1.46     0.992578      2205577       134.74
        1.46     0.992969      2205577       142.22
        1.46     0.993359      2209303       150.59
        1.46     0.993750      2209303       160.00
        1.46     0.994141      2209303       170.67
        1.46     0.994531      2209303       182.86
        1.47     0.994922      2212778       196.92
        1.47     0.995313      2212778       213.33
        1.47     0.995703      2212778       232.73
        1.47     0.996094      2212778       256.00
        1.48     0.996289      2215518       269.47
        1.48     0.996484      2215518       284.44
        1.48     0.996680      2215518       301.18
        1.48     0.996875      2215518       320.00
        1.48     0.997070      2215518       341.33
        1.48     0.997266      2215518       365.71
        1.48     0.997461      2215518       393.85
        1.49     0.997656      2217564       426.67
        1.49     0.997852      2217564       465.45
        1.49     0.998047      2217564       512.00
        1.49     0.998145      2217564       538.95
        1.49     0.998242      2217564       568.89
        1.49     0.998340      2217564       602.35
        1.50     0.998437      2218856       640.00
        1.50     0.998535      2218856       682.67
        1.50     0.998633      2218856       731.43
        1.50     0.998730      2218856       787.69
        1.50     0.998828      2218856       853.33
        1.50     0.998926      2218856       930.91
        1.50     0.999023      2219528      1024.00
        1.50     0.999072      2219528      1077.89
        1.50     0.999121      2219528      1137.78
        1.50     0.999170      2219528      1204.71
        1.50     0.999219      2219528      1280.00
        1.50     0.999268      2219528      1365.33
        1.51     0.999316      2219848      1462.86
        1.51     0.999365      2219848      1575.38
        1.51     0.999414      2219848      1706.67
        1.52     0.999463      2220022      1861.82
        1.52     0.999512      2220022      2048.00
        1.53     0.999536      2220167      2155.79
        1.53     0.999561      2220167      2275.56
        1.53     0.999585      2220302      2409.41
        1.53     0.999609      2220302      2560.00
        1.53     0.999634      2220302      2730.67
        1.54     0.999658      2220421      2925.71
        1.54     0.999683      2220421      3150.77
        1.55     0.999707      2220508      3413.33
        1.56     0.999731      2220606      3723.64
        1.56     0.999756      2220606      4096.00
        1.56     0.999768      2220606      4311.58
        1.57     0.999780      2220678      4551.11
        1.57     0.999792      2220678      4818.82
        1.57     0.999805      2220678      5120.00
        1.57     0.999817      2220765      5461.33
        1.57     0.999829      2220765      5851.43
        1.57     0.999841      2220765      6301.54
        1.58     0.999854      2220819      6826.67
        1.58     0.999866      2220819      7447.27
        1.59     0.999878      2220880      8192.00
        1.59     0.999884      2220880      8623.16
        1.59     0.999890      2220880      9102.22
        1.59     0.999896      2220880      9637.65
        1.60     0.999902      2220926     10240.00
        1.60     0.999908      2220926     10922.67
        1.60     0.999915      2220926     11702.86
        1.61     0.999921      2220961     12603.08
        1.61     0.999927      2220961     13653.33
        1.61     0.999933      2220961     14894.55
        1.61     0.999939      2220984     16384.00
        1.61     0.999942      2220984     17246.32
        1.61     0.999945      2220984     18204.44
        1.62     0.999948      2221007     19275.29
        1.62     0.999951      2221007     20480.00
        1.62     0.999954      2221007     21845.33
        1.63     0.999957      2221020     23405.71
        1.63     0.999960      2221020     25206.15
        1.65     0.999963      2221028     27306.67
        1.66     0.999966      2221032     29789.09
        1.67     0.999969      2221039     32768.00
        1.68     0.999971      2221042     34492.63
        1.70     0.999973      2221047     36408.89
        1.74     0.999974      2221049     38550.59
        1.77     0.999976      2221052     40960.00
        1.81     0.999977      2221058     43690.67
        1.82     0.999979      2221060     46811.43
        1.83     0.999980      2221062     50412.31
        1.90     0.999982      2221066     54613.33
        1.98     0.999983      2221069     59578.18
        2.04     0.999985      2221074     65536.00
        2.04     0.999986      2221074     68985.26
        2.06     0.999986      2221080     72817.78
        2.06     0.999987      2221080     77101.18
        2.06     0.999988      2221080     81920.00
        2.08     0.999989      2221082     87381.33
        2.10     0.999989      2221083     93622.86
        2.11     0.999990      2221086    100824.62
        2.11     0.999991      2221086    109226.67
        2.13     0.999992      2221088    119156.36
        2.14     0.999992      2221090    131072.00
        2.14     0.999993      2221090    137970.53
        2.16     0.999993      2221092    145635.56
        2.16     0.999994      2221092    154202.35
        2.17     0.999994      2221094    163840.00
        2.17     0.999994      2221094    174762.67
        2.19     0.999995      2221095    187245.71
        2.19     0.999995      2221095    201649.23
        2.21     0.999995      2221096    218453.33
        2.22     0.999996      2221099    238312.73
        2.22     0.999996      2221099    262144.00
        2.22     0.999996      2221099    275941.05
        2.22     0.999997      2221099    291271.11
        2.22     0.999997      2221099    308404.71
        2.24     0.999997      2221100    327680.00
        2.24     0.999997      2221100    349525.33
        2.30     0.999997      2221101    374491.43
        2.30     0.999998      2221101    403298.46
        2.30     0.999998      2221101    436906.67
        2.37     0.999998      2221102    476625.45
        2.37     0.999998      2221102    524288.00
        2.37     0.999998      2221102    551882.11
        2.42     0.999998      2221103    582542.22
        2.42     0.999998      2221103    616809.41
        2.42     0.999998      2221103    655360.00
        2.42     0.999999      2221103    699050.67
        2.54     0.999999      2221104    748982.86
        2.54     0.999999      2221104    806596.92
        2.54     0.999999      2221104    873813.33
        2.54     0.999999      2221104    953250.91
        2.54     0.999999      2221104   1048576.00
        2.54     0.999999      2221104   1103764.21
        2.73     0.999999      2221105   1165084.44
        2.73     0.999999      2221105   1233618.82
        2.73     0.999999      2221105   1310720.00
        2.73     0.999999      2221105   1398101.33
        2.73     0.999999      2221105   1497965.71
        2.73     0.999999      2221105   1613193.85
        2.73     0.999999      2221105   1747626.67
        2.73     0.999999      2221105   1906501.82
        2.73     1.000000      2221105   2097152.00
        2.73     1.000000      2221105   2207528.42
        2.78     1.000000      2221106   2330168.89
        2.78     1.000000      2221106          inf
#[Mean    =        0.737, StdDeviation   =        0.109]
#[Max     =        2.783, Total count    =      2221106]
#[Buckets =           20, SubBuckets     =          256]
