       Value   Percentile   TotalCount 1/(1-Percentile)

        0.02     0.000000        13192         1.00
        0.34     0.050000      1302471         1.05
        0.57     0.100000      2579744         1.11
        0.66     0.150000      3940525         1.18
        0.68     0.200000      5660319         1.25
        0.69     0.250000      6988434         1.33
        0.69     0.300000      8648487         1.43
        0.70     0.350000     10634315         1.54
        0.70     0.400000     10634315         1.67
        0.71     0.450000     12960960         1.82
        0.71     0.500000     12960960         2.00
        0.72     0.525000     15722030         2.11
        0.72     0.550000     15722030         2.22
        0.72     0.575000     15722030         2.35
        0.72     0.600000     15722030         2.50
        0.73     0.625000     18827296         2.67
        0.73     0.650000     18827296         2.86
        0.73     0.675000     18827296         3.08
        0.73     0.700000     18827296         3.33
        0.73     0.725000     18827296         3.64
        0.73     0.750000     21512660         4.00
        0.73     0.762500     21512660         4.21
        0.73     0.775000     21512660         4.44
        0.73     0.787500     21512660         4.71
        0.73     0.800000     21512660         5.00
        0.73     0.812500     21512660         5.33
        0.73     0.825000     21512660         5.71
        0.73     0.837500     21512660         6.15
        0.74     0.850000     23095781         6.67
        0.74     0.862500     23095781         7.27
        0.74     0.875000     23095781         8.00
        0.74     0.881250     23095781         8.42
        0.74     0.887500     23095781         8.89
        0.74     0.893750     23095781         9.41
        0.74     0.900000     23095781        10.00
        0.75     0.906250     23810297        10.67
        0.75     0.912500     23810297        11.43
        0.75     0.918750     23810297        12.31
        0.75     0.925000     23810297        13.33
        0.76     0.931250     24104035        14.55
        0.76     0.937500     24104035        16.00
        0.77     0.940625     24243847        16.84
        0.77     0.943750     24243847        17.78
        0.78     0.946875     24324608        18.82
        0.78     0.950000     24384424        20.00
        0.80     0.953125     24474313        21.33
        0.81     0.956250     24541586        22.86
        0.83     0.959375     24606031        24.62
        0.85     0.962500     24677250        26.67
        0.88     0.965625     24769695        29.09
        0.92     0.968750     24847160        32.00
        0.94     0.970313     24883859        33.68
        0.95     0.971875     24920879        35.56
        0.97     0.973437     24970889        37.65
        0.99     0.975000     24997818        40.00
        1.04     0.976562     25038058        42.67
        1.18     0.978125     25078438        45.71
        1.30     0.979688     25121628        49.23
        1.34     0.981250     25167921        53.33
        1.36     0.982812     25197093        58.18
        1.38     0.984375     25253051        64.00
        1.39     0.985156     25274813        67.37
        1.40     0.985938     25297876        71.11
        1.40     0.986719     25297876        75.29
        1.41     0.987500     25322565        80.00
        1.42     0.988281     25348486        85.33
        1.42     0.989062     25376042        91.43
        1.43     0.989844     25405489        98.46
        1.43     0.990625     25405489       106.67
        1.44     0.991406     25437235       116.36
        1.45     0.992188     25470991       128.00
        1.45     0.992578     25470991       134.74
        1.45     0.992969     25470991       142.22
        1.45     0.993359     25470991       150.59
        1.46     0.993750     25505755       160.00
        1.46     0.994141     25505755       170.67
        1.46     0.994531     25505755       182.86
        1.46     0.994922     25538446       196.92
        1.46     0.995313     25538446       213.33
        1.46     0.995703     25538446       232.73
        1.46     0.996094     25538446       256.00
        1.47     0.996289     25566801       269.47
        1.47     0.996484     25566801       284.44
        1.47     0.996680     25566801       301.18
        1.47     0.996875     25566801       320.00
        1.47     0.997070     25566801       341.33
        1.48     0.997266     25588860       365.71
        1.48     0.997461     25588860       393.85
        1.48     0.997656     25588860       426.67
        1.48     0.997852     25588860       465.45
        1.48     0.998047     25588860       512.00
        1.49     0.998145     25604341       538.95
        1.49     0.998242     25604341       568.89
        1.49     0.998340     25604341       602.35
        1.49     0.998437     25604341       640.00
        1.49     0.998535     25604341       682.67
        1.49     0.998633     25604341       731.43
        1.50     0.998730     25614519       787.69
        1.50     0.998828     25614519       853.33
        1.50     0.998926     25614519       930.91
        1.50     0.999023     25614519      1024.00
        1.50     0.999072     25614519      1077.89
        1.50     0.999121     25620741      1137.78
        1.50     0.999170     25620741      1204.71
        1.50     0.999219     25620741      1280.00
        1.50     0.999268     25620741      1365.33
        1.50     0.999316     25620741      1462.86
        1.51     0.999365     25624616      1575.38
        1.51     0.999414     25624616      1706.67
        1.51     0.999463     25624616      1861.82
        1.52     0.999512     25627092      2048.00
        1.52     0.999536     25627092      2155.79
        1.52     0.999561     25627092      2275.56
        1.52     0.999585     25627092      2409.41
        1.53     0.999609     25628816      2560.00
        1.53     0.999634     25628816      2730.67
        1.53     0.999658     25630175      2925.71
        1.53     0.999683     25630175      3150.77
        1.53     0.999707     25630175      3413.33
        1.54     0.999731     25631288      3723.64
        1.55     0.999756     25632155      4096.00
        1.55     0.999768     25632155      4311.58
        1.55     0.999780     25632155      4551.11
        1.56     0.999792     25632929      4818.82
        1.56     0.999805     25632929      5120.00
        1.57     0.999817     25633635      5461.33
        1.57     0.999829     25633635      5851.43
        1.57     0.999841     25633635      6301.54
        1.57     0.999854     25634249      6826.67
        1.57     0.999866     25634249      7447.27
        1.58     0.999878     25634795      8192.00
        1.58     0.999884     25634795      8623.16
        1.59     0.999890     25635342      9102.22
        1.59     0.999896     25635342      9637.65
        1.59     0.999902     25635342     10240.00
        1.59     0.999908     25635342     10922.67
        1.60     0.999915     25635768     11702.86
        1.60     0.999921     25635768     12603.08
        1.61     0.999927     25636073     13653.33
        1.61     0.999933     25636073     14894.55
        1.61     0.999939     25636263     16384.00
        1.61     0.999942     25636263     17246.32
        1.61     0.999945     25636263     18204.44
        1.62     0.999948     25636381     19275.29
        1.63     0.999951     25636474     20480.00
        1.64     0.999954     25636531     21845.33
        1.65     0.999957     25636583     23405.71
        1.66     0.999960     25636661     25206.15
        1.68     0.999963     25636727     27306.67
        1.71     0.999966     25636826     29789.09
        1.74     0.999969     25636900     32768.00
        1.76     0.999971     25636931     34492.63
        1.78     0.999973     25636966     36408.89
        1.81     0.999974     25637013     38550.59
        1.82     0.999976     25637041     40960.00
        1.85     0.999977     25637090     43690.67
        1.90     0.999979     25637128     46811.43
        1.93     0.999980     25637168     50412.31
        1.96     0.999982     25637204     54613.33
        1.99     0.999983     25637242     59578.18
        2.02     0.999985     25637279     65536.00
        2.05     0.999986     25637304     68985.26
        2.06     0.999986     25637331     72817.78
        2.08     0.999987     25637348     77101.18
        2.10     0.999988     25637369     81920.00
        2.11     0.999989     25637391     87381.33
        2.13     0.999989     25637411     93622.86
        2.13     0.999990     25637411    100824.62
        2.14     0.999991     25637436    109226.67
        2.16     0.999992     25637462    119156.36
        2.17     0.999992     25637485    131072.00
        2.17     0.999993     25637485    137970.53
        2.19     0.999993     25637519    145635.56
        2.19     0.999994     25637519    154202.35
        2.19     0.999994     25637519    163840.00
        2.19     0.999994     25637519    174762.67
        2.21     0.999995     25637543    187245.71
        2.21     0.999995     25637543    201649.23
        2.22     0.999995     25637556    218453.33
        2.24     0.999996     25637569    238312.73
        2.24     0.999996     25637569    262144.00
        2.25     0.999996     25637579    275941.05
        2.25     0.999997     25637579    291271.11
        2.27     0.999997     25637591    308404.71
        2.27     0.999997     25637591    327680.00
        2.29     0.999997     25637603    349525.33
        2.29     0.999997     25637603    374491.43
        2.29     0.999998     25637603    403298.46
        2.30     0.999998     25637612    436906.67
        2.30     0.999998     25637612    476625.45
        2.32     0.999998     25637618    524288.00
        2.33     0.999998     25637623    551882.11
        2.33     0.999998     25637623    582542.22
        2.35     0.999998     25637624    616809.41
        2.37     0.999998     25637626    655360.00
        2.38     0.999999     25637629    699050.67
        2.42     0.999999     25637632    748982.86
        2.45     0.999999     25637635    806596.92
        2.46     0.999999     25637637    873813.33
        2.48     0.999999     25637639    953250.91
        2.54     0.999999     25637642   1048576.00
        2.54     0.999999     25637642   1103764.21
        2.56     0.999999     25637643   1165084.44
        2.58     0.999999     25637645   1233618.82
        2.61     0.999999     25637646   1310720.00
        2.62     0.999999     25637647   1398101.33
        2.65     0.999999     25637648   1497965.71
        2.67     0.999999     25637650   1613193.85
        2.70     0.999999     25637651   1747626.67
        2.72     0.999999     25637652   1906501.82
        2.75     1.000000     25637653   2097152.00
        2.78     1.000000     25637654   2207528.42
        2.78     1.000000     25637654   2330168.89
        2.80     1.000000     25637655   2467237.65
        2.83     1.000000     25637656   2621440.00
        2.83     1.000000     25637656   2796202.67
        2.86     1.000000     25637657   2995931.43
        2.88     1.000000     25637658   3226387.69
        2.88     1.000000     25637658   3495253.33
        2.91     1.000000     25637659   3813003.64
        2.91     1.000000     25637659   4194304.00
        2.94     1.000000     25637660   4415056.84
        2.94     1.000000     25637660   4660337.78
        2.94     1.000000     25637660   4934475.29
        2.96     1.000000     25637661   5242880.00
        2.96     1.000000     25637661   5592405.33
        2.96     1.000000     25637661   5991862.86
        2.99     1.000000     25637662   6452775.39
        2.99     1.000000     25637662   6990506.67
        2.99     1.000000     25637662   7626007.28
        2.99     1.000000     25637662   8388608.00
        3.09     1.000000     25637663   8830113.68
        3.09     1.000000     25637663   9320675.55
        3.09     1.000000     25637663   9868950.59
        3.09     1.000000     25637663  10485760.00
        3.09     1.000000     25637663  11184810.67
        3.09     1.000000     25637663  11983725.71
        3.10     1.000000     25637664  12905550.76
        3.10     1.000000     25637664  13981013.34
        3.10     1.000000     25637664  15252014.55
        3.10     1.000000     25637664  16777216.00
        3.10     1.000000     25637664  17660227.38
        3.10     1.000000     25637664  18641351.10
        3.10     1.000000     25637664  19737901.19
        3.10     1.000000     25637664  20971519.98
        3.10     1.000000     25637664  22369621.33
        3.10     1.000000     25637664  23967451.45
        3.34     1.000000     25637665  25811101.52
        3.34     1.000000     25637665          inf
#[Mean    =        0.691, StdDeviation   =        0.172]
#[Max     =        3.343, Total count    =     25637665]
#[Buckets =           20, SubBuckets     =          256]
