       Value   Percentile   TotalCount 1/(1-Percentile)

        0.02     0.000000         7436         1.00
        0.44     0.050000       709322         1.05
        0.69     0.100000      1432639         1.11
        0.77     0.150000      2235172         1.18
        0.78     0.200000      2951690         1.25
        0.80     0.250000      4061300         1.33
        0.81     0.300000      4755628         1.43
        0.81     0.350000      5525394         1.54
        0.82     0.400000      6341270         1.67
        0.82     0.450000      6341270         1.82
        0.83     0.500000      7180005         2.00
        0.84     0.525000      8012986         2.11
        0.84     0.550000      8012986         2.22
        0.85     0.575000      8807264         2.35
        0.85     0.600000      8807264         2.50
        0.85     0.625000      8807264         2.67
        0.85     0.650000      9535598         2.86
        0.85     0.675000      9535598         3.08
        0.86     0.700000     10193765         3.33
        0.87     0.725000     10776325         3.64
        0.87     0.750000     10776325         4.00
        0.87     0.762500     10776325         4.21
        0.88     0.775000     11284099         4.44
        0.88     0.787500     11284099         4.71
        0.88     0.800000     11284099         5.00
        0.89     0.812500     11716381         5.33
        0.89     0.825000     11716381         5.71
        0.90     0.837500     12085629         6.15
        0.90     0.850000     12085629         6.67
        0.90     0.862500     12393139         7.27
        0.90     0.875000     12393139         8.00
        0.91     0.881250     12647046         8.42
        0.91     0.887500     12647046         8.89
        0.91     0.893750     12647046         9.41
        0.92     0.900000     12853949        10.00
        0.92     0.906250     12853949        10.67
        0.93     0.912500     13013299        11.43
        0.93     0.918750     13013299        12.31
        0.94     0.925000     13137420        13.33
        0.94     0.931250     13137420        14.55
        0.94     0.937500     13231302        16.00
        0.95     0.940625     13301836        16.84
        0.95     0.943750     13301836        17.78
        0.96     0.946875     13356916        18.82
        0.97     0.950000     13398027        20.00
        0.98     0.953125     13451413        21.33
        1.00     0.956250     13483983        22.86
        1.03     0.959375     13525813        24.62
        1.08     0.962500     13563924        26.67
        1.14     0.965625     13606757        29.09
        1.19     0.968750     13657884        32.00
        1.22     0.970313     13679224        33.68
        1.24     0.971875     13697970        35.56
        1.27     0.973437     13718436        37.65
        1.32     0.975000     13740033        40.00
        1.42     0.976562     13761036        42.67
        1.53     0.978125     13782977        45.71
        1.57     0.979688     13805821        49.23
        1.59     0.981250     13827231        53.33
        1.61     0.982812     13854681        58.18
        1.63     0.984375     13876010        64.00
        1.64     0.985156     13887205        67.37
        1.65     0.985938     13898798        71.11
        1.66     0.986719     13910822        75.29
        1.66     0.987500     13922713        80.00
        1.67     0.988281     13934315        85.33
        1.68     0.989062     13945583        91.43
        1.69     0.989844     13956259        98.46
        1.70     0.990625     13966534       106.67
        1.70     0.991406     13976244       116.36
        1.71     0.992188     13985213       128.00
        1.72     0.992578     13993800       134.74
        1.72     0.992969     13993800       142.22
        1.73     0.993359     14001713       150.59
        1.74     0.993750     14009195       160.00
        1.74     0.994141     14009195       170.67
        1.74     0.994531     14015934       182.86
        1.75     0.994922     14022318       196.92
        1.76     0.995313     14028216       213.33
        1.77     0.995703     14033645       232.73
        1.77     0.996094     14038529       256.00
        1.78     0.996289     14042998       269.47
        1.78     0.996484     14042998       284.44
        1.79     0.996680     14046994       301.18
        1.79     0.996875     14046994       320.00
        1.80     0.997070     14050523       341.33
        1.81     0.997266     14053687       365.71
        1.81     0.997461     14056549       393.85
        1.82     0.997656     14059017       426.67
        1.83     0.997852     14061147       465.45
        1.85     0.998047     14064466       512.00
        1.85     0.998145     14065678       538.95
        1.86     0.998242     14066692       568.89
        1.88     0.998340     14068108       602.35
        1.90     0.998437     14069297       640.00
        1.94     0.998535     14070683       682.67
        1.95     0.998633     14071842       731.43
        1.97     0.998730     14073330       787.69
        1.98     0.998828     14075084       853.33
        1.99     0.998926     14076117       930.91
        2.01     0.999023     14078502      1024.00
        2.01     0.999072     14078502      1077.89
        2.02     0.999121     14080019      1137.78
        2.02     0.999170     14080019      1204.71
        2.02     0.999219     14080019      1280.00
        2.02     0.999268     14081458      1365.33
        2.02     0.999316     14081458      1462.86
        2.03     0.999365     14082677      1575.38
        2.04     0.999414     14083522      1706.67
        2.04     0.999463     14083522      1861.82
        2.05     0.999512     14084461      2048.00
        2.06     0.999536     14085877      2155.79
        2.06     0.999561     14085877      2275.56
        2.06     0.999585     14085877      2409.41
        2.06     0.999609     14085877      2560.00
        2.06     0.999634     14085877      2730.67
        2.08     0.999658     14086893      2925.71
        2.08     0.999683     14086893      3150.77
        2.08     0.999707     14086893      3413.33
        2.10     0.999731     14087824      3723.64
        2.10     0.999756     14087824      4096.00
        2.10     0.999768     14087824      4311.58
        2.11     0.999780     14088425      4551.11
        2.11     0.999792     14088425      4818.82
        2.11     0.999805     14088425      5120.00
        2.13     0.999817     14088594      5461.33
        2.14     0.999829     14088718      5851.43
        2.16     0.999841     14088835      6301.54
        2.21     0.999854     14088985      6826.67
        2.29     0.999866     14089136      7447.27
        2.35     0.999878     14089304      8192.00
        2.38     0.999884     14089419      8623.16
        2.42     0.999890     14089527      9102.22
        2.43     0.999896     14089578      9637.65
        2.46     0.999902     14089671     10240.00
        2.50     0.999908     14089745     10922.67
        2.56     0.999915     14089845     11702.86
        2.62     0.999921     14089902     12603.08
        2.72     0.999927     14089995     13653.33
        2.77     0.999933     14090077     14894.55
        2.81     0.999939     14090218     16384.00
        2.81     0.999942     14090218     17246.32
        2.83     0.999945     14090285     18204.44
        2.85     0.999948     14090365     19275.29
        2.85     0.999951     14090365     20480.00
        2.86     0.999954     14090462     21845.33
        2.86     0.999957     14090462     23405.71
        2.86     0.999960     14090462     25206.15
        2.88     0.999963     14090539     27306.67
        2.90     0.999966     14090596     29789.09
        2.90     0.999969     14090596     32768.00
        2.91     0.999971     14090662     34492.63
        2.91     0.999973     14090662     36408.89
        2.91     0.999974     14090662     38550.59
        2.93     0.999976     14090729     40960.00
        2.93     0.999977     14090729     43690.67
        2.93     0.999979     14090729     46811.43
        2.94     0.999980     14090789     50412.31
        2.94     0.999982     14090789     54613.33
        2.94     0.999983     14090789     59578.18
        2.96     0.999985     14090824     65536.00
        2.96     0.999986     14090824     68985.26
        2.98     0.999986     14090854     72817.78
        2.98     0.999987     14090854     77101.18
        2.98     0.999988     14090854     81920.00
        2.99     0.999989     14090866     87381.33
        3.01     0.999989     14090876     93622.86
        3.02     0.999990     14090884    100824.62
        3.04     0.999991     14090894    109226.67
        3.07     0.999992     14090901    119156.36
        3.33     0.999992     14090911    131072.00
        3.52     0.999993     14090916    137970.53
       18.18     0.999993     14090966    145635.56
       18.18     0.999994     14090966    154202.35
       18.18     0.999994     14090966    163840.00
       18.18     0.999994     14090966    174762.67
       18.18     0.999995     14090966    187245.71
       18.18     0.999995     14090966    201649.23
       18.18     0.999995     14090966    218453.33
       18.18     0.999996     14090966    238312.73
       18.18     0.999996     14090966    262144.00
       43.26     0.999996     14091004    275941.05
       43.26     0.999997     14091004    291271.11
       43.26     0.999997     14091004    308404.71
       43.26     0.999997     14091004    327680.00
       43.26     0.999997     14091004    349525.33
       43.26     0.999997     14091004    374491.43
       43.26     0.999998     14091004    403298.46
       43.26     0.999998     14091004    436906.67
       43.26     0.999998     14091004    476625.45
       43.26     0.999998     14091004    524288.00
       43.26     0.999998     14091004    551882.11
       43.26     0.999998     14091004    582542.22
       43.26     0.999998     14091004    616809.41
       43.26     0.999998     14091004    655360.00
       43.26     0.999999     14091004    699050.67
       43.26     0.999999     14091004    748982.86
       43.26     0.999999     14091004    806596.92
       43.26     0.999999     14091004    873813.33
       43.26     0.999999     14091004    953250.91
       43.52     0.999999     14091014   1048576.00
       43.52     0.999999     14091014   1103764.21
       43.52     0.999999     14091014   1165084.44
       43.52     0.999999     14091014   1233618.82
       43.52     0.999999     14091014   1310720.00
       43.52     0.999999     14091014   1398101.33
       43.52     0.999999     14091014   1497965.71
       43.52     0.999999     14091014   1613193.85
       43.52     0.999999     14091014   1747626.67
       43.52     0.999999     14091014   1906501.82
       43.52     1.000000     14091014   2097152.00
       43.52     1.000000     14091014   2207528.42
       43.52     1.000000     14091014   2330168.89
       43.52     1.000000     14091014   2467237.65
       43.52     1.000000     14091014   2621440.00
       43.52     1.000000     14091014   2796202.67
       43.52     1.000000     14091014   2995931.43
       43.52     1.000000     14091014   3226387.69
       43.52     1.000000     14091014   3495253.33
       44.29     1.000000     14091016   3813003.64
       44.29     1.000000     14091016   4194304.00
       44.29     1.000000     14091016   4415056.84
       44.29     1.000000     14091016   4660337.78
       44.29     1.000000     14091016   4934475.29
       44.29     1.000000     14091016   5242880.00
       44.29     1.000000     14091016   5592405.33
       44.29     1.000000     14091016   5991862.86
       44.29     1.000000     14091016   6452775.39
       44.29     1.000000     14091016   6990506.67
       61.44     1.000000     14091018   7626007.28
       61.44     1.000000     14091018          inf
#[Mean    =        0.820, StdDeviation   =        0.229]
#[Max     =       61.439, Total count    =     14091018]
#[Buckets =           20, SubBuckets     =          256]
