       Value   Percentile   TotalCount 1/(1-Percentile)

        0.34     0.000000            1         1.00
        1.90     0.050000      3058311         1.05
        1.93     0.100000      5579003         1.11
        1.96     0.150000      9091393         1.18
        1.98     0.200000     11152212         1.25
        2.00     0.250000     14454352         1.33
        2.02     0.300000     16694019         1.43
        2.04     0.350000     19908217         1.54
        2.06     0.400000     22775013         1.67
        2.10     0.450000     25843095         1.82
        2.13     0.500000     28011275         2.00
        2.16     0.525000     29416764         2.11
        2.21     0.550000     30553312         2.22
        2.91     0.575000     31862773         2.35
        3.06     0.600000     33366697         2.50
        3.12     0.625000     34694357         2.67
        3.17     0.650000     36026252         2.86
        3.21     0.675000     37643338         3.08
        3.25     0.700000     38868743         3.33
        3.28     0.725000     40183635         3.64
        3.31     0.750000     41560453         4.00
        3.33     0.762500     42254402         4.21
        3.34     0.775000     42940218         4.44
        3.36     0.787500     43612424         4.71
        3.38     0.800000     44260399         5.00
        3.41     0.812500     45465725         5.33
        3.42     0.825000     46013131         5.71
        3.44     0.837500     46518109         6.15
        3.47     0.850000     47418867         6.67
        3.49     0.862500     47825992         7.27
        3.52     0.875000     48602226         8.00
        3.54     0.881250     48987360         8.42
        3.55     0.887500     49377469         8.89
        3.57     0.893750     49780468         9.41
        3.58     0.900000     50195004        10.00
        3.58     0.906250     50195004        10.67
        3.60     0.912500     50618950        11.43
        3.62     0.918750     51047800        12.31
        3.63     0.925000     51478951        13.33
        3.65     0.931250     51899951        14.55
        3.65     0.937500     51899951        16.00
        3.66     0.940625     52302082        16.84
        3.66     0.943750     52302082        17.78
        3.68     0.946875     52676043        18.82
        3.68     0.950000     52676043        20.00
        3.69     0.953125     53018765        21.33
        3.69     0.956250     53018765        22.86
        3.71     0.959375     53326323        24.62
        3.71     0.962500     53326323        26.67
        3.73     0.965625     53596668        29.09
        3.73     0.968750     53596668        32.00
        3.74     0.970313     53829973        33.68
        3.74     0.971875     53829973        35.56
        3.76     0.973437     54030217        37.65
        3.76     0.975000     54030217        40.00
        3.76     0.976562     54030217        42.67
        3.77     0.978125     54198635        45.71
        3.77     0.979688     54198635        49.23
        3.79     0.981250     54339876        53.33
        3.81     0.982812     54457739        58.18
        3.81     0.984375     54457739        64.00
        3.82     0.985156     54561164        67.37
        3.82     0.985938     54561164        71.11
        3.84     0.986719     54648384        75.29
        3.84     0.987500     54648384        80.00
        3.85     0.988281     54724201        85.33
        3.85     0.989062     54724201        91.43
        3.87     0.989844     54791928        98.46
        3.89     0.990625     54852914       106.67
        3.89     0.991406     54852914       116.36
        3.90     0.992188     54909343       128.00
        3.90     0.992578     54909343       134.74
        3.92     0.992969     54961098       142.22
        3.92     0.993359     54961098       150.59
        3.94     0.993750     55009036       160.00
        3.94     0.994141     55009036       170.67
        3.95     0.994531     55052858       182.86
        3.95     0.994922     55052858       196.92
        3.97     0.995313     55092187       213.33
        3.97     0.995703     55092187       232.73
        3.98     0.996094     55126560       256.00
        3.98     0.996289     55126560       269.47
        3.98     0.996484     55126560       284.44
        4.00     0.996680     55156984       301.18
        4.00     0.996875     55156984       320.00
        4.00     0.997070     55156984       341.33
        4.01     0.997266     55183475       365.71
        4.01     0.997461     55183475       393.85
        4.03     0.997656     55206309       426.67
        4.03     0.997852     55206309       465.45
        4.05     0.998047     55225041       512.00
        4.05     0.998145     55225041       538.95
        4.05     0.998242     55225041       568.89
        4.06     0.998340     55240921       602.35
        4.06     0.998437     55240921       640.00
        4.06     0.998535     55240921       682.67
        4.08     0.998633     55253403       731.43
        4.08     0.998730     55253403       787.69
        4.09     0.998828     55263783       853.33
        4.09     0.998926     55263783       930.91
        4.13     0.999023     55278817      1024.00
        4.13     0.999072     55278817      1077.89
        4.13     0.999121     55278817      1137.78
        4.13     0.999170     55278817      1204.71
        4.13     0.999219     55278817      1280.00
        4.13     0.999268     55278817      1365.33
        4.16     0.999316     55288401      1462.86
        4.16     0.999365     55288401      1575.38
        4.16     0.999414     55288401      1706.67
        4.19     0.999463     55294829      1861.82
        4.19     0.999512     55294829      2048.00
        4.19     0.999536     55294829      2155.79
        4.19     0.999561     55294829      2275.56
        4.22     0.999585     55298989      2409.41
        4.22     0.999609     55298989      2560.00
        4.22     0.999634     55298989      2730.67
        4.25     0.999658     55301867      2925.71
        4.25     0.999683     55301867      3150.77
        4.29     0.999707     55303824      3413.33
        4.29     0.999731     55303824      3723.64
        4.32     0.999756     55305377      4096.00
        4.35     0.999768     55306646      4311.58
        4.35     0.999780     55306646      4551.11
        4.38     0.999792     55307755      4818.82
        4.38     0.999805     55307755      5120.00
        4.42     0.999817     55308706      5461.33
        4.45     0.999829     55309729      5851.43
        4.45     0.999841     55309729      6301.54
        4.48     0.999854     55310578      6826.67
        4.51     0.999866     55311375      7447.27
        4.54     0.999878     55312119      8192.00
        4.54     0.999884     55312119      8623.16
        4.58     0.999890     55312795      9102.22
        4.58     0.999896     55312795      9637.65
        4.61     0.999902     55313402     10240.00
        4.61     0.999908     55313402     10922.67
        4.64     0.999915     55313983     11702.86
        4.67     0.999921     55314513     12603.08
        4.67     0.999927     55314513     13653.33
        4.70     0.999933     55314994     14894.55
        4.74     0.999939     55315447     16384.00
        4.74     0.999942     55315447     17246.32
        4.74     0.999945     55315447     18204.44
        4.77     0.999948     55315852     19275.29
        4.77     0.999951     55315852     20480.00
        4.80     0.999954     55316183     21845.33
        4.80     0.999957     55316183     23405.71
        4.83     0.999960     55316418     25206.15
        4.83     0.999963     55316418     27306.67
        4.86     0.999966     55316672     29789.09
        4.89     0.999969     55316972     32768.00
        4.89     0.999971     55316972     34492.63
        4.89     0.999973     55316972     36408.89
        4.93     0.999974     55317137     38550.59
        4.93     0.999976     55317137     40960.00
        4.96     0.999977     55317331     43690.67
        4.96     0.999979     55317331     46811.43
        4.96     0.999980     55317331     50412.31
        4.99     0.999982     55317430     54613.33
        5.02     0.999983     55317541     59578.18
        5.05     0.999985     55317649     65536.00
        5.05     0.999986     55317649     68985.26
        5.09     0.999986     55317788     72817.78
        5.09     0.999987     55317788     77101.18
        5.09     0.999988     55317788     81920.00
        5.12     0.999989     55317873     87381.33
        5.12     0.999989     55317873     93622.86
        5.15     0.999990     55317949    100824.62
        5.15     0.999991     55317949    109226.67
        5.18     0.999992     55318017    119156.36
        5.18     0.999992     55318017    131072.00
        5.21     0.999993     55318071    137970.53
        5.21     0.999993     55318071    145635.56
        5.21     0.999994     55318071    154202.35
        5.25     0.999994     55318151    163840.00
        5.25     0.999994     55318151    174762.67
        5.25     0.999995     55318151    187245.71
        5.25     0.999995     55318151    201649.23
        5.31     0.999995     55318203    218453.33
        5.31     0.999996     55318203    238312.73
        5.34     0.999996     55318239    262144.00
        5.34     0.999996     55318239    275941.05
        5.34     0.999997     55318239    291271.11
        5.38     0.999997     55318260    308404.71
        5.38     0.999997     55318260    327680.00
        5.41     0.999997     55318276    349525.33
        5.44     0.999997     55318314    374491.43
        5.44     0.999998     55318314    403298.46
        5.44     0.999998     55318314    436906.67
        5.44     0.999998     55318314    476625.45
        5.47     0.999998     55318327    524288.00
        5.47     0.999998     55318327    551882.11
        5.50     0.999998     55318349    582542.22
        5.50     0.999998     55318349    616809.41
        5.50     0.999998     55318349    655360.00
        5.50     0.999999     55318349    699050.67
        5.54     0.999999     55318365    748982.86
        5.54     0.999999     55318365    806596.92
        5.54     0.999999     55318365    873813.33
        5.57     0.999999     55318377    953250.91
        5.57     0.999999     55318377   1048576.00
        5.57     0.999999     55318377   1103764.21
        5.60     0.999999     55318385   1165084.44
        5.60     0.999999     55318385   1233618.82
        5.60     0.999999     55318385   1310720.00
        5.63     0.999999     55318397   1398101.33
        5.63     0.999999     55318397   1497965.71
        5.63     0.999999     55318397   1613193.85
        5.63     0.999999     55318397   1747626.67
        5.63     0.999999     55318397   1906501.82
        5.66     1.000000     55318407   2097152.00
        5.66     1.000000     55318407   2207528.42
        5.66     1.000000     55318407   2330168.89
        5.66     1.000000     55318407   2467237.65
        5.66     1.000000     55318407   2621440.00
        5.66     1.000000     55318407   2796202.67
        5.66     1.000000     55318407   2995931.43
        5.70     1.000000     55318413   3226387.69
        5.70     1.000000     55318413   3495253.33
        5.70     1.000000     55318413   3813003.64
        5.70     1.000000     55318413   4194304.00
        5.70     1.000000     55318413   4415056.84
        5.73     1.000000     55318415   4660337.78
        5.73     1.000000     55318415   4934475.29
        5.73     1.000000     55318415   5242880.00
        5.76     1.000000     55318416   5592405.33
        5.76     1.000000     55318416   5991862.86
        5.79     1.000000     55318422   6452775.39
        5.79     1.000000     55318422   6990506.67
        5.79     1.000000     55318422   7626007.28
        5.79     1.000000     55318422   8388608.00
        5.79     1.000000     55318422   8830113.68
        5.79     1.000000     55318422   9320675.55
        5.79     1.000000     55318422   9868950.59
        5.79     1.000000     55318422  10485760.00
        5.79     1.000000     55318422  11184810.67
        5.79     1.000000     55318422  11983725.71
        5.79     1.000000     55318422  12905550.76
        5.79     1.000000     55318422  13981013.34
        5.79     1.000000     55318422  15252014.55
        5.79     1.000000     55318422  16777216.00
        5.79     1.000000     55318422  17660227.38
        5.95     1.000000     55318423  18641351.10
        5.95     1.000000     55318423  19737901.19
        5.95     1.000000     55318423  20971519.98
        5.95     1.000000     55318423  22369621.33
        5.95     1.000000     55318423  23967451.45
        5.95     1.000000     55318423  25811101.52
        5.98     1.000000     55318424  27962026.68
        5.98     1.000000     55318424  30504029.05
        5.98     1.000000     55318424  33554432.00
        5.98     1.000000     55318424  35320454.76
        5.98     1.000000     55318424  37282702.28
        5.98     1.000000     55318424  39475802.28
        5.98     1.000000     55318424  41943039.96
        5.98     1.000000     55318424  44739242.67
        5.98     1.000000     55318424  47934902.91
        5.98     1.000000     55318424  51622203.20
        6.14     1.000000     55318425  55924053.19
        6.14     1.000000     55318425          inf
#[Mean    =        2.602, StdDeviation   =        0.697]
#[Max     =        6.143, Total count    =     55318425]
#[Buckets =           20, SubBuckets     =          256]
