       Value   Percentile   TotalCount 1/(1-Percentile)

        0.02     0.000000        11455         1.00
        0.34     0.050000      1437087         1.05
        0.57     0.100000      2835267         1.11
        0.67     0.150000      4567209         1.18
        0.69     0.200000      6681770         1.25
        0.69     0.250000      8273707         1.33
        0.70     0.300000     10192485         1.43
        0.70     0.350000     10192485         1.54
        0.71     0.400000     12520899         1.67
        0.72     0.450000     15271784         1.82
        0.72     0.500000     15271784         2.00
        0.72     0.525000     15271784         2.11
        0.73     0.550000     18456418         2.22
        0.73     0.575000     18456418         2.35
        0.73     0.600000     18456418         2.50
        0.73     0.625000     18456418         2.67
        0.73     0.650000     18456418         2.86
        0.73     0.675000     21719554         3.08
        0.73     0.700000     21719554         3.33
        0.73     0.725000     21719554         3.64
        0.73     0.750000     21719554         4.00
        0.73     0.762500     21719554         4.21
        0.74     0.775000     24212462         4.44
        0.74     0.787500     24212462         4.71
        0.74     0.800000     24212462         5.00
        0.74     0.812500     24212462         5.33
        0.74     0.825000     24212462         5.71
        0.74     0.837500     24212462         6.15
        0.74     0.850000     24212462         6.67
        0.75     0.862500     25596923         7.27
        0.75     0.875000     25596923         8.00
        0.75     0.881250     25596923         8.42
        0.75     0.887500     25596923         8.89
        0.75     0.893750     25596923         9.41
        0.75     0.900000     25596923        10.00
        0.75     0.906250     25596923        10.67
        0.76     0.912500     26241586        11.43
        0.76     0.918750     26241586        12.31
        0.76     0.925000     26241586        13.33
        0.77     0.931250     26537242        14.55
        0.77     0.937500     26537242        16.00
        0.77     0.940625     26537242        16.84
        0.78     0.943750     26684367        17.78
        0.78     0.946875     26769725        18.82
        0.79     0.950000     26834138        20.00
        0.80     0.953125     26888711        21.33
        0.82     0.956250     27001361        22.86
        0.84     0.959375     27074857        24.62
        0.85     0.962500     27147835        26.67
        0.89     0.965625     27235844        29.09
        0.94     0.968750     27338919        32.00
        0.95     0.970313     27380035        33.68
        0.97     0.971875     27419933        35.56
        0.98     0.973437     27456545        37.65
        1.01     0.975000     27500307        40.00
        1.07     0.976562     27542427        42.67
        1.22     0.978125     27586423        45.71
        1.32     0.979688     27629354        49.23
        1.36     0.981250     27686159        53.33
        1.38     0.982812     27721200        58.18
        1.39     0.984375     27763792        64.00
        1.40     0.985156     27787519        67.37
        1.41     0.985938     27813257        71.11
        1.42     0.986719     27840869        75.29
        1.42     0.987500     27870088        80.00
        1.43     0.988281     27901749        85.33
        1.43     0.989062     27901749        91.43
        1.44     0.989844     27935351        98.46
        1.45     0.990625     27971138       106.67
        1.45     0.991406     27971138       116.36
        1.46     0.992188     28009035       128.00
        1.46     0.992578     28009035       134.74
        1.46     0.992969     28009035       142.22
        1.46     0.993359     28047338       150.59
        1.46     0.993750     28047338       160.00
        1.46     0.994141     28047338       170.67
        1.46     0.994531     28047338       182.86
        1.47     0.994922     28083913       196.92
        1.47     0.995313     28083913       213.33
        1.47     0.995703     28083913       232.73
        1.48     0.996094     28116096       256.00
        1.48     0.996289     28116096       269.47
        1.48     0.996484     28116096       284.44
        1.48     0.996680     28116096       301.18
        1.48     0.996875     28116096       320.00
        1.49     0.997070     28141845       341.33
        1.49     0.997266     28141845       365.71
        1.49     0.997461     28141845       393.85
        1.49     0.997656     28141845       426.67
        1.49     0.997852     28141845       465.45
        1.50     0.998047     28160797       512.00
        1.50     0.998145     28160797       538.95
        1.50     0.998242     28160797       568.89
        1.50     0.998340     28160797       602.35
        1.50     0.998437     28160797       640.00
        1.50     0.998535     28160797       682.67
        1.50     0.998633     28173183       731.43
        1.50     0.998730     28173183       787.69
        1.50     0.998828     28173183       853.33
        1.50     0.998926     28173183       930.91
        1.51     0.999023     28181068      1024.00
        1.51     0.999072     28181068      1077.89
        1.51     0.999121     28181068      1137.78
        1.51     0.999170     28181068      1204.71
        1.51     0.999219     28181068      1280.00
        1.51     0.999268     28181068      1365.33
        1.52     0.999316     28185978      1462.86
        1.52     0.999365     28185978      1575.38
        1.52     0.999414     28185978      1706.67
        1.53     0.999463     28189198      1861.82
        1.53     0.999512     28189198      2048.00
        1.53     0.999536     28189198      2155.79
        1.53     0.999561     28189198      2275.56
        1.53     0.999585     28191381      2409.41
        1.53     0.999609     28191381      2560.00
        1.53     0.999634     28191381      2730.67
        1.54     0.999658     28192970      2925.71
        1.54     0.999683     28192970      3150.77
        1.55     0.999707     28194285      3413.33
        1.55     0.999731     28194285      3723.64
        1.56     0.999756     28195353      4096.00
        1.56     0.999768     28195353      4311.58
        1.56     0.999780     28195353      4551.11
        1.57     0.999792     28196282      4818.82
        1.57     0.999805     28196282      5120.00
        1.57     0.999817     28197116      5461.33
        1.57     0.999829     28197116      5851.43
        1.57     0.999841     28197116      6301.54
        1.58     0.999854     28197864      6826.67
        1.58     0.999866     28197864      7447.27
        1.59     0.999878     28198530      8192.00
        1.59     0.999884     28198530      8623.16
        1.59     0.999890     28198530      9102.22
        1.60     0.999896     28199083      9637.65
        1.60     0.999902     28199083     10240.00
        1.60     0.999908     28199083     10922.67
        1.61     0.999915     28199499     11702.86
        1.61     0.999921     28199499     12603.08
        1.61     0.999927     28199499     13653.33
        1.61     0.999933     28199796     14894.55
        1.61     0.999939     28199796     16384.00
        1.62     0.999942     28200028     17246.32
        1.62     0.999945     28200028     18204.44
        1.63     0.999948     28200214     19275.29
        1.63     0.999951     28200214     20480.00
        1.63     0.999954     28200214     21845.33
        1.64     0.999957     28200329     23405.71
        1.65     0.999960     28200397     25206.15
        1.66     0.999963     28200471     27306.67
        1.69     0.999966     28200560     29789.09
        1.73     0.999969     28200657     32768.00
        1.74     0.999971     28200693     34492.63
        1.77     0.999973     28200739     36408.89
        1.79     0.999974     28200784     38550.59
        1.81     0.999976     28200818     40960.00
        1.83     0.999977     28200862     43690.67
        1.87     0.999979     28200908     46811.43
        1.91     0.999980     28200947     50412.31
        1.94     0.999982     28200988     54613.33
        1.99     0.999983     28201033     59578.18
        2.03     0.999985     28201074     65536.00
        2.05     0.999986     28201104     68985.26
        2.06     0.999986     28201125     72817.78
        2.08     0.999987     28201146     77101.18
        2.10     0.999988     28201170     81920.00
        2.11     0.999989     28201194     87381.33
        2.13     0.999989     28201224     93622.86
        2.13     0.999990     28201224    100824.62
        2.14     0.999991     28201254    109226.67
        2.16     0.999992     28201287    119156.36
        2.17     0.999992     28201320    131072.00
        2.17     0.999993     28201320    137970.53
        2.17     0.999993     28201320    145635.56
        2.19     0.999994     28201348    154202.35
        2.19     0.999994     28201348    163840.00
        2.19     0.999994     28201348    174762.67
        2.21     0.999995     28201368    187245.71
        2.21     0.999995     28201368    201649.23
        2.22     0.999995     28201390    218453.33
        2.22     0.999996     28201390    238312.73
        2.24     0.999996     28201407    262144.00
        2.24     0.999996     28201407    275941.05
        2.24     0.999997     28201407    291271.11
        2.25     0.999997     28201425    308404.71
        2.25     0.999997     28201425    327680.00
        2.25     0.999997     28201425    349525.33
        2.27     0.999997     28201446    374491.43
        2.27     0.999998     28201446    403298.46
        2.27     0.999998     28201446    436906.67
        2.27     0.999998     28201446    476625.45
        2.29     0.999998     28201453    524288.00
        2.29     0.999998     28201453    551882.11
        2.30     0.999998     28201465    582542.22
        2.30     0.999998     28201465    616809.41
        2.30     0.999998     28201465    655360.00
        2.30     0.999999     28201465    699050.67
        2.32     0.999999     28201470    748982.86
        2.32     0.999999     28201470    806596.92
        2.33     0.999999     28201477    873813.33
        2.33     0.999999     28201477    953250.91
        2.33     0.999999     28201477   1048576.00
        2.35     0.999999     28201479   1103764.21
        2.35     0.999999     28201479   1165084.44
        2.37     0.999999     28201482   1233618.82
        2.37     0.999999     28201482   1310720.00
        2.38     0.999999     28201486   1398101.33
        2.38     0.999999     28201486   1497965.71
        2.38     0.999999     28201486   1613193.85
        2.43     0.999999     28201489   1747626.67
        2.43     0.999999     28201489   1906501.82
        2.45     1.000000     28201491   2097152.00
        2.45     1.000000     28201491   2207528.42
        2.45     1.000000     28201491   2330168.89
        2.46     1.000000     28201492   2467237.65
        2.50     1.000000     28201493   2621440.00
        2.50     1.000000     28201493   2796202.67
        2.53     1.000000     28201496   2995931.43
        2.53     1.000000     28201496   3226387.69
        2.53     1.000000     28201496   3495253.33
        2.53     1.000000     28201496   3813003.64
        2.54     1.000000     28201497   4194304.00
        2.54     1.000000     28201497   4415056.84
        2.54     1.000000     28201497   4660337.78
        2.62     1.000000     28201498   4934475.29
        2.62     1.000000     28201498   5242880.00
        2.62     1.000000     28201498   5592405.33
        2.81     1.000000     28201499   5991862.86
        2.81     1.000000     28201499   6452775.39
        2.81     1.000000     28201499   6990506.67
        2.85     1.000000     28201500   7626007.28
        2.85     1.000000     28201500   8388608.00
        2.85     1.000000     28201500   8830113.68
        2.85     1.000000     28201500   9320675.55
        2.94     1.000000     28201501   9868950.59
        2.94     1.000000     28201501  10485760.00
        2.94     1.000000     28201501  11184810.67
        2.94     1.000000     28201501  11983725.71
        2.94     1.000000     28201501  12905550.76
        2.94     1.000000     28201501  13981013.34
        3.33     1.000000     28201502  15252014.55
        3.33     1.000000     28201502  16777216.00
        3.33     1.000000     28201502  17660227.38
        3.33     1.000000     28201502  18641351.10
        3.33     1.000000     28201502  19737901.19
        3.33     1.000000     28201502  20971519.98
        3.33     1.000000     28201502  22369621.33
        3.33     1.000000     28201502  23967451.45
        3.33     1.000000     28201502  25811101.52
        3.33     1.000000     28201502  27962026.68
        3.42     1.000000     28201503  30504029.05
        3.42     1.000000     28201503          inf
#[Mean    =        0.696, StdDeviation   =        0.174]
#[Max     =        3.423, Total count    =     28201503]
#[Buckets =           20, SubBuckets     =          256]
