       Value   Percentile   TotalCount 1/(1-Percentile)

        0.02     0.000000          997         1.00
        0.47     0.050000       712033         1.05
        0.72     0.100000      1426560         1.11
        0.78     0.150000      2139039         1.18
        0.80     0.200000      3292207         1.25
        0.81     0.250000      3867883         1.33
        0.81     0.300000      4533902         1.43
        0.82     0.350000      5272189         1.54
        0.83     0.400000      6060392         1.67
        0.84     0.450000      6873575         1.82
        0.85     0.500000      7684138         2.00
        0.85     0.525000      7684138         2.11
        0.85     0.550000      8469000         2.22
        0.85     0.575000      8469000         2.35
        0.85     0.600000      8469000         2.50
        0.86     0.625000      9210297         2.67
        0.86     0.650000      9210297         2.86
        0.87     0.675000      9883458         3.08
        0.87     0.700000      9883458         3.33
        0.88     0.725000     10479716         3.64
        0.89     0.750000     11002870         4.00
        0.89     0.762500     11002870         4.21
        0.89     0.775000     11002870         4.44
        0.90     0.787500     11460747         4.71
        0.90     0.800000     11460747         5.00
        0.90     0.812500     11460747         5.33
        0.90     0.825000     11848760         5.71
        0.90     0.837500     11848760         6.15
        0.91     0.850000     12170078         6.67
        0.91     0.862500     12170078         7.27
        0.92     0.875000     12437831         8.00
        0.92     0.881250     12437831         8.42
        0.93     0.887500     12658036         8.89
        0.93     0.893750     12658036         9.41
        0.94     0.900000     12840136        10.00
        0.94     0.906250     12840136        10.67
        0.94     0.912500     12981999        11.43
        0.94     0.918750     12981999        12.31
        0.95     0.925000     13093072        13.33
        0.96     0.931250     13177630        14.55
        0.97     0.937500     13240473        16.00
        0.97     0.940625     13288313        16.84
        0.98     0.943750     13324869        17.78
        0.99     0.946875     13353242        18.82
        1.01     0.950000     13393847        20.00
        1.03     0.953125     13432449        21.33
        1.07     0.956250     13471419        22.86
        1.13     0.959375     13515091        24.62
        1.18     0.962500     13559445        26.67
        1.22     0.965625     13602732        29.09
        1.26     0.968750     13651479        32.00
        1.29     0.970313     13671287        33.68
        1.32     0.971875     13692268        35.56
        1.37     0.973437     13713805        37.65
        1.47     0.975000     13735120        40.00
        1.55     0.976562     13757304        42.67
        1.59     0.978125     13784231        45.71
        1.61     0.979688     13808752        49.23
        1.63     0.981250     13828874        53.33
        1.65     0.982812     13851184        58.18
        1.66     0.984375     13874798        64.00
        1.67     0.985156     13886924        67.37
        1.68     0.985938     13899020        71.11
        1.69     0.986719     13911047        75.29
        1.69     0.987500     13911047        80.00
        1.70     0.988281     13922800        85.33
        1.70     0.989062     13934388        91.43
        1.71     0.989844     13945708        98.46
        1.72     0.990625     13956275       106.67
        1.73     0.991406     13966363       116.36
        1.74     0.992188     13984586       128.00
        1.74     0.992578     13984586       134.74
        1.75     0.992969     13992878       142.22
        1.75     0.993359     13992878       150.59
        1.76     0.993750     14000393       160.00
        1.77     0.994141     14007563       170.67
        1.77     0.994531     14014233       182.86
        1.78     0.994922     14020301       196.92
        1.78     0.995313     14020301       213.33
        1.79     0.995703     14025810       232.73
        1.81     0.996094     14035541       256.00
        1.81     0.996289     14035541       269.47
        1.81     0.996484     14039706       284.44
        1.81     0.996680     14039706       301.18
        1.82     0.996875     14043438       320.00
        1.83     0.997070     14046690       341.33
        1.84     0.997266     14049580       365.71
        1.85     0.997461     14052115       393.85
        1.85     0.997656     14054308       426.67
        1.86     0.997852     14056221       465.45
        1.88     0.998047     14059092       512.00
        1.89     0.998145     14060116       538.95
        1.90     0.998242     14061635       568.89
        1.93     0.998340     14063101       602.35
        1.95     0.998437     14064314       640.00
        1.98     0.998535     14065706       682.67
        2.00     0.998633     14067838       731.43
        2.01     0.998730     14069025       787.69
        2.02     0.998828     14070045       853.33
        2.02     0.998926     14071297       930.91
        2.04     0.999023     14073475      1024.00
        2.04     0.999072     14073475      1077.89
        2.05     0.999121     14074822      1137.78
        2.05     0.999170     14074822      1204.71
        2.06     0.999219     14077468      1280.00
        2.06     0.999268     14077468      1365.33
        2.06     0.999316     14077468      1462.86
        2.06     0.999365     14077468      1575.38
        2.08     0.999414     14079198      1706.67
        2.08     0.999463     14079198      1861.82
        2.10     0.999512     14080438      2048.00
        2.10     0.999536     14080438      2155.79
        2.10     0.999561     14080438      2275.56
        2.10     0.999585     14080438      2409.41
        2.11     0.999609     14081750      2560.00
        2.11     0.999634     14081750      2730.67
        2.11     0.999658     14081750      2925.71
        2.11     0.999683     14081750      3150.77
        2.13     0.999707     14082644      3413.33
        2.13     0.999731     14082644      3723.64
        2.14     0.999756     14082897      4096.00
        2.16     0.999768     14083112      4311.58
        2.17     0.999780     14083242      4551.11
        2.19     0.999792     14083348      4818.82
        2.24     0.999805     14083487      5120.00
        2.30     0.999817     14083657      5461.33
        2.37     0.999829     14083823      5851.43
        2.42     0.999841     14084016      6301.54
        2.45     0.999854     14084167      6826.67
        2.50     0.999866     14084364      7447.27
        2.56     0.999878     14084511      8192.00
        2.59     0.999884     14084601      8623.16
        2.62     0.999890     14084674      9102.22
        2.73     0.999896     14084777      9637.65
        2.78     0.999902     14084861     10240.00
        2.81     0.999908     14084944     10922.67
        2.85     0.999915     14085043     11702.86
        2.86     0.999921     14085105     12603.08
        2.88     0.999927     14085190     13653.33
        2.91     0.999933     14085351     14894.55
        2.93     0.999939     14085425     16384.00
        2.93     0.999942     14085425     17246.32
        2.94     0.999945     14085509     18204.44
        2.94     0.999948     14085509     19275.29
        2.96     0.999951     14085576     20480.00
        2.96     0.999954     14085576     21845.33
        2.98     0.999957     14085641     23405.71
        2.99     0.999960     14085692     25206.15
        3.01     0.999963     14085741     27306.67
        3.02     0.999966     14085766     29789.09
        3.04     0.999969     14085790     32768.00
        3.06     0.999971     14085811     34492.63
        3.10     0.999973     14085832     36408.89
        3.57     0.999974     14085868     38550.59
        3.58     0.999976     14085902     40960.00
        3.58     0.999977     14085902     43690.67
        4.42     0.999979     14085955     46811.43
        4.42     0.999980     14085955     50412.31
        4.83     0.999982     14085987     54613.33
        4.83     0.999983     14085987     59578.18
        5.05     0.999985     14086004     65536.00
        5.09     0.999986     14086051     68985.26
        5.09     0.999986     14086051     72817.78
        5.09     0.999987     14086051     77101.18
        5.09     0.999988     14086051     81920.00
        5.95     0.999989     14086057     87381.33
       10.43     0.999989     14086069     93622.86
       10.94     0.999990     14086080    100824.62
       11.07     0.999991     14086098    109226.67
       11.13     0.999992     14086104    119156.36
       11.20     0.999992     14086111    131072.00
       11.26     0.999993     14086118    137970.53
       20.48     0.999993     14086136    145635.56
       20.48     0.999994     14086136    154202.35
       20.48     0.999994     14086136    163840.00
       20.61     0.999994     14086167    174762.67
       20.61     0.999995     14086167    187245.71
       20.61     0.999995     14086167    201649.23
       20.61     0.999995     14086167    218453.33
       20.61     0.999996     14086167    238312.73
       20.61     0.999996     14086167    262144.00
       20.61     0.999996     14086167    275941.05
       44.29     0.999997     14086215    291271.11
       44.29     0.999997     14086215    308404.71
       44.29     0.999997     14086215    327680.00
       44.29     0.999997     14086215    349525.33
       44.29     0.999997     14086215    374491.43
       44.29     0.999998     14086215    403298.46
       44.29     0.999998     14086215    436906.67
       44.29     0.999998     14086215    476625.45
       44.29     0.999998     14086215    524288.00
       44.29     0.999998     14086215    551882.11
       44.29     0.999998     14086215    582542.22
       44.29     0.999998     14086215    616809.41
       44.29     0.999998     14086215    655360.00
       44.29     0.999999     14086215    699050.67
       44.29     0.999999     14086215    748982.86
       44.29     0.999999     14086215    806596.92
       44.29     0.999999     14086215    873813.33
       44.29     0.999999     14086215    953250.91
       44.29     0.999999     14086215   1048576.00
       44.29     0.999999     14086215   1103764.21
       44.29     0.999999     14086215   1165084.44
       44.29     0.999999     14086215   1233618.82
       44.29     0.999999     14086215   1310720.00
       44.29     0.999999     14086215   1398101.33
       44.29     0.999999     14086215   1497965.71
       44.29     0.999999     14086215   1613193.85
       44.29     0.999999     14086215   1747626.67
       44.29     0.999999     14086215   1906501.82
       44.29     1.000000     14086215   2097152.00
       44.29     1.000000     14086215   2207528.42
       44.29     1.000000     14086215   2330168.89
       44.29     1.000000     14086215   2467237.65
       44.29     1.000000     14086215   2621440.00
       44.29     1.000000     14086215   2796202.67
       44.29     1.000000     14086215   2995931.43
       44.29     1.000000     14086215   3226387.69
       44.29     1.000000     14086215   3495253.33
       44.29     1.000000     14086215   3813003.64
       44.29     1.000000     14086215   4194304.00
       44.29     1.000000     14086215   4415056.84
       44.29     1.000000     14086215   4660337.78
       45.31     1.000000     14086217   4934475.29
       45.31     1.000000     14086217   5242880.00
       45.31     1.000000     14086217   5592405.33
       45.31     1.000000     14086217   5991862.86
       45.31     1.000000     14086217   6452775.39
       45.31     1.000000     14086217   6990506.67
       45.31     1.000000     14086217   7626007.28
       45.31     1.000000     14086217   8388608.00
       45.31     1.000000     14086217   8830113.68
       45.31     1.000000     14086217   9320675.55
       45.31     1.000000     14086217   9868950.59
       45.31     1.000000     14086217  10485760.00
       45.31     1.000000     14086217  11184810.67
       45.31     1.000000     14086217  11983725.71
       45.31     1.000000     14086217  12905550.76
       45.31     1.000000     14086217  13981013.34
       64.77     1.000000     14086218  15252014.55
       64.77     1.000000     14086218          inf
#[Mean    =        0.835, StdDeviation   =        0.235]
#[Max     =       64.767, Total count    =     14086218]
#[Buckets =           20, SubBuckets     =          256]
