       Value   Percentile   TotalCount 1/(1-Percentile)

        0.02     0.000000        11539         1.00
        0.38     0.050000       849066         1.05
        0.60     0.100000      1709150         1.11
        0.68     0.150000      2570394         1.18
        0.69     0.200000      3547908         1.25
        0.70     0.250000      4317862         1.33
        0.71     0.300000      5313024         1.43
        0.72     0.350000      6557689         1.54
        0.73     0.400000      8018835         1.67
        0.73     0.450000      8018835         1.82
        0.73     0.500000      9616234         2.00
        0.73     0.525000      9616234         2.11
        0.73     0.550000      9616234         2.22
        0.74     0.575000     11199291         2.35
        0.74     0.600000     11199291         2.50
        0.74     0.625000     11199291         2.67
        0.74     0.650000     11199291         2.86
        0.75     0.675000     12570316         3.08
        0.75     0.700000     12570316         3.33
        0.75     0.725000     12570316         3.64
        0.76     0.750000     13561991         4.00
        0.76     0.762500     13561991         4.21
        0.76     0.775000     13561991         4.44
        0.76     0.787500     13561991         4.71
        0.76     0.800000     13561991         5.00
        0.77     0.812500     14157993         5.33
        0.77     0.825000     14157993         5.71
        0.78     0.837500     14480210         6.15
        0.78     0.850000     14480210         6.67
        0.78     0.862500     14667818         7.27
        0.79     0.875000     14800941         8.00
        0.80     0.881250     14920463         8.42
        0.81     0.887500     15042289         8.89
        0.81     0.893750     15168322         9.41
        0.82     0.900000     15301422        10.00
        0.83     0.906250     15439098        10.67
        0.83     0.912500     15439098        11.43
        0.84     0.918750     15576381        12.31
        0.85     0.925000     15707780        13.33
        0.85     0.931250     15830267        14.55
        0.86     0.937500     15938167        16.00
        0.86     0.940625     15938167        16.84
        0.87     0.943750     16026186        17.78
        0.87     0.946875     16026186        18.82
        0.88     0.950000     16096248        20.00
        0.89     0.953125     16150444        21.33
        0.90     0.956250     16189827        22.86
        0.90     0.959375     16222146        24.62
        0.93     0.962500     16295965        26.67
        0.94     0.965625     16329878        29.09
        0.97     0.968750     16389939        32.00
        0.99     0.970313     16417983        33.68
        1.01     0.971875     16441994        35.56
        1.02     0.973437     16461816        37.65
        1.05     0.975000     16487868        40.00
        1.14     0.976562     16514064        42.67
        1.24     0.978125     16540649        45.71
        1.33     0.979688     16566863        49.23
        1.38     0.981250     16593891        53.33
        1.40     0.982812     16619994        58.18
        1.42     0.984375     16655432        64.00
        1.43     0.985156     16669330        67.37
        1.44     0.985938     16684256        71.11
        1.44     0.986719     16684256        75.29
        1.45     0.987500     16700489        80.00
        1.46     0.988281     16717879        85.33
        1.46     0.989062     16736185        91.43
        1.47     0.989844     16755288        98.46
        1.47     0.990625     16755288       106.67
        1.48     0.991406     16774560       116.36
        1.49     0.992188     16793696       128.00
        1.49     0.992578     16793696       134.74
        1.49     0.992969     16793696       142.22
        1.50     0.993359     16811177       150.59
        1.50     0.993750     16811177       160.00
        1.50     0.994141     16811177       170.67
        1.50     0.994531     16826088       182.86
        1.50     0.994922     16826088       196.92
        1.51     0.995313     16838170       213.33
        1.51     0.995703     16838170       232.73
        1.52     0.996094     16847700       256.00
        1.52     0.996289     16847700       269.47
        1.53     0.996484     16854930       284.44
        1.53     0.996680     16854930       301.18
        1.53     0.996875     16860281       320.00
        1.53     0.997070     16860281       341.33
        1.54     0.997266     16864072       365.71
        1.55     0.997461     16867079       393.85
        1.56     0.997656     16869373       426.67
        1.57     0.997852     16872909       465.45
        1.59     0.998047     16876123       512.00
        1.60     0.998145     16877650       538.95
        1.61     0.998242     16879198       568.89
        1.61     0.998340     16880816       602.35
        1.62     0.998437     16882417       640.00
        1.64     0.998535     16885589       682.67
        1.65     0.998633     16887123       731.43
        1.66     0.998730     16888646       787.69
        1.66     0.998828     16890243       853.33
        1.67     0.998926     16891825       930.91
        1.68     0.999023     16893348      1024.00
        1.68     0.999072     16893348      1077.89
        1.69     0.999121     16894864      1137.78
        1.69     0.999170     16894864      1204.71
        1.70     0.999219     16896320      1280.00
        1.70     0.999268     16897706      1365.33
        1.70     0.999316     16897706      1462.86
        1.71     0.999365     16898955      1575.38
        1.71     0.999414     16898955      1706.67
        1.72     0.999463     16900105      1861.82
        1.73     0.999512     16901124      2048.00
        1.73     0.999536     16901124      2155.79
        1.74     0.999561     16902016      2275.56
        1.74     0.999585     16902016      2409.41
        1.74     0.999609     16902793      2560.00
        1.74     0.999634     16902793      2730.67
        1.75     0.999658     16903471      2925.71
        1.75     0.999683     16903471      3150.77
        1.76     0.999707     16904076      3413.33
        1.77     0.999731     16904574      3723.64
        1.77     0.999756     16905025      4096.00
        1.77     0.999768     16905025      4311.58
        1.78     0.999780     16905377      4551.11
        1.78     0.999792     16905377      4818.82
        1.79     0.999805     16905657      5120.00
        1.80     0.999817     16905939      5461.33
        1.80     0.999829     16905939      5851.43
        1.81     0.999841     16906179      6301.54
        1.81     0.999854     16906392      6826.67
        1.82     0.999866     16906612      7447.27
        1.83     0.999878     16906795      8192.00
        1.84     0.999884     16906970      8623.16
        1.84     0.999890     16906970      9102.22
        1.85     0.999896     16907115      9637.65
        1.85     0.999902     16907271     10240.00
        1.85     0.999908     16907271     10922.67
        1.86     0.999915     16907395     11702.86
        1.87     0.999921     16907520     12603.08
        1.88     0.999927     16907643     13653.33
        1.89     0.999933     16907755     14894.55
        1.89     0.999939     16907755     16384.00
        1.90     0.999942     16907837     17246.32
        1.90     0.999945     16907895     18204.44
        1.91     0.999948     16907952     19275.29
        1.92     0.999951     16908009     20480.00
        1.93     0.999954     16908054     21845.33
        1.94     0.999957     16908098     23405.71
        1.94     0.999960     16908136     25206.15
        1.95     0.999963     16908174     27306.67
        1.97     0.999966     16908244     29789.09
        1.98     0.999969     16908279     32768.00
        1.98     0.999971     16908307     34492.63
        1.99     0.999973     16908325     36408.89
        2.01     0.999974     16908365     38550.59
        2.02     0.999976     16908377     40960.00
        2.04     0.999977     16908401     43690.67
        2.06     0.999979     16908433     46811.43
        2.10     0.999980     16908461     50412.31
        2.11     0.999982     16908478     54613.33
        2.14     0.999983     16908509     59578.18
        2.17     0.999985     16908542     65536.00
        2.17     0.999986     16908542     68985.26
        2.19     0.999986     16908558     72817.78
        2.21     0.999987     16908573     77101.18
        2.22     0.999988     16908588     81920.00
        2.24     0.999989     16908608     87381.33
        2.24     0.999989     16908608     93622.86
        2.25     0.999990     16908623    100824.62
        2.27     0.999991     16908635    109226.67
        2.29     0.999992     16908651    119156.36
        2.30     0.999992     16908665    131072.00
        2.30     0.999993     16908665    137970.53
        2.33     0.999993     16908683    145635.56
        2.33     0.999994     16908683    154202.35
        2.35     0.999994     16908693    163840.00
        2.35     0.999994     16908693    174762.67
        2.38     0.999995     16908698    187245.71
        2.45     0.999995     16908704    201649.23
        2.51     0.999995     16908711    218453.33
        2.56     0.999996     16908717    238312.73
        2.61     0.999996     16908723    262144.00
        2.81     0.999996     16908726    275941.05
        2.99     0.999997     16908729    291271.11
       78.85     0.999997     16908737    308404.71
       78.85     0.999997     16908737    327680.00
      166.91     0.999997     16908786    349525.33
      166.91     0.999997     16908786    374491.43
      166.91     0.999998     16908786    403298.46
      166.91     0.999998     16908786    436906.67
      166.91     0.999998     16908786    476625.45
      166.91     0.999998     16908786    524288.00
      166.91     0.999998     16908786    551882.11
      166.91     0.999998     16908786    582542.22
      166.91     0.999998     16908786    616809.41
      166.91     0.999998     16908786    655360.00
      166.91     0.999999     16908786    699050.67
      166.91     0.999999     16908786    748982.86
      166.91     0.999999     16908786    806596.92
      166.91     0.999999     16908786    873813.33
      166.91     0.999999     16908786    953250.91
      166.91     0.999999     16908786   1048576.00
      166.91     0.999999     16908786   1103764.21
      166.91     0.999999     16908786   1165084.44
      166.91     0.999999     16908786   1233618.82
      166.91     0.999999     16908786   1310720.00
      166.91     0.999999     16908786   1398101.33
      166.91     0.999999     16908786   1497965.71
      166.91     0.999999     16908786   1613193.85
      166.91     0.999999     16908786   1747626.67
      166.91     0.999999     16908786   1906501.82
      166.91     1.000000     16908786   2097152.00
      166.91     1.000000     16908786   2207528.42
      166.91     1.000000     16908786   2330168.89
      166.91     1.000000     16908786   2467237.65
      166.91     1.000000     16908786   2621440.00
      166.91     1.000000     16908786   2796202.67
      166.91     1.000000     16908786   2995931.43
      166.91     1.000000     16908786   3226387.69
      166.91     1.000000     16908786   3495253.33
      166.91     1.000000     16908786   3813003.64
      166.91     1.000000     16908786   4194304.00
      166.91     1.000000     16908786   4415056.84
      166.91     1.000000     16908786   4660337.78
      166.91     1.000000     16908786   4934475.29
      166.91     1.000000     16908786   5242880.00
      166.91     1.000000     16908786   5592405.33
      166.91     1.000000     16908786   5991862.86
      166.91     1.000000     16908786   6452775.39
      166.91     1.000000     16908786   6990506.67
      166.91     1.000000     16908786   7626007.28
      166.91     1.000000     16908786   8388608.00
      166.91     1.000000     16908786   8830113.68
      166.91     1.000000     16908786   9320675.55
      166.91     1.000000     16908786   9868950.59
      166.91     1.000000     16908786  10485760.00
      166.91     1.000000     16908786  11184810.67
      166.91     1.000000     16908786  11983725.71
      166.91     1.000000     16908786  12905550.76
      166.91     1.000000     16908786  13981013.34
      166.91     1.000000     16908786  15252014.55
      166.91     1.000000     16908786  16777216.00
      167.94     1.000000     16908787  17660227.38
      167.94     1.000000     16908787          inf
#[Mean    =        0.719, StdDeviation   =        0.340]
#[Max     =      167.935, Total count    =     16908787]
#[Buckets =           20, SubBuckets     =          256]
