       Value   Percentile   TotalCount 1/(1-Percentile)

        0.02     0.000000         1186         1.00
        0.46     0.050000       705520         1.05
        0.72     0.100000      1419619         1.11
        0.78     0.150000      2222688         1.18
        0.80     0.200000      2919206         1.25
        0.81     0.250000      3991628         1.33
        0.82     0.300000      4667436         1.43
        0.83     0.350000      5414464         1.54
        0.84     0.400000      6202575         1.67
        0.85     0.450000      7017041         1.82
        0.85     0.500000      7820547         2.00
        0.85     0.525000      7820547         2.11
        0.85     0.550000      7820547         2.22
        0.86     0.575000      8587758         2.35
        0.86     0.600000      8587758         2.50
        0.87     0.625000      9305598         2.67
        0.87     0.650000      9305598         2.86
        0.88     0.675000      9966587         3.08
        0.88     0.700000      9966587         3.33
        0.89     0.725000     10557566         3.64
        0.90     0.750000     11071246         4.00
        0.90     0.762500     11071246         4.21
        0.90     0.775000     11071246         4.44
        0.90     0.787500     11518047         4.71
        0.90     0.800000     11518047         5.00
        0.90     0.812500     11518047         5.33
        0.91     0.825000     11901578         5.71
        0.91     0.837500     11901578         6.15
        0.92     0.850000     12225142         6.67
        0.92     0.862500     12225142         7.27
        0.93     0.875000     12493540         8.00
        0.93     0.881250     12493540         8.42
        0.94     0.887500     12708281         8.89
        0.94     0.893750     12708281         9.41
        0.94     0.900000     12708281        10.00
        0.94     0.906250     12883079        10.67
        0.94     0.912500     12883079        11.43
        0.95     0.918750     13020484        12.31
        0.96     0.925000     13126883        13.33
        0.96     0.931250     13126883        14.55
        0.97     0.937500     13207414        16.00
        0.97     0.940625     13270037        16.84
        0.98     0.943750     13317773        17.78
        0.99     0.946875     13352904        18.82
        1.00     0.950000     13380736        20.00
        1.02     0.953125     13432186        21.33
        1.05     0.956250     13471262        22.86
        1.10     0.959375     13511397        24.62
        1.16     0.962500     13555288        26.67
        1.21     0.965625     13600794        29.09
        1.25     0.968750     13646587        32.00
        1.28     0.970313     13666036        33.68
        1.31     0.971875     13687461        35.56
        1.36     0.973437     13710779        37.65
        1.45     0.975000     13731240        40.00
        1.55     0.976562     13752972        42.67
        1.59     0.978125     13774687        45.71
        1.62     0.979688     13803175        49.23
        1.64     0.981250     13821671        53.33
        1.66     0.982812     13842508        58.18
        1.67     0.984375     13865195        64.00
        1.68     0.985156     13877110        67.37
        1.69     0.985938     13889118        71.11
        1.70     0.986719     13901263        75.29
        1.70     0.987500     13913061        80.00
        1.71     0.988281     13924666        85.33
        1.72     0.989062     13935908        91.43
        1.73     0.989844     13946644        98.46
        1.74     0.990625     13956962       106.67
        1.74     0.991406     13966570       116.36
        1.75     0.992188     13975704       128.00
        1.76     0.992578     13984081       134.74
        1.76     0.992969     13984081       142.22
        1.77     0.993359     13991984       150.59
        1.77     0.993750     13999412       160.00
        1.78     0.994141     14006241       170.67
        1.78     0.994531     14006241       182.86
        1.79     0.994922     14012661       196.92
        1.80     0.995313     14018577       213.33
        1.81     0.995703     14023936       232.73
        1.81     0.996094     14028950       256.00
        1.82     0.996289     14033411       269.47
        1.82     0.996484     14033411       284.44
        1.83     0.996680     14037481       301.18
        1.84     0.996875     14041087       320.00
        1.85     0.997070     14044366       341.33
        1.85     0.997266     14044366       365.71
        1.85     0.997461     14047237       393.85
        1.87     0.997656     14051633       426.67
        1.88     0.997852     14053418       465.45
        1.90     0.998047     14056008       512.00
        1.90     0.998145     14056992       538.95
        1.92     0.998242     14058466       568.89
        1.94     0.998340     14059428       602.35
        1.97     0.998437     14061007       640.00
        1.98     0.998535     14062221       682.67
        2.00     0.998633     14063746       731.43
        2.02     0.998730     14065508       787.69
        2.02     0.998828     14066811       853.33
        2.03     0.998926     14067866       930.91
        2.04     0.999023     14069063      1024.00
        2.05     0.999072     14070175      1077.89
        2.06     0.999121     14072204      1137.78
        2.06     0.999170     14072204      1204.71
        2.06     0.999219     14072204      1280.00
        2.08     0.999268     14074443      1365.33
        2.08     0.999316     14074443      1462.86
        2.08     0.999365     14074443      1575.38
        2.10     0.999414     14076170      1706.67
        2.10     0.999463     14076170      1861.82
        2.10     0.999512     14076170      2048.00
        2.11     0.999536     14077404      2155.79
        2.11     0.999561     14077404      2275.56
        2.11     0.999585     14077404      2409.41
        2.11     0.999609     14077404      2560.00
        2.13     0.999634     14078369      2730.67
        2.13     0.999658     14078369      2925.71
        2.13     0.999683     14078369      3150.77
        2.14     0.999707     14079041      3413.33
        2.14     0.999731     14079041      3723.64
        2.16     0.999756     14079372      4096.00
        2.17     0.999768     14079657      4311.58
        2.17     0.999780     14079657      4551.11
        2.19     0.999792     14079891      4818.82
        2.21     0.999805     14080076      5120.00
        2.24     0.999817     14080161      5461.33
        2.32     0.999829     14080314      5851.43
        2.38     0.999841     14080481      6301.54
        2.43     0.999854     14080674      6826.67
        2.48     0.999866     14080885      7447.27
        2.51     0.999878     14080999      8192.00
        2.56     0.999884     14081094      8623.16
        2.64     0.999890     14081170      9102.22
        2.75     0.999896     14081259      9637.65
        2.80     0.999902     14081343     10240.00
        2.85     0.999908     14081461     10922.67
        2.86     0.999915     14081524     11702.86
        2.90     0.999921     14081653     12603.08
        2.91     0.999927     14081738     13653.33
        2.93     0.999933     14081823     14894.55
        2.94     0.999939     14081883     16384.00
        2.96     0.999942     14081983     17246.32
        2.96     0.999945     14081983     18204.44
        2.96     0.999948     14081983     19275.29
        2.98     0.999951     14082049     20480.00
        2.99     0.999954     14082105     21845.33
        3.01     0.999957     14082149     23405.71
        3.02     0.999960     14082187     25206.15
        3.04     0.999963     14082211     27306.67
        3.07     0.999966     14082249     29789.09
        3.13     0.999969     14082284     32768.00
        3.33     0.999971     14082305     34492.63
        3.85     0.999973     14082340     36408.89
        3.87     0.999974     14082363     38550.59
        4.83     0.999976     14082408     40960.00
        4.83     0.999977     14082408     43690.67
        4.86     0.999979     14082481     46811.43
        4.86     0.999980     14082481     50412.31
        4.86     0.999982     14082481     54613.33
        4.86     0.999983     14082481     59578.18
        4.89     0.999985     14082502     65536.00
        5.15     0.999986     14082520     68985.26
        5.15     0.999986     14082520     72817.78
        5.18     0.999987     14082531     77101.18
        5.21     0.999988     14082546     81920.00
        5.66     0.999989     14082554     87381.33
        8.77     0.999989     14082612     93622.86
        8.77     0.999990     14082612    100824.62
        8.77     0.999991     14082612    109226.67
        8.77     0.999992     14082612    119156.36
        8.77     0.999992     14082612    131072.00
        8.77     0.999993     14082612    137970.53
       25.34     0.999993     14082642    145635.56
       25.34     0.999994     14082642    154202.35
       25.34     0.999994     14082642    163840.00
       25.34     0.999994     14082642    174762.67
       25.34     0.999995     14082642    187245.71
       25.47     0.999995     14082657    201649.23
       25.47     0.999995     14082657    218453.33
       25.47     0.999996     14082657    238312.73
       37.38     0.999996     14082709    262144.00
       37.38     0.999996     14082709    275941.05
       37.38     0.999997     14082709    291271.11
       37.38     0.999997     14082709    308404.71
       37.38     0.999997     14082709    327680.00
       37.38     0.999997     14082709    349525.33
       37.38     0.999997     14082709    374491.43
       37.38     0.999998     14082709    403298.46
       37.38     0.999998     14082709    436906.67
       37.38     0.999998     14082709    476625.45
       37.38     0.999998     14082709    524288.00
       37.38     0.999998     14082709    551882.11
       37.38     0.999998     14082709    582542.22
       37.38     0.999998     14082709    616809.41
       37.38     0.999998     14082709    655360.00
       37.38     0.999999     14082709    699050.67
       37.38     0.999999     14082709    748982.86
       37.38     0.999999     14082709    806596.92
       37.38     0.999999     14082709    873813.33
       37.38     0.999999     14082709    953250.91
       37.38     0.999999     14082709   1048576.00
       37.38     0.999999     14082709   1103764.21
       37.38     0.999999     14082709   1165084.44
       37.38     0.999999     14082709   1233618.82
       37.38     0.999999     14082709   1310720.00
       37.38     0.999999     14082709   1398101.33
       37.38     0.999999     14082709   1497965.71
       37.38     0.999999     14082709   1613193.85
       37.38     0.999999     14082709   1747626.67
       37.38     0.999999     14082709   1906501.82
       37.38     1.000000     14082709   2097152.00
       37.38     1.000000     14082709   2207528.42
       37.38     1.000000     14082709   2330168.89
       37.38     1.000000     14082709   2467237.65
       37.38     1.000000     14082709   2621440.00
       37.38     1.000000     14082709   2796202.67
       37.38     1.000000     14082709   2995931.43
       37.38     1.000000     14082709   3226387.69
       37.38     1.000000     14082709   3495253.33
       38.40     1.000000     14082711   3813003.64
       38.40     1.000000     14082711   4194304.00
       38.40     1.000000     14082711   4415056.84
       38.40     1.000000     14082711   4660337.78
       38.40     1.000000     14082711   4934475.29
       38.40     1.000000     14082711   5242880.00
       38.40     1.000000     14082711   5592405.33
       38.40     1.000000     14082711   5991862.86
       38.40     1.000000     14082711   6452775.39
       38.40     1.000000     14082711   6990506.67
       62.72     1.000000     14082713   7626007.28
       62.72     1.000000     14082713          inf
#[Mean    =        0.840, StdDeviation   =        0.235]
#[Max     =       62.719, Total count    =     14082713]
#[Buckets =           20, SubBuckets     =          256]
