ping
calls
1
histogram_usec
16
1
setex
calls
14083349
histogram_usec
1
5335929
2
11688540
4
13926104
8
14066338
16
14079072
33
14082974
66
14083327
132
14083342
264
14083344
528
14083347
1056
14083348
2113
14083349
get
calls
14083299
histogram_usec
1
9879095
2
13784194
4
14073350
8
14081820
16
14082920
33
14083284
66
14083298
132
14083299
info
calls
2
histogram_usec
264
2
dbsize
calls
1
histogram_usec
1
1
latency|latest
calls
2
histogram_usec
4
1
8
2
latency|histogram
calls
1
histogram_usec
132
1
