       Value   Percentile   TotalCount 1/(1-Percentile)

        0.33     0.000000            2         1.00
        1.88     0.050000      5844349         1.05
        1.92     0.100000     12130665         1.11
        1.94     0.150000     17303510         1.18
        1.97     0.200000     23317381         1.25
        1.99     0.250000     29775182         1.33
        2.01     0.300000     34101206         1.43
        2.03     0.350000     40292668         1.54
        2.06     0.400000     47460289         1.67
        2.08     0.450000     50429834         1.82
        2.13     0.500000     56819265         2.00
        2.16     0.525000     59302443         2.11
        2.21     0.550000     61329050         2.22
        2.90     0.575000     63948817         2.35
        3.04     0.600000     67127936         2.50
        3.10     0.625000     69873545         2.67
        3.15     0.650000     72599999         2.86
        3.20     0.675000     75894750         3.08
        3.23     0.700000     78374364         3.33
        3.26     0.725000     81041787         3.64
        3.29     0.750000     83802919         4.00
        3.31     0.762500     85187336         4.21
        3.33     0.775000     86557510         4.44
        3.34     0.787500     87893565         4.71
        3.36     0.800000     89183874         5.00
        3.38     0.812500     90406979         5.33
        3.41     0.825000     92640640         5.71
        3.42     0.837500     93639467         6.15
        3.44     0.850000     94568530         6.67
        3.47     0.862500     96249958         7.27
        3.50     0.875000     97824413         8.00
        3.52     0.881250     98611480         8.42
        3.54     0.887500     99415574         8.89
        3.54     0.893750     99415574         9.41
        3.55     0.900000    100239934        10.00
        3.57     0.906250    101085884        10.67
        3.58     0.912500    101948829        11.43
        3.60     0.918750    102821248        12.31
        3.62     0.925000    103681592        13.33
        3.62     0.931250    103681592        14.55
        3.63     0.937500    104516155        16.00
        3.65     0.940625    105309064        16.84
        3.65     0.943750    105309064        17.78
        3.65     0.946875    105309064        18.82
        3.66     0.950000    106043012        20.00
        3.66     0.953125    106043012        21.33
        3.68     0.956250    106710443        22.86
        3.68     0.959375    106710443        24.62
        3.69     0.962500    107301714        26.67
        3.71     0.965625    107821163        29.09
        3.71     0.968750    107821163        32.00
        3.73     0.970313    108270659        33.68
        3.73     0.971875    108270659        35.56
        3.73     0.973437    108270659        37.65
        3.74     0.975000    108652235        40.00
        3.74     0.976562    108652235        42.67
        3.76     0.978125    108972542        45.71
        3.76     0.979688    108972542        49.23
        3.77     0.981250    109242977        53.33
        3.79     0.982812    109469377        58.18
        3.79     0.984375    109469377        64.00
        3.81     0.985156    109662497        67.37
        3.81     0.985938    109662497        71.11
        3.82     0.986719    109830645        75.29
        3.82     0.987500    109830645        80.00
        3.84     0.988281    109980090        85.33
        3.84     0.989062    109980090        91.43
        3.85     0.989844    110112573        98.46
        3.87     0.990625    110235973       106.67
        3.87     0.991406    110235973       116.36
        3.89     0.992188    110348916       128.00
        3.89     0.992578    110348916       134.74
        3.90     0.992969    110450283       142.22
        3.90     0.993359    110450283       150.59
        3.92     0.993750    110544999       160.00
        3.92     0.994141    110544999       170.67
        3.94     0.994531    110631078       182.86
        3.94     0.994922    110631078       196.92
        3.95     0.995313    110708881       213.33
        3.95     0.995703    110708881       232.73
        3.97     0.996094    110777312       256.00
        3.97     0.996289    110777312       269.47
        3.98     0.996484    110837579       284.44
        3.98     0.996680    110837579       301.18
        3.98     0.996875    110837579       320.00
        4.00     0.997070    110891746       341.33
        4.00     0.997266    110891746       365.71
        4.00     0.997461    110891746       393.85
        4.01     0.997656    110936129       426.67
        4.01     0.997852    110936129       465.45
        4.03     0.998047    110972817       512.00
        4.03     0.998145    110972817       538.95
        4.05     0.998242    111003716       568.89
        4.05     0.998340    111003716       602.35
        4.05     0.998437    111003716       640.00
        4.06     0.998535    111028838       682.67
        4.06     0.998633    111028838       731.43
        4.08     0.998730    111050238       787.69
        4.08     0.998828    111050238       853.33
        4.09     0.998926    111067570       930.91
        4.09     0.999023    111067570      1024.00
        4.09     0.999072    111067570      1077.89
        4.13     0.999121    111092079      1137.78
        4.13     0.999170    111092079      1204.71
        4.13     0.999219    111092079      1280.00
        4.13     0.999268    111092079      1365.33
        4.16     0.999316    111108794      1462.86
        4.16     0.999365    111108794      1575.38
        4.16     0.999414    111108794      1706.67
        4.19     0.999463    111120308      1861.82
        4.19     0.999512    111120308      2048.00
        4.19     0.999536    111120308      2155.79
        4.22     0.999561    111128263      2275.56
        4.22     0.999585    111128263      2409.41
        4.22     0.999609    111128263      2560.00
        4.25     0.999634    111133706      2730.67
        4.25     0.999658    111133706      2925.71
        4.29     0.999683    111138219      3150.77
        4.29     0.999707    111138219      3413.33
        4.32     0.999731    111141956      3723.64
        4.35     0.999756    111144894      4096.00
        4.35     0.999768    111144894      4311.58
        4.38     0.999780    111147589      4551.11
        4.38     0.999792    111147589      4818.82
        4.42     0.999805    111149995      5120.00
        4.42     0.999817    111149995      5461.33
        4.45     0.999829    111152199      5851.43
        4.48     0.999841    111154065      6301.54
        4.48     0.999854    111154065      6826.67
        4.51     0.999866    111155974      7447.27
        4.54     0.999878    111157429      8192.00
        4.54     0.999884    111157429      8623.16
        4.58     0.999890    111158743      9102.22
        4.58     0.999896    111158743      9637.65
        4.61     0.999902    111160068     10240.00
        4.61     0.999908    111160068     10922.67
        4.64     0.999915    111161380     11702.86
        4.64     0.999921    111161380     12603.08
        4.67     0.999927    111162408     13653.33
        4.70     0.999933    111163289     14894.55
        4.74     0.999939    111164214     16384.00
        4.74     0.999942    111164214     17246.32
        4.74     0.999945    111164214     18204.44
        4.77     0.999948    111165119     19275.29
        4.77     0.999951    111165119     20480.00
        4.77     0.999954    111165119     21845.33
        4.80     0.999957    111165778     23405.71
        4.80     0.999960    111165778     25206.15
        4.83     0.999963    111166432     27306.67
        4.86     0.999966    111166856     29789.09
        4.86     0.999969    111166856     32768.00
        4.89     0.999971    111167193     34492.63
        4.89     0.999973    111167193     36408.89
        4.93     0.999974    111167606     38550.59
        4.93     0.999976    111167606     40960.00
        4.96     0.999977    111167904     43690.67
        4.96     0.999979    111167904     46811.43
        4.99     0.999980    111168200     50412.31
        4.99     0.999982    111168200     54613.33
        5.02     0.999983    111168434     59578.18
        5.05     0.999985    111168650     65536.00
        5.05     0.999986    111168650     68985.26
        5.05     0.999986    111168650     72817.78
        5.09     0.999987    111168846     77101.18
        5.09     0.999988    111168846     81920.00
        5.12     0.999989    111168990     87381.33
        5.12     0.999989    111168990     93622.86
        5.15     0.999990    111169142    100824.62
        5.18     0.999991    111169266    109226.67
        5.18     0.999992    111169266    119156.36
        5.21     0.999992    111169372    131072.00
        5.21     0.999993    111169372    137970.53
        5.25     0.999993    111169518    145635.56
        5.25     0.999994    111169518    154202.35
        5.25     0.999994    111169518    163840.00
        5.28     0.999994    111169612    174762.67
        5.28     0.999995    111169612    187245.71
        5.31     0.999995    111169691    201649.23
        5.31     0.999995    111169691    218453.33
        5.34     0.999996    111169745    238312.73
        5.34     0.999996    111169745    262144.00
        5.38     0.999996    111169841    275941.05
        5.38     0.999997    111169841    291271.11
        5.38     0.999997    111169841    308404.71
        5.38     0.999997    111169841    327680.00
        5.41     0.999997    111169894    349525.33
        5.41     0.999997    111169894    374491.43
        5.41     0.999998    111169894    403298.46
        5.44     0.999998    111169946    436906.67
        5.44     0.999998    111169946    476625.45
        5.47     0.999998    111169964    524288.00
        5.50     0.999998    111169994    551882.11
        5.50     0.999998    111169994    582542.22
        5.50     0.999998    111169994    616809.41
        5.54     0.999998    111170018    655360.00
        5.54     0.999999    111170018    699050.67
        5.57     0.999999    111170048    748982.86
        5.57     0.999999    111170048    806596.92
        5.57     0.999999    111170048    873813.33
        5.60     0.999999    111170062    953250.91
        5.60     0.999999    111170062   1048576.00
        5.63     0.999999    111170098   1103764.21
        5.63     0.999999    111170098   1165084.44
        5.63     0.999999    111170098   1233618.82
        5.63     0.999999    111170098   1310720.00
        5.63     0.999999    111170098   1398101.33
        5.63     0.999999    111170098   1497965.71
        5.66     0.999999    111170140   1613193.85
        5.66     0.999999    111170140   1747626.67
        5.66     0.999999    111170140   1906501.82
        5.66     1.000000    111170140   2097152.00
        5.66     1.000000    111170140   2207528.42
        5.66     1.000000    111170140   2330168.89
        5.66     1.000000    111170140   2467237.65
        5.66     1.000000    111170140   2621440.00
        5.66     1.000000    111170140   2796202.67
        5.66     1.000000    111170140   2995931.43
        5.66     1.000000    111170140   3226387.69
        5.66     1.000000    111170140   3495253.33
        5.66     1.000000    111170140   3813003.64
        5.70     1.000000    111170150   4194304.00
        5.70     1.000000    111170150   4415056.84
        5.70     1.000000    111170150   4660337.78
        5.70     1.000000    111170150   4934475.29
        5.70     1.000000    111170150   5242880.00
        5.70     1.000000    111170150   5592405.33
        5.70     1.000000    111170150   5991862.86
        5.73     1.000000    111170158   6452775.39
        5.73     1.000000    111170158   6990506.67
        5.73     1.000000    111170158   7626007.28
        5.73     1.000000    111170158   8388608.00
        5.73     1.000000    111170158   8830113.68
        5.73     1.000000    111170158   9320675.55
        5.73     1.000000    111170158   9868950.59
        5.73     1.000000    111170158  10485760.00
        5.76     1.000000    111170160  11184810.67
        5.76     1.000000    111170160  11983725.71
        5.76     1.000000    111170160  12905550.76
        5.79     1.000000    111170164  13981013.34
        5.79     1.000000    111170164  15252014.55
        5.79     1.000000    111170164  16777216.00
        5.79     1.000000    111170164  17660227.38
        5.79     1.000000    111170164  18641351.10
        5.79     1.000000    111170164  19737901.19
        5.79     1.000000    111170164  20971519.98
        5.79     1.000000    111170164  22369621.33
        5.79     1.000000    111170164  23967451.45
        5.79     1.000000    111170164  25811101.52
        5.82     1.000000    111170166  27962026.68
        5.82     1.000000    111170166  30504029.05
        5.82     1.000000    111170166  33554432.00
        5.82     1.000000    111170166  35320454.76
        5.82     1.000000    111170166  37282702.28
        5.82     1.000000    111170166  39475802.28
        5.82     1.000000    111170166  41943039.96
        5.82     1.000000    111170166  44739242.67
        5.82     1.000000    111170166  47934902.91
        5.82     1.000000    111170166  51622203.20
        6.01     1.000000    111170168  55924053.19
        6.01     1.000000    111170168          inf
#[Mean    =        2.589, StdDeviation   =        0.693]
#[Max     =        6.015, Total count    =    111170168]
#[Buckets =           20, SubBuckets     =          256]
