       Value   Percentile   TotalCount 1/(1-Percentile)

        0.02     0.000000        15697         1.00
        0.35     0.050000      1714245         1.05
        0.59     0.100000      3430871         1.11
        0.69     0.150000      5640357         1.18
        0.70     0.200000      7927527         1.25
        0.71     0.250000      9651501         1.33
        0.72     0.300000     11835361         1.43
        0.73     0.350000     14482746         1.54
        0.73     0.400000     14482746         1.67
        0.73     0.450000     17519117         1.82
        0.73     0.500000     17519117         2.00
        0.74     0.525000     20773016         2.11
        0.74     0.550000     20773016         2.22
        0.74     0.575000     20773016         2.35
        0.74     0.600000     20773016         2.50
        0.75     0.625000     23844809         2.67
        0.75     0.650000     23844809         2.86
        0.75     0.675000     23844809         3.08
        0.75     0.700000     23844809         3.33
        0.76     0.725000     26240430         3.64
        0.76     0.750000     26240430         4.00
        0.76     0.762500     26240430         4.21
        0.76     0.775000     26240430         4.44
        0.77     0.787500     27783844         4.71
        0.77     0.800000     27783844         5.00
        0.77     0.812500     27783844         5.33
        0.78     0.825000     28649535         5.71
        0.78     0.837500     28649535         6.15
        0.78     0.850000     29112441         6.67
        0.79     0.862500     29400762         7.27
        0.80     0.875000     29629348         8.00
        0.81     0.881250     29857155         8.42
        0.81     0.887500     30095383         8.89
        0.82     0.893750     30350534         9.41
        0.83     0.900000     30629130        10.00
        0.84     0.906250     30925544        10.67
        0.84     0.912500     30925544        11.43
        0.85     0.918750     31222174        12.31
        0.85     0.925000     31509059        13.33
        0.85     0.931250     31509059        14.55
        0.86     0.937500     31758976        16.00
        0.87     0.940625     31964896        16.84
        0.87     0.943750     31964896        17.78
        0.88     0.946875     32124762        18.82
        0.89     0.950000     32247609        20.00
        0.89     0.953125     32247609        21.33
        0.90     0.956250     32339114        22.86
        0.91     0.959375     32461468        24.62
        0.94     0.962500     32587458        26.67
        0.95     0.965625     32658016        29.09
        0.98     0.968750     32780025        32.00
        1.00     0.970313     32833106        33.68
        1.01     0.971875     32884353        35.56
        1.03     0.973437     32926789        37.65
        1.06     0.975000     32977297        40.00
        1.14     0.976562     33025021        42.67
        1.24     0.978125     33080500        45.71
        1.34     0.979688     33136160        49.23
        1.38     0.981250     33191643        53.33
        1.41     0.982812     33244468        58.18
        1.42     0.984375     33289175        64.00
        1.44     0.985156     33343238        67.37
        1.44     0.985938     33343238        71.11
        1.45     0.986719     33373898        75.29
        1.46     0.987500     33406142        80.00
        1.46     0.988281     33440831        85.33
        1.47     0.989062     33477332        91.43
        1.47     0.989844     33477332        98.46
        1.48     0.990625     33515626       106.67
        1.49     0.991406     33554766       116.36
        1.49     0.992188     33554766       128.00
        1.50     0.992578     33592460       134.74
        1.50     0.992969     33592460       142.22
        1.50     0.993359     33626150       150.59
        1.50     0.993750     33626150       160.00
        1.50     0.994141     33626150       170.67
        1.51     0.994531     33655016       182.86
        1.51     0.994922     33655016       196.92
        1.52     0.995313     33678232       213.33
        1.52     0.995703     33678232       232.73
        1.53     0.996094     33696288       256.00
        1.53     0.996289     33696288       269.47
        1.53     0.996484     33710132       284.44
        1.53     0.996680     33710132       301.18
        1.54     0.996875     33720424       320.00
        1.54     0.997070     33720424       341.33
        1.55     0.997266     33728012       365.71
        1.56     0.997461     33733632       393.85
        1.57     0.997656     33741678       426.67
        1.58     0.997852     33744898       465.45
        1.61     0.998047     33754094       512.00
        1.61     0.998145     33757241       538.95
        1.62     0.998242     33760324       568.89
        1.63     0.998340     33763421       602.35
        1.64     0.998437     33766539       640.00
        1.65     0.998535     33769835       682.67
        1.66     0.998633     33773018       731.43
        1.66     0.998730     33776098       787.69
        1.67     0.998828     33779345       853.33
        1.68     0.998926     33782668       930.91
        1.69     0.999023     33785991      1024.00
        1.70     0.999072     33789305      1077.89
        1.70     0.999121     33789305      1137.78
        1.70     0.999170     33792583      1204.71
        1.70     0.999219     33792583      1280.00
        1.71     0.999268     33795615      1365.33
        1.71     0.999316     33795615      1462.86
        1.72     0.999365     33798384      1575.38
        1.72     0.999414     33798384      1706.67
        1.73     0.999463     33800778      1861.82
        1.74     0.999512     33802925      2048.00
        1.74     0.999536     33802925      2155.79
        1.74     0.999561     33802925      2275.56
        1.74     0.999585     33804762      2409.41
        1.74     0.999609     33804762      2560.00
        1.75     0.999634     33806293      2730.67
        1.75     0.999658     33806293      2925.71
        1.76     0.999683     33807543      3150.77
        1.76     0.999707     33807543      3413.33
        1.77     0.999731     33808600      3723.64
        1.77     0.999756     33809549      4096.00
        1.77     0.999768     33809549      4311.58
        1.78     0.999780     33810383      4551.11
        1.78     0.999792     33810383      4818.82
        1.79     0.999805     33811087      5120.00
        1.80     0.999817     33811633      5461.33
        1.80     0.999829     33811633      5851.43
        1.81     0.999841     33812121      6301.54
        1.81     0.999854     33812546      6826.67
        1.82     0.999866     33812947      7447.27
        1.83     0.999878     33813316      8192.00
        1.84     0.999884     33813669      8623.16
        1.85     0.999890     33813967      9102.22
        1.85     0.999896     33813967      9637.65
        1.85     0.999902     33814230     10240.00
        1.86     0.999908     33814483     10922.67
        1.87     0.999915     33814725     11702.86
        1.87     0.999921     33814725     12603.08
        1.88     0.999927     33814921     13653.33
        1.90     0.999933     33815292     14894.55
        1.90     0.999939     33815460     16384.00
        1.90     0.999942     33815460     17246.32
        1.91     0.999945     33815618     18204.44
        1.92     0.999948     33815750     19275.29
        1.92     0.999951     33815750     20480.00
        1.93     0.999954     33815871     21845.33
        1.94     0.999957     33815977     23405.71
        1.94     0.999960     33816060     25206.15
        1.96     0.999963     33816192     27306.67
        1.97     0.999966     33816250     29789.09
        1.99     0.999969     33816375     32768.00
        2.00     0.999971     33816421     34492.63
        2.01     0.999973     33816469     36408.89
        2.02     0.999974     33816554     38550.59
        2.03     0.999976     33816607     40960.00
        2.04     0.999977     33816652     43690.67
        2.05     0.999979     33816680     46811.43
        2.06     0.999980     33816718     50412.31
        2.11     0.999982     33816786     54613.33
        2.14     0.999983     33816828     59578.18
        2.19     0.999985     33816883     65536.00
        2.21     0.999986     33816900     68985.26
        2.24     0.999986     33816945     72817.78
        2.25     0.999987     33816967     77101.18
        2.27     0.999988     33816998     81920.00
        2.27     0.999989     33816998     87381.33
        2.30     0.999989     33817031     93622.86
        2.33     0.999990     33817055    100824.62
        2.37     0.999991     33817082    109226.67
        2.40     0.999992     33817106    119156.36
        2.45     0.999992     33817131    131072.00
        2.48     0.999993     33817143    137970.53
        2.51     0.999993     33817157    145635.56
        2.59     0.999994     33817166    154202.35
        2.78     0.999994     33817179    163840.00
       79.87     0.999994     33817221    174762.67
       79.87     0.999995     33817221    187245.71
       79.87     0.999995     33817221    201649.23
       80.38     0.999995     33817271    218453.33
       80.38     0.999996     33817271    238312.73
       80.38     0.999996     33817271    262144.00
       80.38     0.999996     33817271    275941.05
       80.38     0.999997     33817271    291271.11
       80.89     0.999997     33817283    308404.71
       80.89     0.999997     33817283    327680.00
      167.94     0.999997     33817381    349525.33
      167.94     0.999997     33817381    374491.43
      167.94     0.999998     33817381    403298.46
      167.94     0.999998     33817381    436906.67
      167.94     0.999998     33817381    476625.45
      167.94     0.999998     33817381    524288.00
      167.94     0.999998     33817381    551882.11
      167.94     0.999998     33817381    582542.22
      167.94     0.999998     33817381    616809.41
      167.94     0.999998     33817381    655360.00
      167.94     0.999999     33817381    699050.67
      167.94     0.999999     33817381    748982.86
      167.94     0.999999     33817381    806596.92
      167.94     0.999999     33817381    873813.33
      167.94     0.999999     33817381    953250.91
      167.94     0.999999     33817381   1048576.00
      167.94     0.999999     33817381   1103764.21
      167.94     0.999999     33817381   1165084.44
      167.94     0.999999     33817381   1233618.82
      167.94     0.999999     33817381   1310720.00
      167.94     0.999999     33817381   1398101.33
      167.94     0.999999     33817381   1497965.71
      167.94     0.999999     33817381   1613193.85
      167.94     0.999999     33817381   1747626.67
      167.94     0.999999     33817381   1906501.82
      167.94     1.000000     33817381   2097152.00
      167.94     1.000000     33817381   2207528.42
      167.94     1.000000     33817381   2330168.89
      167.94     1.000000     33817381   2467237.65
      167.94     1.000000     33817381   2621440.00
      167.94     1.000000     33817381   2796202.67
      167.94     1.000000     33817381   2995931.43
      167.94     1.000000     33817381   3226387.69
      167.94     1.000000     33817381   3495253.33
      167.94     1.000000     33817381   3813003.64
      167.94     1.000000     33817381   4194304.00
      167.94     1.000000     33817381   4415056.84
      167.94     1.000000     33817381   4660337.78
      167.94     1.000000     33817381   4934475.29
      167.94     1.000000     33817381   5242880.00
      167.94     1.000000     33817381   5592405.33
      167.94     1.000000     33817381   5991862.86
      167.94     1.000000     33817381   6452775.39
      167.94     1.000000     33817381   6990506.67
      167.94     1.000000     33817381   7626007.28
      167.94     1.000000     33817381   8388608.00
      168.96     1.000000     33817383   8830113.68
      168.96     1.000000     33817383   9320675.55
      168.96     1.000000     33817383   9868950.59
      168.96     1.000000     33817383  10485760.00
      168.96     1.000000     33817383  11184810.67
      168.96     1.000000     33817383  11983725.71
      168.96     1.000000     33817383  12905550.76
      168.96     1.000000     33817383  13981013.34
      168.96     1.000000     33817383  15252014.55
      168.96     1.000000     33817383  16777216.00
      169.98     1.000000     33817385  17660227.38
      169.98     1.000000     33817385          inf
#[Mean    =        0.722, StdDeviation   =        0.367]
#[Max     =      169.983, Total count    =     33817385]
#[Buckets =           20, SubBuckets     =          256]
