dbsize
calls
1
histogram_usec
2
1
info
calls
2
histogram_usec
264
2
setex
calls
14083175
histogram_usec
1
5173002
2
11594225
4
13916599
8
14065589
16
14078833
33
14082783
66
14083135
132
14083165
264
14083170
528
14083172
1056
14083174
8454
14083175
ping
calls
1
histogram_usec
8
1
get
calls
14083117
histogram_usec
1
9748989
2
13762304
4
14071985
8
14081466
16
14082698
33
14083084
66
14083101
132
14083111
264
14083113
528
14083116
1056
14083117
latency|latest
calls
2
histogram_usec
4
1
8
2
latency|histogram
calls
1
histogram_usec
132
1
