       Value   Percentile   TotalCount 1/(1-Percentile)

        0.02     0.000000          600         1.00
        0.34     0.050000       129446         1.05
        0.57     0.100000       259284         1.11
        0.66     0.150000       403670         1.18
        0.68     0.200000       564581         1.25
        0.69     0.250000       675479         1.33
        0.69     0.300000       809767         1.43
        0.70     0.350000       968684         1.54
        0.71     0.400000      1156166         1.67
        0.71     0.450000      1156166         1.82
        0.72     0.500000      1378486         2.00
        0.72     0.525000      1378486         2.11
        0.73     0.550000      1644078         2.22
        0.73     0.575000      1644078         2.35
        0.73     0.600000      1644078         2.50
        0.73     0.625000      1644078         2.67
        0.73     0.650000      1916902         2.86
        0.73     0.675000      1916902         3.08
        0.73     0.700000      1916902         3.33
        0.73     0.725000      1916902         3.64
        0.74     0.750000      2144673         4.00
        0.74     0.762500      2144673         4.21
        0.74     0.775000      2144673         4.44
        0.74     0.787500      2144673         4.71
        0.74     0.800000      2144673         5.00
        0.74     0.812500      2144673         5.33
        0.74     0.825000      2144673         5.71
        0.75     0.837500      2294354         6.15
        0.75     0.850000      2294354         6.67
        0.75     0.862500      2294354         7.27
        0.75     0.875000      2294354         8.00
        0.75     0.881250      2294354         8.42
        0.75     0.887500      2294354         8.89
        0.75     0.893750      2294354         9.41
        0.76     0.900000      2368874        10.00
        0.76     0.906250      2368874        10.67
        0.76     0.912500      2368874        11.43
        0.76     0.918750      2368874        12.31
        0.77     0.925000      2400655        13.33
        0.77     0.931250      2400655        14.55
        0.78     0.937500      2414207        16.00
        0.78     0.940625      2414207        16.84
        0.78     0.943750      2422313        17.78
        0.79     0.946875      2428929        18.82
        0.81     0.950000      2438784        20.00
        0.82     0.953125      2445846        21.33
        0.84     0.956250      2452876        22.86
        0.86     0.959375      2461524        24.62
        0.90     0.962500      2469219        26.67
        0.93     0.965625      2476943        29.09
        0.95     0.968750      2484235        32.00
        0.97     0.970313      2489013        33.68
        0.98     0.971875      2493264        35.56
        1.00     0.973437      2496678        37.65
        1.03     0.975000      2500012        40.00
        1.15     0.976562      2503860        42.67
        1.28     0.978125      2507831        45.71
        1.33     0.979688      2512455        49.23
        1.35     0.981250      2517056        53.33
        1.37     0.982812      2520539        58.18
        1.38     0.984375      2524607        64.00
        1.39     0.985156      2526870        67.37
        1.40     0.985938      2529245        71.11
        1.41     0.986719      2531831        75.29
        1.41     0.987500      2531831        80.00
        1.42     0.988281      2534630        85.33
        1.42     0.989062      2537743        91.43
        1.43     0.989844      2541346        98.46
        1.43     0.990625      2541346       106.67
        1.44     0.991406      2545274       116.36
        1.44     0.992188      2545274       128.00
        1.44     0.992578      2545274       134.74
        1.45     0.992969      2549489       142.22
        1.45     0.993359      2549489       150.59
        1.45     0.993750      2549489       160.00
        1.45     0.994141      2549489       170.67
        1.46     0.994531      2553306       182.86
        1.46     0.994922      2553306       196.92
        1.46     0.995313      2553306       213.33
        1.46     0.995703      2553306       232.73
        1.46     0.996094      2556444       256.00
        1.46     0.996289      2556444       269.47
        1.46     0.996484      2556444       284.44
        1.46     0.996680      2556444       301.18
        1.46     0.996875      2556444       320.00
        1.46     0.997070      2556444       341.33
        1.47     0.997266      2558809       365.71
        1.47     0.997461      2558809       393.85
        1.47     0.997656      2558809       426.67
        1.47     0.997852      2558809       465.45
        1.47     0.998047      2558809       512.00
        1.48     0.998145      2560437       538.95
        1.48     0.998242      2560437       568.89
        1.48     0.998340      2560437       602.35
        1.48     0.998437      2560437       640.00
        1.48     0.998535      2560437       682.67
        1.48     0.998633      2560437       731.43
        1.49     0.998730      2561453       787.69
        1.49     0.998828      2561453       853.33
        1.49     0.998926      2561453       930.91
        1.49     0.999023      2561453      1024.00
        1.49     0.999072      2561453      1077.89
        1.50     0.999121      2562080      1137.78
        1.50     0.999170      2562080      1204.71
        1.50     0.999219      2562080      1280.00
        1.50     0.999268      2562080      1365.33
        1.50     0.999316      2562080      1462.86
        1.50     0.999365      2562471      1575.38
        1.50     0.999414      2562471      1706.67
        1.50     0.999463      2562471      1861.82
        1.51     0.999512      2562701      2048.00
        1.51     0.999536      2562701      2155.79
        1.51     0.999561      2562701      2275.56
        1.52     0.999585      2562890      2409.41
        1.52     0.999609      2562890      2560.00
        1.52     0.999634      2562890      2730.67
        1.53     0.999658      2563025      2925.71
        1.53     0.999683      2563025      3150.77
        1.53     0.999707      2563146      3413.33
        1.53     0.999731      2563146      3723.64
        1.54     0.999756      2563257      4096.00
        1.54     0.999768      2563257      4311.58
        1.54     0.999780      2563257      4551.11
        1.55     0.999792      2563333      4818.82
        1.55     0.999805      2563333      5120.00
        1.55     0.999817      2563333      5461.33
        1.56     0.999829      2563404      5851.43
        1.56     0.999841      2563404      6301.54
        1.57     0.999854      2563479      6826.67
        1.57     0.999866      2563479      7447.27
        1.57     0.999878      2563555      8192.00
        1.57     0.999884      2563555      8623.16
        1.57     0.999890      2563555      9102.22
        1.57     0.999896      2563555      9637.65
        1.57     0.999902      2563555     10240.00
        1.58     0.999908      2563611     10922.67
        1.58     0.999915      2563611     11702.86
        1.58     0.999921      2563611     12603.08
        1.59     0.999927      2563652     13653.33
        1.59     0.999933      2563652     14894.55
        1.59     0.999939      2563652     16384.00
        1.59     0.999942      2563652     17246.32
        1.60     0.999945      2563676     18204.44
        1.60     0.999948      2563676     19275.29
        1.60     0.999951      2563676     20480.00
        1.61     0.999954      2563694     21845.33
        1.61     0.999957      2563694     23405.71
        1.61     0.999960      2563707     25206.15
        1.61     0.999963      2563707     27306.67
        1.62     0.999966      2563715     29789.09
        1.64     0.999969      2563723     32768.00
        1.66     0.999971      2563728     34492.63
        1.66     0.999973      2563731     36408.89
        1.67     0.999974      2563735     38550.59
        1.69     0.999976      2563739     40960.00
        1.70     0.999977      2563742     43690.67
        1.71     0.999979      2563746     46811.43
        1.74     0.999980      2563752     50412.31
        1.75     0.999982      2563754     54613.33
        1.77     0.999983      2563757     59578.18
        1.84     0.999985      2563761     65536.00
        1.87     0.999986      2563763     68985.26
        1.90     0.999986      2563765     72817.78
        1.93     0.999987      2563767     77101.18
        1.95     0.999988      2563769     81920.00
        2.02     0.999989      2563772     87381.33
        2.03     0.999989      2563773     93622.86
        2.04     0.999990      2563776    100824.62
        2.08     0.999991      2563779    109226.67
        2.08     0.999992      2563779    119156.36
        2.10     0.999992      2563781    131072.00
        2.11     0.999993      2563782    137970.53
        2.13     0.999993      2563784    145635.56
        2.13     0.999994      2563784    154202.35
        2.14     0.999994      2563786    163840.00
        2.14     0.999994      2563786    174762.67
        2.16     0.999995      2563788    187245.71
        2.16     0.999995      2563788    201649.23
        2.17     0.999995      2563791    218453.33
        2.17     0.999996      2563791    238312.73
        2.17     0.999996      2563791    262144.00
        2.17     0.999996      2563791    275941.05
        2.19     0.999997      2563792    291271.11
        2.19     0.999997      2563792    308404.71
        2.21     0.999997      2563795    327680.00
        2.21     0.999997      2563795    349525.33
        2.21     0.999997      2563795    374491.43
        2.21     0.999998      2563795    403298.46
        2.21     0.999998      2563795    436906.67
        2.21     0.999998      2563795    476625.45
        2.22     0.999998      2563796    524288.00
        2.22     0.999998      2563796    551882.11
        2.22     0.999998      2563796    582542.22
        2.22     0.999998      2563796    616809.41
        2.25     0.999998      2563797    655360.00
        2.25     0.999999      2563797    699050.67
        2.25     0.999999      2563797    748982.86
        2.25     0.999999      2563797    806596.92
        2.27     0.999999      2563799    873813.33
        2.27     0.999999      2563799    953250.91
        2.27     0.999999      2563799   1048576.00
        2.27     0.999999      2563799   1103764.21
        2.27     0.999999      2563799   1165084.44
        2.27     0.999999      2563799   1233618.82
        2.27     0.999999      2563799   1310720.00
        2.27     0.999999      2563799   1398101.33
        2.27     0.999999      2563799   1497965.71
        2.27     0.999999      2563799   1613193.85
        2.27     0.999999      2563799   1747626.67
        2.27     0.999999      2563799   1906501.82
        2.27     1.000000      2563799   2097152.00
        2.27     1.000000      2563799   2207528.42
        2.27     1.000000      2563799   2330168.89
        2.27     1.000000      2563799   2467237.65
        2.29     1.000000      2563800   2621440.00
        2.29     1.000000      2563800          inf
#[Mean    =        0.696, StdDeviation   =        0.174]
#[Max     =        2.287, Total count    =      2563800]
#[Buckets =           20, SubBuckets     =          256]
