       Value   Percentile   TotalCount 1/(1-Percentile)

        0.02     0.000000        11621         1.00
        0.34     0.050000      1297057         1.05
        0.58     0.100000      2625701         1.11
        0.67     0.150000      4264372         1.18
        0.68     0.200000      5155997         1.25
        0.69     0.250000      7915144         1.33
        0.69     0.300000      7915144         1.43
        0.70     0.350000      9846341         1.54
        0.71     0.400000     12133703         1.67
        0.71     0.450000     12133703         1.82
        0.72     0.500000     14825716         2.00
        0.72     0.525000     14825716         2.11
        0.72     0.550000     14825716         2.22
        0.72     0.575000     14825716         2.35
        0.73     0.600000     17875809         2.50
        0.73     0.625000     17875809         2.67
        0.73     0.650000     17875809         2.86
        0.73     0.675000     17875809         3.08
        0.73     0.700000     20769542         3.33
        0.73     0.725000     20769542         3.64
        0.73     0.750000     20769542         4.00
        0.73     0.762500     20769542         4.21
        0.73     0.775000     20769542         4.44
        0.73     0.787500     20769542         4.71
        0.73     0.800000     20769542         5.00
        0.74     0.812500     22677720         5.33
        0.74     0.825000     22677720         5.71
        0.74     0.837500     22677720         6.15
        0.74     0.850000     22677720         6.67
        0.74     0.862500     22677720         7.27
        0.74     0.875000     22677720         8.00
        0.74     0.881250     22677720         8.42
        0.75     0.887500     23631595         8.89
        0.75     0.893750     23631595         9.41
        0.75     0.900000     23631595        10.00
        0.75     0.906250     23631595        10.67
        0.75     0.912500     23631595        11.43
        0.75     0.918750     23631595        12.31
        0.76     0.925000     24039354        13.33
        0.76     0.931250     24039354        14.55
        0.76     0.937500     24039354        16.00
        0.77     0.940625     24217335        16.84
        0.77     0.943750     24217335        17.78
        0.78     0.946875     24311450        18.82
        0.78     0.950000     24377021        20.00
        0.80     0.953125     24469175        21.33
        0.81     0.956250     24534968        22.86
        0.83     0.959375     24598060        24.62
        0.85     0.962500     24698197        26.67
        0.88     0.965625     24763524        29.09
        0.92     0.968750     24841258        32.00
        0.94     0.970313     24879168        33.68
        0.95     0.971875     24917870        35.56
        0.97     0.973437     24971119        37.65
        0.99     0.975000     25000266        40.00
        1.03     0.976562     25039014        42.67
        1.17     0.978125     25078247        45.71
        1.30     0.979688     25120614        49.23
        1.34     0.981250     25161040        53.33
        1.37     0.982812     25203330        58.18
        1.38     0.984375     25238948        64.00
        1.39     0.985156     25259505        67.37
        1.40     0.985938     25282287        71.11
        1.41     0.986719     25306539        75.29
        1.42     0.987500     25332338        80.00
        1.42     0.988281     25359539        85.33
        1.42     0.989062     25359539        91.43
        1.43     0.989844     25388822        98.46
        1.44     0.990625     25419827       106.67
        1.44     0.991406     25419827       116.36
        1.45     0.992188     25452161       128.00
        1.45     0.992578     25452161       134.74
        1.46     0.992969     25485906       142.22
        1.46     0.993359     25485906       150.59
        1.46     0.993750     25485906       160.00
        1.46     0.994141     25518927       170.67
        1.46     0.994531     25518927       182.86
        1.46     0.994922     25518927       196.92
        1.46     0.995313     25518927       213.33
        1.47     0.995703     25549062       232.73
        1.47     0.996094     25549062       256.00
        1.47     0.996289     25549062       269.47
        1.47     0.996484     25549062       284.44
        1.48     0.996680     25574184       301.18
        1.48     0.996875     25574184       320.00
        1.48     0.997070     25574184       341.33
        1.48     0.997266     25574184       365.71
        1.48     0.997461     25574184       393.85
        1.49     0.997656     25593256       426.67
        1.49     0.997852     25593256       465.45
        1.49     0.998047     25593256       512.00
        1.49     0.998145     25593256       538.95
        1.49     0.998242     25593256       568.89
        1.50     0.998340     25606701       602.35
        1.50     0.998437     25606701       640.00
        1.50     0.998535     25606701       682.67
        1.50     0.998633     25606701       731.43
        1.50     0.998730     25606701       787.69
        1.50     0.998828     25615657       853.33
        1.50     0.998926     25615657       930.91
        1.50     0.999023     25615657      1024.00
        1.50     0.999072     25615657      1077.89
        1.50     0.999121     25615657      1137.78
        1.51     0.999170     25621297      1204.71
        1.51     0.999219     25621297      1280.00
        1.51     0.999268     25621297      1365.33
        1.51     0.999316     25621297      1462.86
        1.51     0.999365     25621297      1575.38
        1.52     0.999414     25624859      1706.67
        1.52     0.999463     25624859      1861.82
        1.53     0.999512     25627204      2048.00
        1.53     0.999536     25627204      2155.79
        1.53     0.999561     25627204      2275.56
        1.53     0.999585     25627204      2409.41
        1.53     0.999609     25628920      2560.00
        1.53     0.999634     25628920      2730.67
        1.53     0.999658     25628920      2925.71
        1.54     0.999683     25630190      3150.77
        1.54     0.999707     25630190      3413.33
        1.55     0.999731     25631237      3723.64
        1.55     0.999756     25631237      4096.00
        1.56     0.999768     25632105      4311.58
        1.56     0.999780     25632105      4551.11
        1.57     0.999792     25632818      4818.82
        1.57     0.999805     25632818      5120.00
        1.57     0.999817     25632818      5461.33
        1.57     0.999829     25633476      5851.43
        1.57     0.999841     25633476      6301.54
        1.58     0.999854     25634106      6826.67
        1.58     0.999866     25634106      7447.27
        1.59     0.999878     25634598      8192.00
        1.59     0.999884     25634598      8623.16
        1.60     0.999890     25635046      9102.22
        1.60     0.999896     25635046      9637.65
        1.60     0.999902     25635046     10240.00
        1.61     0.999908     25635389     10922.67
        1.61     0.999915     25635389     11702.86
        1.61     0.999921     25635655     12603.08
        1.61     0.999927     25635655     13653.33
        1.62     0.999933     25635850     14894.55
        1.63     0.999939     25636004     16384.00
        1.63     0.999942     25636004     17246.32
        1.64     0.999945     25636107     18204.44
        1.65     0.999948     25636174     19275.29
        1.66     0.999951     25636223     20480.00
        1.67     0.999954     25636286     21845.33
        1.69     0.999957     25636349     23405.71
        1.73     0.999960     25636431     25206.15
        1.77     0.999963     25636518     27306.67
        1.81     0.999966     25636592     29789.09
        1.86     0.999969     25636673     32768.00
        1.90     0.999971     25636704     34492.63
        1.94     0.999973     25636740     36408.89
        1.98     0.999974     25636779     38550.59
        2.02     0.999976     25636819     40960.00
        2.05     0.999977     25636854     43690.67
        2.08     0.999979     25636902     46811.43
        2.11     0.999980     25636936     50412.31
        2.14     0.999982     25637000     54613.33
        2.16     0.999983     25637022     59578.18
        2.19     0.999985     25637060     65536.00
        2.21     0.999986     25637078     68985.26
        2.22     0.999986     25637102     72817.78
        2.24     0.999987     25637125     77101.18
        2.25     0.999988     25637143     81920.00
        2.27     0.999989     25637159     87381.33
        2.29     0.999989     25637167     93622.86
        2.33     0.999990     25637197    100824.62
        2.37     0.999991     25637210    109226.67
        2.43     0.999992     25637228    119156.36
        2.56     0.999992     25637245    131072.00
        2.67     0.999993     25637255    137970.53
        2.77     0.999993     25637265    145635.56
        2.81     0.999994     25637275    154202.35
        2.88     0.999994     25637284    163840.00
        3.04     0.999994     25637294    174762.67
        3.15     0.999995     25637304    187245.71
        3.31     0.999995     25637313    201649.23
        3.57     0.999995     25637323    218453.33
        4.58     0.999996     25637333    238312.73
        4.77     0.999996     25637351    262144.00
        4.77     0.999996     25637351    275941.05
        4.80     0.999997     25637355    291271.11
        4.83     0.999997     25637359    308404.71
        5.09     0.999997     25637362    327680.00
        5.34     0.999997     25637367    349525.33
        5.60     0.999997     25637374    374491.43
        5.70     0.999998     25637378    403298.46
        5.82     0.999998     25637382    436906.67
        6.24     0.999998     25637387    476625.45
        6.43     0.999998     25637392    524288.00
        6.50     0.999998     25637395    551882.11
        6.53     0.999998     25637396    582542.22
        6.62     0.999998     25637400    616809.41
        7.07     0.999998     25637401    655360.00
        7.20     0.999999     25637404    699050.67
        7.26     0.999999     25637406    748982.86
        7.33     0.999999     25637410    806596.92
        7.36     0.999999     25637412    873813.33
        7.42     0.999999     25637414    953250.91
        7.46     0.999999     25637416   1048576.00
        7.49     0.999999     25637418   1103764.21
        7.49     0.999999     25637418   1165084.44
        7.58     0.999999     25637420   1233618.82
        7.65     0.999999     25637422   1310720.00
        7.65     0.999999     25637422   1398101.33
        7.71     0.999999     25637423   1497965.71
        7.81     0.999999     25637425   1613193.85
        7.84     0.999999     25637426   1747626.67
        7.87     0.999999     25637427   1906501.82
        7.93     1.000000     25637428   2097152.00
        7.97     1.000000     25637430   2207528.42
        7.97     1.000000     25637430   2330168.89
        7.97     1.000000     25637430   2467237.65
        8.00     1.000000     25637432   2621440.00
        8.00     1.000000     25637432   2796202.67
        8.00     1.000000     25637432   2995931.43
        8.06     1.000000     25637433   3226387.69
        8.06     1.000000     25637433   3495253.33
        8.10     1.000000     25637434   3813003.64
        8.10     1.000000     25637434   4194304.00
        8.16     1.000000     25637436   4415056.84
        8.16     1.000000     25637436   4660337.78
        8.16     1.000000     25637436   4934475.29
        8.16     1.000000     25637436   5242880.00
        8.16     1.000000     25637436   5592405.33
        8.16     1.000000     25637436   5991862.86
        8.19     1.000000     25637437   6452775.39
        8.19     1.000000     25637437   6990506.67
        8.19     1.000000     25637437   7626007.28
        8.19     1.000000     25637437   8388608.00
        8.26     1.000000     25637439   8830113.68
        8.26     1.000000     25637439   9320675.55
        8.26     1.000000     25637439   9868950.59
        8.26     1.000000     25637439  10485760.00
        8.26     1.000000     25637439  11184810.67
        8.26     1.000000     25637439  11983725.71
        8.26     1.000000     25637439  12905550.76
        8.26     1.000000     25637439  13981013.34
        8.26     1.000000     25637439  15252014.55
        8.26     1.000000     25637439  16777216.00
        8.26     1.000000     25637439  17660227.38
        8.26     1.000000     25637439  18641351.10
        8.26     1.000000     25637439  19737901.19
        8.26     1.000000     25637439  20971519.98
        8.26     1.000000     25637439  22369621.33
        8.26     1.000000     25637439  23967451.45
        8.32     1.000000     25637440  25811101.52
        8.32     1.000000     25637440          inf
#[Mean    =        0.694, StdDeviation   =        0.173]
#[Max     =        8.319, Total count    =     25637440]
#[Buckets =           20, SubBuckets     =          256]
