       Value   Percentile   TotalCount 1/(1-Percentile)

        0.02     0.000000        17251         1.00
        0.33     0.050000      1422347         1.05
        0.56     0.100000      2849740         1.11
        0.66     0.150000      4581183         1.18
        0.68     0.200000      6506983         1.25
        0.69     0.250000      7899770         1.33
        0.69     0.300000      9620986         1.43
        0.70     0.350000     11748578         1.54
        0.70     0.400000     11748578         1.67
        0.71     0.450000     14384596         1.82
        0.71     0.500000     14384596         2.00
        0.72     0.525000     17649467         2.11
        0.72     0.550000     17649467         2.22
        0.72     0.575000     17649467         2.35
        0.72     0.600000     17649467         2.50
        0.72     0.625000     17649467         2.67
        0.73     0.650000     21246177         2.86
        0.73     0.675000     21246177         3.08
        0.73     0.700000     21246177         3.33
        0.73     0.725000     21246177         3.64
        0.73     0.750000     21246177         4.00
        0.73     0.762500     24046964         4.21
        0.73     0.775000     24046964         4.44
        0.73     0.787500     24046964         4.71
        0.73     0.800000     24046964         5.00
        0.73     0.812500     24046964         5.33
        0.73     0.825000     24046964         5.71
        0.73     0.837500     24046964         6.15
        0.73     0.850000     24046964         6.67
        0.74     0.862500     25559092         7.27
        0.74     0.875000     25559092         8.00
        0.74     0.881250     25559092         8.42
        0.74     0.887500     25559092         8.89
        0.74     0.893750     25559092         9.41
        0.74     0.900000     25559092        10.00
        0.74     0.906250     25559092        10.67
        0.75     0.912500     26239793        11.43
        0.75     0.918750     26239793        12.31
        0.75     0.925000     26239793        13.33
        0.76     0.931250     26552761        14.55
        0.76     0.937500     26552761        16.00
        0.76     0.940625     26552761        16.84
        0.77     0.943750     26704293        17.78
        0.77     0.946875     26704293        18.82
        0.78     0.950000     26856150        20.00
        0.79     0.953125     26909047        21.33
        0.81     0.956250     26983316        22.86
        0.83     0.959375     27075235        24.62
        0.85     0.962500     27154129        26.67
        0.87     0.965625     27242206        29.09
        0.91     0.968750     27325788        32.00
        0.93     0.970313     27364697        33.68
        0.95     0.971875     27424307        35.56
        0.97     0.973437     27460769        37.65
        0.99     0.975000     27507350        40.00
        1.02     0.976562     27541654        42.67
        1.15     0.978125     27585629        45.71
        1.29     0.979688     27631664        49.23
        1.33     0.981250     27683417        53.33
        1.36     0.982812     27728494        58.18
        1.38     0.984375     27764723        64.00
        1.38     0.985156     27785352        67.37
        1.39     0.985938     27808167        71.11
        1.40     0.986719     27832996        75.29
        1.41     0.987500     27859821        80.00
        1.42     0.988281     27889293        85.33
        1.42     0.989062     27921388        91.43
        1.42     0.989844     27921388        98.46
        1.43     0.990625     27956206       106.67
        1.44     0.991406     27993901       116.36
        1.44     0.992188     27993901       128.00
        1.44     0.992578     27993901       134.74
        1.45     0.992969     28034059       142.22
        1.45     0.993359     28034059       150.59
        1.45     0.993750     28034059       160.00
        1.46     0.994141     28073808       170.67
        1.46     0.994531     28073808       182.86
        1.46     0.994922     28073808       196.92
        1.46     0.995313     28073808       213.33
        1.46     0.995703     28109147       232.73
        1.46     0.996094     28109147       256.00
        1.46     0.996289     28109147       269.47
        1.46     0.996484     28109147       284.44
        1.46     0.996680     28109147       301.18
        1.47     0.996875     28137293       320.00
        1.47     0.997070     28137293       341.33
        1.47     0.997266     28137293       365.71
        1.47     0.997461     28137293       393.85
        1.47     0.997656     28137293       426.67
        1.48     0.997852     28157493       465.45
        1.48     0.998047     28157493       512.00
        1.48     0.998145     28157493       538.95
        1.48     0.998242     28157493       568.89
        1.48     0.998340     28157493       602.35
        1.49     0.998437     28170975       640.00
        1.49     0.998535     28170975       682.67
        1.49     0.998633     28170975       731.43
        1.49     0.998730     28170975       787.69
        1.49     0.998828     28170975       853.33
        1.50     0.998926     28179662       930.91
        1.50     0.999023     28179662      1024.00
        1.50     0.999072     28179662      1077.89
        1.50     0.999121     28179662      1137.78
        1.50     0.999170     28179662      1204.71
        1.50     0.999219     28184883      1280.00
        1.50     0.999268     28184883      1365.33
        1.50     0.999316     28184883      1462.86
        1.50     0.999365     28184883      1575.38
        1.51     0.999414     28188187      1706.67
        1.51     0.999463     28188187      1861.82
        1.51     0.999512     28188187      2048.00
        1.52     0.999536     28190416      2155.79
        1.52     0.999561     28190416      2275.56
        1.52     0.999585     28190416      2409.41
        1.53     0.999609     28191955      2560.00
        1.53     0.999634     28191955      2730.67
        1.53     0.999658     28193194      2925.71
        1.53     0.999683     28193194      3150.77
        1.54     0.999707     28194314      3413.33
        1.54     0.999731     28194314      3723.64
        1.55     0.999756     28195256      4096.00
        1.55     0.999768     28195256      4311.58
        1.56     0.999780     28196090      4551.11
        1.56     0.999792     28196090      4818.82
        1.57     0.999805     28196841      5120.00
        1.57     0.999817     28196841      5461.33
        1.57     0.999829     28197528      5851.43
        1.57     0.999841     28197528      6301.54
        1.58     0.999854     28198189      6826.67
        1.58     0.999866     28198189      7447.27
        1.59     0.999878     28198745      8192.00
        1.59     0.999884     28198745      8623.16
        1.59     0.999890     28198745      9102.22
        1.60     0.999896     28199198      9637.65
        1.60     0.999902     28199198     10240.00
        1.60     0.999908     28199198     10922.67
        1.61     0.999915     28199525     11702.86
        1.61     0.999921     28199525     12603.08
        1.61     0.999927     28199753     13653.33
        1.62     0.999933     28199913     14894.55
        1.63     0.999939     28200021     16384.00
        1.64     0.999942     28200134     17246.32
        1.65     0.999945     28200213     18204.44
        1.66     0.999948     28200268     19275.29
        1.67     0.999951     28200361     20480.00
        1.69     0.999954     28200442     21845.33
        1.70     0.999957     28200504     23405.71
        1.73     0.999960     28200599     25206.15
        1.76     0.999963     28200692     27306.67
        1.78     0.999966     28200755     29789.09
        1.84     0.999969     28200855     32768.00
        1.87     0.999971     28200890     34492.63
        1.90     0.999973     28200933     36408.89
        1.94     0.999974     28200974     38550.59
        1.97     0.999976     28201023     40960.00
        2.00     0.999977     28201070     43690.67
        2.02     0.999979     28201104     46811.43
        2.04     0.999980     28201152     50412.31
        2.06     0.999982     28201210     54613.33
        2.08     0.999983     28201235     59578.18
        2.10     0.999985     28201272     65536.00
        2.11     0.999986     28201301     68985.26
        2.13     0.999986     28201332     72817.78
        2.14     0.999987     28201351     77101.18
        2.16     0.999988     28201386     81920.00
        2.16     0.999989     28201386     87381.33
        2.17     0.999989     28201410     93622.86
        2.19     0.999990     28201441    100824.62
        2.21     0.999991     28201477    109226.67
        2.21     0.999992     28201477    119156.36
        2.22     0.999992     28201503    131072.00
        2.22     0.999993     28201503    137970.53
        2.24     0.999993     28201527    145635.56
        2.24     0.999994     28201527    154202.35
        2.25     0.999994     28201549    163840.00
        2.25     0.999994     28201549    174762.67
        2.27     0.999995     28201571    187245.71
        2.27     0.999995     28201571    201649.23
        2.29     0.999995     28201582    218453.33
        2.30     0.999996     28201589    238312.73
        2.33     0.999996     28201596    262144.00
        2.35     0.999996     28201599    275941.05
        2.37     0.999997     28201605    291271.11
        2.38     0.999997     28201610    308404.71
        2.42     0.999997     28201617    327680.00
        2.43     0.999997     28201623    349525.33
        2.45     0.999997     28201626    374491.43
        2.50     0.999998     28201634    403298.46
        2.51     0.999998     28201638    436906.67
        2.54     0.999998     28201643    476625.45
        2.58     0.999998     28201648    524288.00
        2.59     0.999998     28201650    551882.11
        2.62     0.999998     28201654    582542.22
        2.64     0.999998     28201659    616809.41
        2.64     0.999998     28201659    655360.00
        2.65     0.999999     28201662    699050.67
        2.67     0.999999     28201667    748982.86
        2.67     0.999999     28201667    806596.92
        2.69     0.999999     28201669    873813.33
        2.70     0.999999     28201673    953250.91
        2.73     0.999999     28201678   1048576.00
        2.73     0.999999     28201678   1103764.21
        2.73     0.999999     28201678   1165084.44
        2.75     0.999999     28201679   1233618.82
        2.77     0.999999     28201681   1310720.00
        2.77     0.999999     28201681   1398101.33
        2.80     0.999999     28201684   1497965.71
        2.80     0.999999     28201684   1613193.85
        2.83     0.999999     28201686   1747626.67
        2.85     0.999999     28201687   1906501.82
        2.86     1.000000     28201689   2097152.00
        2.86     1.000000     28201689   2207528.42
        2.86     1.000000     28201689   2330168.89
        2.88     1.000000     28201691   2467237.65
        2.88     1.000000     28201691   2621440.00
        2.88     1.000000     28201691   2796202.67
        2.90     1.000000     28201693   2995931.43
        2.90     1.000000     28201693   3226387.69
        2.90     1.000000     28201693   3495253.33
        2.91     1.000000     28201694   3813003.64
        2.96     1.000000     28201695   4194304.00
        2.96     1.000000     28201695   4415056.84
        2.96     1.000000     28201695   4660337.78
        3.02     1.000000     28201696   4934475.29
        3.02     1.000000     28201696   5242880.00
        3.02     1.000000     28201696   5592405.33
        3.13     1.000000     28201697   5991862.86
        3.13     1.000000     28201697   6452775.39
        3.13     1.000000     28201697   6990506.67
        3.28     1.000000     28201698   7626007.28
        3.28     1.000000     28201698   8388608.00
        3.28     1.000000     28201698   8830113.68
        3.28     1.000000     28201698   9320675.55
        3.42     1.000000     28201699   9868950.59
        3.42     1.000000     28201699  10485760.00
        3.42     1.000000     28201699  11184810.67
        3.42     1.000000     28201699  11983725.71
        3.42     1.000000     28201699  12905550.76
        3.42     1.000000     28201699  13981013.34
        3.47     1.000000     28201700  15252014.55
        3.47     1.000000     28201700  16777216.00
        3.47     1.000000     28201700  17660227.38
        3.47     1.000000     28201700  18641351.10
        3.47     1.000000     28201700  19737901.19
        3.47     1.000000     28201700  20971519.98
        3.47     1.000000     28201700  22369621.33
        3.47     1.000000     28201700  23967451.45
        3.47     1.000000     28201700  25811101.52
        3.47     1.000000     28201700  27962026.68
        3.62     1.000000     28201701  30504029.05
        3.62     1.000000     28201701          inf
#[Mean    =        0.688, StdDeviation   =        0.173]
#[Max     =        3.615, Total count    =     28201701]
#[Buckets =           20, SubBuckets     =          256]
