get
calls
16907245
histogram_usec
1
12549173
2
16793850
4
16901455
8
16906027
16
16906820
33
16907220
66
16907238
132
16907239
264
16907241
528
16907245
ping
calls
1
histogram_usec
16
1
latency|histogram
calls
1
histogram_usec
132
1
latency|latest
calls
2
histogram_usec
4
2
info
calls
23
histogram_usec
33
21
264
23
set
calls
16907297
histogram_usec
1
13030645
2
16702610
4
16894929
8
16904997
16
16906848
33
16907279
66
16907291
264
16907293
528
16907297
dbsize
calls
1
histogram_usec
1
1
bgsave
calls
2
histogram_usec
135266
1
270532
2
