       Value   Percentile   TotalCount 1/(1-Percentile)

        0.10     0.000000            1         1.00
        0.69     0.050000      2502236         1.05
        0.69     0.100000      2502236         1.11
        0.70     0.150000      6360329         1.18
        0.70     0.200000      6360329         1.25
        0.70     0.250000      6360329         1.33
        0.71     0.300000     11407499         1.43
        0.71     0.350000     11407499         1.54
        0.71     0.400000     11407499         1.67
        0.71     0.450000     11407499         1.82
        0.72     0.500000     16067719         2.00
        0.72     0.525000     16067719         2.11
        0.72     0.550000     16067719         2.22
        0.72     0.575000     16067719         2.35
        0.72     0.600000     16067719         2.50
        0.72     0.625000     16067719         2.67
        0.72     0.650000     16067719         2.86
        0.73     0.675000     19755605         3.08
        0.73     0.700000     19755605         3.33
        0.73     0.725000     19755605         3.64
        0.73     0.750000     19755605         4.00
        0.73     0.762500     19755605         4.21
        0.73     0.775000     19755605         4.44
        0.73     0.787500     19755605         4.71
        0.73     0.800000     19755605         5.00
        0.73     0.812500     22026616         5.33
        0.73     0.825000     22026616         5.71
        0.73     0.837500     22026616         6.15
        0.73     0.850000     22026616         6.67
        0.73     0.862500     22026616         7.27
        0.73     0.875000     22026616         8.00
        0.73     0.881250     22026616         8.42
        0.73     0.887500     22026616         8.89
        0.73     0.893750     22026616         9.41
        0.74     0.900000     22989860        10.00
        0.74     0.906250     22989860        10.67
        0.74     0.912500     22989860        11.43
        0.74     0.918750     22989860        12.31
        0.74     0.925000     22989860        13.33
        0.74     0.931250     22989860        14.55
        0.75     0.937500     23357709        16.00
        0.75     0.940625     23357709        16.84
        0.75     0.943750     23357709        17.78
        0.75     0.946875     23357709        18.82
        0.76     0.950000     23514130        20.00
        0.76     0.953125     23514130        21.33
        0.77     0.956250     23610011        22.86
        0.77     0.959375     23610011        24.62
        0.78     0.962500     23674564        26.67
        0.79     0.965625     23750810        29.09
        0.83     0.968750     23853762        32.00
        0.84     0.970313     23891284        33.68
        0.85     0.971875     23922873        35.56
        0.85     0.973437     23944635        37.65
        0.94     0.975000     23977093        40.00
        1.01     0.976562     24015052        42.67
        1.38     0.978125     24070631        45.71
        1.39     0.979688     24099348        49.23
        1.40     0.981250     24140975        53.33
        1.41     0.982812     24193396        58.18
        1.42     0.984375     24252536        64.00
        1.42     0.985156     24252536        67.37
        1.42     0.985938     24252536        71.11
        1.42     0.986719     24311497        75.29
        1.42     0.987500     24311497        80.00
        1.42     0.988281     24311497        85.33
        1.43     0.989062     24366593        91.43
        1.43     0.989844     24366593        98.46
        1.43     0.990625     24366593       106.67
        1.44     0.991406     24416770       116.36
        1.44     0.992188     24416770       128.00
        1.44     0.992578     24416770       134.74
        1.45     0.992969     24460735       142.22
        1.45     0.993359     24460735       150.59
        1.45     0.993750     24460735       160.00
        1.45     0.994141     24460735       170.67
        1.45     0.994531     24460735       182.86
        1.46     0.994922     24498468       196.92
        1.46     0.995313     24498468       213.33
        1.46     0.995703     24498468       232.73
        1.46     0.996094     24498468       256.00
        1.46     0.996289     24528112       269.47
        1.46     0.996484     24528112       284.44
        1.46     0.996680     24528112       301.18
        1.46     0.996875     24528112       320.00
        1.46     0.997070     24528112       341.33
        1.46     0.997266     24528112       365.71
        1.47     0.997461     24548698       393.85
        1.47     0.997656     24548698       426.67
        1.47     0.997852     24548698       465.45
        1.47     0.998047     24548698       512.00
        1.47     0.998145     24548698       538.95
        1.47     0.998242     24548698       568.89
        1.48     0.998340     24561637       602.35
        1.48     0.998437     24561637       640.00
        1.48     0.998535     24561637       682.67
        1.48     0.998633     24561637       731.43
        1.48     0.998730     24561637       787.69
        1.49     0.998828     24569352       853.33
        1.49     0.998926     24569352       930.91
        1.49     0.999023     24569352      1024.00
        1.49     0.999072     24569352      1077.89
        1.49     0.999121     24569352      1137.78
        1.50     0.999170     24573816      1204.71
        1.50     0.999219     24573816      1280.00
        1.50     0.999268     24573816      1365.33
        1.50     0.999316     24576613      1462.86
        1.50     0.999365     24576613      1575.38
        1.50     0.999414     24576613      1706.67
        1.51     0.999463     24578624      1861.82
        1.52     0.999512     24580249      2048.00
        1.52     0.999536     24580249      2155.79
        1.52     0.999561     24580249      2275.56
        1.53     0.999585     24581744      2409.41
        1.53     0.999609     24581744      2560.00
        1.53     0.999634     24581744      2730.67
        1.53     0.999658     24583102      2925.71
        1.53     0.999683     24583102      3150.77
        1.54     0.999707     24584353      3413.33
        1.54     0.999731     24584353      3723.64
        1.55     0.999756     24585491      4096.00
        1.55     0.999768     24585491      4311.58
        1.55     0.999780     24585491      4551.11
        1.56     0.999792     24586506      4818.82
        1.56     0.999805     24586506      5120.00
        1.56     0.999817     24586506      5461.33
        1.56     0.999829     24586506      5851.43
        1.57     0.999841     24587324      6301.54
        1.57     0.999854     24587324      6826.67
        1.57     0.999866     24588040      7447.27
        1.57     0.999878     24588040      8192.00
        1.57     0.999884     24588040      8623.16
        1.57     0.999890     24588040      9102.22
        1.58     0.999896     24588593      9637.65
        1.58     0.999902     24588593     10240.00
        1.58     0.999908     24588593     10922.67
        1.58     0.999915     24588593     11702.86
        1.59     0.999921     24589053     12603.08
        1.59     0.999927     24589053     13653.33
        1.59     0.999933     24589053     14894.55
        1.60     0.999939     24589398     16384.00
        1.60     0.999942     24589398     17246.32
        1.60     0.999945     24589398     18204.44
        1.61     0.999948     24589617     19275.29
        1.61     0.999951     24589617     20480.00
        1.61     0.999954     24589617     21845.33
        1.61     0.999957     24589751     23405.71
        1.61     0.999960     24589751     25206.15
        1.62     0.999963     24589822     27306.67
        1.63     0.999966     24589884     29789.09
        1.65     0.999969     24589981     32768.00
        1.65     0.999971     24589981     34492.63
        1.66     0.999973     24590039     36408.89
        1.67     0.999974     24590057     38550.59
        1.69     0.999976     24590089     40960.00
        1.71     0.999977     24590134     43690.67
        1.73     0.999979     24590174     46811.43
        1.75     0.999980     24590203     50412.31
        1.79     0.999982     24590241     54613.33
        1.85     0.999983     24590280     59578.18
        1.90     0.999985     24590318     65536.00
        1.94     0.999986     24590339     68985.26
        1.97     0.999986     24590356     72817.78
        2.00     0.999987     24590381     77101.18
        2.01     0.999988     24590392     81920.00
        2.03     0.999989     24590409     87381.33
        2.06     0.999989     24590440     93622.86
        2.08     0.999990     24590456    100824.62
        2.10     0.999991     24590479    109226.67
        2.11     0.999992     24590496    119156.36
        2.13     0.999992     24590520    131072.00
        2.13     0.999993     24590520    137970.53
        2.14     0.999993     24590545    145635.56
        2.14     0.999994     24590545    154202.35
        2.14     0.999994     24590545    163840.00
        2.16     0.999994     24590570    174762.67
        2.16     0.999995     24590570    187245.71
        2.16     0.999995     24590570    201649.23
        2.17     0.999995     24590594    218453.33
        2.17     0.999996     24590594    238312.73
        2.19     0.999996     24590615    262144.00
        2.19     0.999996     24590615    275941.05
        2.19     0.999997     24590615    291271.11
        2.19     0.999997     24590615    308404.71
        2.19     0.999997     24590615    327680.00
        2.21     0.999997     24590628    349525.33
        2.21     0.999997     24590628    374491.43
        2.22     0.999998     24590639    403298.46
        2.22     0.999998     24590639    436906.67
        2.22     0.999998     24590639    476625.45
        2.24     0.999998     24590644    524288.00
        2.25     0.999998     24590648    551882.11
        2.25     0.999998     24590648    582542.22
        2.27     0.999998     24590651    616809.41
        2.29     0.999998     24590653    655360.00
        2.30     0.999999     24590655    699050.67
        2.33     0.999999     24590659    748982.86
        2.33     0.999999     24590659    806596.92
        2.35     0.999999     24590664    873813.33
        2.35     0.999999     24590664    953250.91
        2.38     0.999999     24590666   1048576.00
        2.40     0.999999     24590668   1103764.21
        2.40     0.999999     24590668   1165084.44
        2.42     0.999999     24590670   1233618.82
        2.43     0.999999     24590671   1310720.00
        2.45     0.999999     24590672   1398101.33
        2.46     0.999999     24590673   1497965.71
        2.50     0.999999     24590675   1613193.85
        2.50     0.999999     24590675   1747626.67
        2.56     0.999999     24590677   1906501.82
        2.59     1.000000     24590678   2097152.00
        2.59     1.000000     24590678   2207528.42
        2.64     1.000000     24590679   2330168.89
        2.69     1.000000     24590680   2467237.65
        2.69     1.000000     24590680   2621440.00
        2.70     1.000000     24590682   2796202.67
        2.70     1.000000     24590682   2995931.43
        2.70     1.000000     24590682   3226387.69
        2.70     1.000000     24590682   3495253.33
        2.78     1.000000     24590683   3813003.64
        2.81     1.000000     24590684   4194304.00
        2.81     1.000000     24590684   4415056.84
        2.81     1.000000     24590684   4660337.78
        2.96     1.000000     24590685   4934475.29
        2.96     1.000000     24590685   5242880.00
        2.96     1.000000     24590685   5592405.33
        2.96     1.000000     24590685   5991862.86
        3.06     1.000000     24590686   6452775.39
        3.06     1.000000     24590686   6990506.67
        3.06     1.000000     24590686   7626007.28
        3.10     1.000000     24590687   8388608.00
        3.10     1.000000     24590687   8830113.68
        3.10     1.000000     24590687   9320675.55
        3.10     1.000000     24590687   9868950.59
        3.10     1.000000     24590687  10485760.00
        3.10     1.000000     24590687  11184810.67
        3.10     1.000000     24590687  11983725.71
        3.28     1.000000     24590688  12905550.76
        3.28     1.000000     24590688  13981013.34
        3.28     1.000000     24590688  15252014.55
        3.28     1.000000     24590688  16777216.00
        3.28     1.000000     24590688  17660227.38
        3.28     1.000000     24590688  18641351.10
        3.28     1.000000     24590688  19737901.19
        3.28     1.000000     24590688  20971519.98
        3.28     1.000000     24590688  22369621.33
        3.28     1.000000     24590688  23967451.45
        3.44     1.000000     24590689  25811101.52
        3.44     1.000000     24590689          inf
#[Mean    =        0.732, StdDeviation   =        0.109]
#[Max     =        3.439, Total count    =     24590689]
#[Buckets =           20, SubBuckets     =          256]
