       Value   Percentile   TotalCount 1/(1-Percentile)

        0.10     0.000000            1         1.00
        0.69     0.050000       219581         1.05
        0.70     0.100000       564991         1.11
        0.70     0.150000       564991         1.18
        0.70     0.200000       564991         1.25
        0.70     0.250000       564991         1.33
        0.71     0.300000      1023682         1.43
        0.71     0.350000      1023682         1.54
        0.71     0.400000      1023682         1.67
        0.71     0.450000      1023682         1.82
        0.72     0.500000      1448636         2.00
        0.72     0.525000      1448636         2.11
        0.72     0.550000      1448636         2.22
        0.72     0.575000      1448636         2.35
        0.72     0.600000      1448636         2.50
        0.72     0.625000      1448636         2.67
        0.73     0.650000      1785671         2.86
        0.73     0.675000      1785671         3.08
        0.73     0.700000      1785671         3.33
        0.73     0.725000      1785671         3.64
        0.73     0.750000      1785671         4.00
        0.73     0.762500      1785671         4.21
        0.73     0.775000      1785671         4.44
        0.73     0.787500      1785671         4.71
        0.73     0.800000      1994549         5.00
        0.73     0.812500      1994549         5.33
        0.73     0.825000      1994549         5.71
        0.73     0.837500      1994549         6.15
        0.73     0.850000      1994549         6.67
        0.73     0.862500      1994549         7.27
        0.73     0.875000      1994549         8.00
        0.73     0.881250      1994549         8.42
        0.73     0.887500      1994549         8.89
        0.74     0.893750      2083818         9.41
        0.74     0.900000      2083818        10.00
        0.74     0.906250      2083818        10.67
        0.74     0.912500      2083818        11.43
        0.74     0.918750      2083818        12.31
        0.74     0.925000      2083818        13.33
        0.74     0.931250      2083818        14.55
        0.75     0.937500      2116916        16.00
        0.75     0.940625      2116916        16.84
        0.75     0.943750      2116916        17.78
        0.75     0.946875      2116916        18.82
        0.76     0.950000      2131175        20.00
        0.76     0.953125      2131175        21.33
        0.77     0.956250      2140501        22.86
        0.78     0.959375      2146877        24.62
        0.79     0.962500      2154338        26.67
        0.81     0.965625      2158744        29.09
        0.84     0.968750      2167307        32.00
        0.85     0.970313      2170255        33.68
        0.86     0.971875      2173341        35.56
        0.97     0.973437      2176571        37.65
        1.00     0.975000      2179994        40.00
        1.37     0.976562      2183395        42.67
        1.39     0.978125      2188570        45.71
        1.40     0.979688      2192417        49.23
        1.41     0.981250      2197466        53.33
        1.41     0.982812      2197466        58.18
        1.42     0.984375      2203157        64.00
        1.42     0.985156      2203157        67.37
        1.42     0.985938      2208722        71.11
        1.42     0.986719      2208722        75.29
        1.42     0.987500      2208722        80.00
        1.43     0.988281      2213810        85.33
        1.43     0.989062      2213810        91.43
        1.43     0.989844      2213810        98.46
        1.44     0.990625      2218688       106.67
        1.44     0.991406      2218688       116.36
        1.44     0.992188      2218688       128.00
        1.45     0.992578      2222907       134.74
        1.45     0.992969      2222907       142.22
        1.45     0.993359      2222907       150.59
        1.45     0.993750      2222907       160.00
        1.45     0.994141      2222907       170.67
        1.46     0.994531      2226585       182.86
        1.46     0.994922      2226585       196.92
        1.46     0.995313      2226585       213.33
        1.46     0.995703      2226585       232.73
        1.46     0.996094      2229484       256.00
        1.46     0.996289      2229484       269.47
        1.46     0.996484      2229484       284.44
        1.46     0.996680      2229484       301.18
        1.46     0.996875      2229484       320.00
        1.46     0.997070      2229484       341.33
        1.46     0.997266      2229484       365.71
        1.47     0.997461      2231547       393.85
        1.47     0.997656      2231547       426.67
        1.47     0.997852      2231547       465.45
        1.47     0.998047      2231547       512.00
        1.47     0.998145      2231547       538.95
        1.48     0.998242      2232784       568.89
        1.48     0.998340      2232784       602.35
        1.48     0.998437      2232784       640.00
        1.48     0.998535      2232784       682.67
        1.48     0.998633      2232784       731.43
        1.48     0.998730      2232784       787.69
        1.49     0.998828      2233553       853.33
        1.49     0.998926      2233553       930.91
        1.49     0.999023      2233553      1024.00
        1.49     0.999072      2233553      1077.89
        1.50     0.999121      2233957      1137.78
        1.50     0.999170      2233957      1204.71
        1.50     0.999219      2233957      1280.00
        1.50     0.999268      2233957      1365.33
        1.50     0.999316      2234215      1462.86
        1.50     0.999365      2234215      1575.38
        1.51     0.999414      2234405      1706.67
        1.51     0.999463      2234405      1861.82
        1.52     0.999512      2234550      2048.00
        1.52     0.999536      2234550      2155.79
        1.53     0.999561      2234694      2275.56
        1.53     0.999585      2234694      2409.41
        1.53     0.999609      2234694      2560.00
        1.53     0.999634      2234820      2730.67
        1.53     0.999658      2234820      2925.71
        1.54     0.999683      2234928      3150.77
        1.54     0.999707      2234928      3413.33
        1.55     0.999731      2235040      3723.64
        1.55     0.999756      2235040      4096.00
        1.56     0.999768      2235158      4311.58
        1.56     0.999780      2235158      4551.11
        1.56     0.999792      2235158      4818.82
        1.56     0.999805      2235158      5120.00
        1.56     0.999817      2235158      5461.33
        1.57     0.999829      2235230      5851.43
        1.57     0.999841      2235230      6301.54
        1.57     0.999854      2235292      6826.67
        1.57     0.999866      2235292      7447.27
        1.57     0.999878      2235292      8192.00
        1.58     0.999884      2235346      8623.16
        1.58     0.999890      2235346      9102.22
        1.58     0.999896      2235346      9637.65
        1.58     0.999902      2235346     10240.00
        1.59     0.999908      2235404     10922.67
        1.59     0.999915      2235404     11702.86
        1.59     0.999921      2235404     12603.08
        1.59     0.999927      2235404     13653.33
        1.60     0.999933      2235430     14894.55
        1.60     0.999939      2235430     16384.00
        1.61     0.999942      2235456     17246.32
        1.61     0.999945      2235456     18204.44
        1.61     0.999948      2235456     19275.29
        1.61     0.999951      2235456     20480.00
        1.61     0.999954      2235468     21845.33
        1.61     0.999957      2235468     23405.71
        1.62     0.999960      2235477     25206.15
        1.63     0.999963      2235484     27306.67
        1.64     0.999966      2235488     29789.09
        1.66     0.999969      2235495     32768.00
        1.66     0.999971      2235499     34492.63
        1.68     0.999973      2235502     36408.89
        1.72     0.999974      2235507     38550.59
        1.73     0.999976      2235509     40960.00
        1.77     0.999977      2235512     43690.67
        1.79     0.999979      2235516     46811.43
        1.81     0.999980      2235520     50412.31
        1.90     0.999982      2235523     54613.33
        1.94     0.999983      2235526     59578.18
        1.99     0.999985      2235529     65536.00
        2.01     0.999986      2235531     68985.26
        2.02     0.999986      2235533     72817.78
        2.05     0.999987      2235535     77101.18
        2.06     0.999988      2235536     81920.00
        2.08     0.999989      2235539     87381.33
        2.10     0.999989      2235543     93622.86
        2.10     0.999990      2235543    100824.62
        2.10     0.999991      2235543    109226.67
        2.14     0.999992      2235548    119156.36
        2.14     0.999992      2235548    131072.00
        2.14     0.999993      2235548    137970.53
        2.14     0.999993      2235548    145635.56
        2.16     0.999994      2235552    154202.35
        2.16     0.999994      2235552    163840.00
        2.16     0.999994      2235552    174762.67
        2.16     0.999995      2235552    187245.71
        2.16     0.999995      2235552    201649.23
        2.17     0.999995      2235555    218453.33
        2.17     0.999996      2235555    238312.73
        2.17     0.999996      2235555    262144.00
        2.17     0.999996      2235555    275941.05
        2.19     0.999997      2235556    291271.11
        2.19     0.999997      2235556    308404.71
        2.21     0.999997      2235559    327680.00
        2.21     0.999997      2235559    349525.33
        2.21     0.999997      2235559    374491.43
        2.21     0.999998      2235559    403298.46
        2.21     0.999998      2235559    436906.67
        2.21     0.999998      2235559    476625.45
        2.21     0.999998      2235559    524288.00
        2.21     0.999998      2235559    551882.11
        2.24     0.999998      2235560    582542.22
        2.24     0.999998      2235560    616809.41
        2.24     0.999998      2235560    655360.00
        2.24     0.999999      2235560    699050.67
        2.33     0.999999      2235562    748982.86
        2.33     0.999999      2235562    806596.92
        2.33     0.999999      2235562    873813.33
        2.33     0.999999      2235562    953250.91
        2.33     0.999999      2235562   1048576.00
        2.33     0.999999      2235562   1103764.21
        2.33     0.999999      2235562   1165084.44
        2.33     0.999999      2235562   1233618.82
        2.33     0.999999      2235562   1310720.00
        2.33     0.999999      2235562   1398101.33
        2.33     0.999999      2235562   1497965.71
        2.33     0.999999      2235562   1613193.85
        2.33     0.999999      2235562   1747626.67
        2.33     0.999999      2235562   1906501.82
        2.33     1.000000      2235562   2097152.00
        2.33     1.000000      2235562   2207528.42
        2.50     1.000000      2235563   2330168.89
        2.50     1.000000      2235563          inf
#[Mean    =        0.733, StdDeviation   =        0.112]
#[Max     =        2.495, Total count    =      2235563]
#[Buckets =           20, SubBuckets     =          256]
