       Value   Percentile   TotalCount 1/(1-Percentile)

        0.28     0.000000            1         1.00
        1.85     0.050000      3285132         1.05
        1.89     0.100000      5996533         1.11
        1.91     0.150000      8712178         1.18
        1.94     0.200000     11901692         1.25
        1.95     0.250000     14188473         1.33
        1.98     0.300000     17641772         1.43
        1.99     0.350000     19867778         1.54
        2.02     0.400000     22926590         1.67
        2.04     0.450000     25509950         1.82
        2.08     0.500000     28636420         2.00
        2.11     0.525000     30194239         2.11
        2.16     0.550000     31453784         2.22
        2.77     0.575000     32586630         2.35
        2.98     0.600000     34223858         2.50
        3.04     0.625000     35518449         2.67
        3.09     0.650000     36833703         2.86
        3.13     0.675000     38457390         3.08
        3.17     0.700000     39701270         3.33
        3.21     0.725000     41753098         3.64
        3.25     0.750000     43189654         4.00
        3.26     0.762500     43903052         4.21
        3.28     0.775000     44603093         4.44
        3.29     0.787500     45282038         4.71
        3.31     0.800000     45928088         5.00
        3.33     0.812500     46537691         5.33
        3.34     0.825000     47105101         5.71
        3.36     0.837500     47628597         6.15
        3.39     0.850000     48552463         6.67
        3.41     0.862500     48963922         7.27
        3.44     0.875000     49736220         8.00
        3.46     0.881250     50119042         8.42
        3.47     0.887500     50510282         8.89
        3.49     0.893750     50913281         9.41
        3.50     0.900000     51331017        10.00
        3.52     0.906250     51763720        10.67
        3.52     0.912500     51763720        11.43
        3.54     0.918750     52203392        12.31
        3.55     0.925000     52650232        13.33
        3.57     0.931250     53088347        14.55
        3.58     0.937500     53510602        16.00
        3.58     0.940625     53510602        16.84
        3.58     0.943750     53510602        17.78
        3.60     0.946875     53901938        18.82
        3.60     0.950000     53901938        20.00
        3.62     0.953125     54263982        21.33
        3.62     0.956250     54263982        22.86
        3.63     0.959375     54589410        24.62
        3.63     0.962500     54589410        26.67
        3.65     0.965625     54875321        29.09
        3.66     0.968750     55121168        32.00
        3.66     0.970313     55121168        33.68
        3.66     0.971875     55121168        35.56
        3.68     0.973437     55330585        37.65
        3.68     0.975000     55330585        40.00
        3.69     0.976562     55508035        42.67
        3.69     0.978125     55508035        45.71
        3.71     0.979688     55656471        49.23
        3.71     0.981250     55656471        53.33
        3.73     0.982812     55781492        58.18
        3.73     0.984375     55781492        64.00
        3.74     0.985156     55887426        67.37
        3.74     0.985938     55887426        71.11
        3.76     0.986719     55977179        75.29
        3.76     0.987500     55977179        80.00
        3.77     0.988281     56054662        85.33
        3.77     0.989062     56054662        91.43
        3.79     0.989844     56123971        98.46
        3.81     0.990625     56187564       106.67
        3.81     0.991406     56187564       116.36
        3.82     0.992188     56246271       128.00
        3.82     0.992578     56246271       134.74
        3.84     0.992969     56299703       142.22
        3.84     0.993359     56299703       150.59
        3.85     0.993750     56348776       160.00
        3.85     0.994141     56348776       170.67
        3.87     0.994531     56393809       182.86
        3.87     0.994922     56393809       196.92
        3.89     0.995313     56435056       213.33
        3.89     0.995703     56435056       232.73
        3.90     0.996094     56471138       256.00
        3.90     0.996289     56471138       269.47
        3.90     0.996484     56471138       284.44
        3.92     0.996680     56502748       301.18
        3.92     0.996875     56502748       320.00
        3.92     0.997070     56502748       341.33
        3.94     0.997266     56529797       365.71
        3.94     0.997461     56529797       393.85
        3.95     0.997656     56552847       426.67
        3.95     0.997852     56552847       465.45
        3.97     0.998047     56572254       512.00
        3.97     0.998145     56572254       538.95
        3.97     0.998242     56572254       568.89
        3.97     0.998340     56572254       602.35
        3.98     0.998437     56588127       640.00
        3.98     0.998535     56588127       682.67
        3.98     0.998633     56588127       731.43
        4.00     0.998730     56600670       787.69
        4.00     0.998828     56600670       853.33
        4.01     0.998926     56610836       930.91
        4.01     0.999023     56610836      1024.00
        4.03     0.999072     56619100      1077.89
        4.03     0.999121     56619100      1137.78
        4.03     0.999170     56619100      1204.71
        4.05     0.999219     56625901      1280.00
        4.05     0.999268     56625901      1365.33
        4.06     0.999316     56630996      1462.86
        4.06     0.999365     56630996      1575.38
        4.08     0.999414     56635145      1706.67
        4.08     0.999463     56635145      1861.82
        4.09     0.999512     56638452      2048.00
        4.13     0.999536     56643404      2155.79
        4.13     0.999561     56643404      2275.56
        4.13     0.999585     56643404      2409.41
        4.13     0.999609     56643404      2560.00
        4.16     0.999634     56646689      2730.67
        4.16     0.999658     56646689      2925.71
        4.19     0.999683     56648896      3150.77
        4.19     0.999707     56648896      3413.33
        4.22     0.999731     56650642      3723.64
        4.25     0.999756     56652121      4096.00
        4.25     0.999768     56652121      4311.58
        4.29     0.999780     56653363      4551.11
        4.29     0.999792     56653363      4818.82
        4.32     0.999805     56654409      5120.00
        4.32     0.999817     56654409      5461.33
        4.35     0.999829     56655388      5851.43
        4.38     0.999841     56656317      6301.54
        4.42     0.999854     56657148      6826.67
        4.45     0.999866     56657917      7447.27
        4.45     0.999878     56657917      8192.00
        4.48     0.999884     56658622      8623.16
        4.48     0.999890     56658622      9102.22
        4.51     0.999896     56659270      9637.65
        4.51     0.999902     56659270     10240.00
        4.54     0.999908     56659921     10922.67
        4.58     0.999915     56660385     11702.86
        4.58     0.999921     56660385     12603.08
        4.61     0.999927     56660988     13653.33
        4.61     0.999933     56660988     14894.55
        4.64     0.999939     56661450     16384.00
        4.67     0.999942     56661911     17246.32
        4.67     0.999945     56661911     18204.44
        4.67     0.999948     56661911     19275.29
        4.70     0.999951     56662214     20480.00
        4.70     0.999954     56662214     21845.33
        4.74     0.999957     56662520     23405.71
        4.77     0.999960     56662821     25206.15
        4.77     0.999963     56662821     27306.67
        4.80     0.999966     56663025     29789.09
        4.83     0.999969     56663211     32768.00
        4.83     0.999971     56663211     34492.63
        4.86     0.999973     56663336     36408.89
        4.86     0.999974     56663336     38550.59
        4.89     0.999976     56663489     40960.00
        4.89     0.999977     56663489     43690.67
        4.93     0.999979     56663662     46811.43
        4.93     0.999980     56663662     50412.31
        4.96     0.999982     56663810     54613.33
        4.99     0.999983     56663923     59578.18
        4.99     0.999985     56663923     65536.00
        5.02     0.999986     56664049     68985.26
        5.02     0.999986     56664049     72817.78
        5.02     0.999987     56664049     77101.18
        5.05     0.999988     56664159     81920.00
        5.05     0.999989     56664159     87381.33
        5.09     0.999989     56664240     93622.86
        5.09     0.999990     56664240    100824.62
        5.12     0.999991     56664305    109226.67
        5.12     0.999992     56664305    119156.36
        5.15     0.999992     56664351    131072.00
        5.18     0.999993     56664417    137970.53
        5.18     0.999993     56664417    145635.56
        5.18     0.999994     56664417    154202.35
        5.21     0.999994     56664466    163840.00
        5.21     0.999994     56664466    174762.67
        5.25     0.999995     56664526    187245.71
        5.25     0.999995     56664526    201649.23
        5.25     0.999995     56664526    218453.33
        5.28     0.999996     56664562    238312.73
        5.31     0.999996     56664595    262144.00
        5.31     0.999996     56664595    275941.05
        5.31     0.999997     56664595    291271.11
        5.34     0.999997     56664623    308404.71
        5.34     0.999997     56664623    327680.00
        5.34     0.999997     56664623    349525.33
        5.38     0.999997     56664644    374491.43
        5.38     0.999998     56664644    403298.46
        5.41     0.999998     56664655    436906.67
        5.44     0.999998     56664685    476625.45
        5.44     0.999998     56664685    524288.00
        5.44     0.999998     56664685    551882.11
        5.44     0.999998     56664685    582542.22
        5.47     0.999998     56664709    616809.41
        5.47     0.999998     56664709    655360.00
        5.47     0.999999     56664709    699050.67
        5.47     0.999999     56664709    748982.86
        5.50     0.999999     56664717    806596.92
        5.50     0.999999     56664717    873813.33
        5.54     0.999999     56664724    953250.91
        5.57     0.999999     56664735   1048576.00
        5.57     0.999999     56664735   1103764.21
        5.57     0.999999     56664735   1165084.44
        5.57     0.999999     56664735   1233618.82
        5.60     0.999999     56664750   1310720.00
        5.60     0.999999     56664750   1398101.33
        5.60     0.999999     56664750   1497965.71
        5.60     0.999999     56664750   1613193.85
        5.60     0.999999     56664750   1747626.67
        5.63     0.999999     56664762   1906501.82
        5.63     1.000000     56664762   2097152.00
        5.63     1.000000     56664762   2207528.42
        5.63     1.000000     56664762   2330168.89
        5.63     1.000000     56664762   2467237.65
        5.63     1.000000     56664762   2621440.00
        5.63     1.000000     56664762   2796202.67
        5.63     1.000000     56664762   2995931.43
        5.66     1.000000     56664769   3226387.69
        5.66     1.000000     56664769   3495253.33
        5.66     1.000000     56664769   3813003.64
        5.66     1.000000     56664769   4194304.00
        5.66     1.000000     56664769   4415056.84
        5.66     1.000000     56664769   4660337.78
        5.66     1.000000     56664769   4934475.29
        5.70     1.000000     56664772   5242880.00
        5.70     1.000000     56664772   5592405.33
        5.70     1.000000     56664772   5991862.86
        5.70     1.000000     56664772   6452775.39
        5.70     1.000000     56664772   6990506.67
        5.73     1.000000     56664775   7626007.28
        5.73     1.000000     56664775   8388608.00
        5.73     1.000000     56664775   8830113.68
        5.73     1.000000     56664775   9320675.55
        5.73     1.000000     56664775   9868950.59
        5.73     1.000000     56664775  10485760.00
        5.73     1.000000     56664775  11184810.67
        5.76     1.000000     56664776  11983725.71
        5.76     1.000000     56664776  12905550.76
        5.76     1.000000     56664776  13981013.34
        5.79     1.000000     56664777  15252014.55
        5.79     1.000000     56664777  16777216.00
        5.79     1.000000     56664777  17660227.38
        5.79     1.000000     56664777  18641351.10
        5.82     1.000000     56664779  19737901.19
        5.82     1.000000     56664779  20971519.98
        5.82     1.000000     56664779  22369621.33
        5.82     1.000000     56664779  23967451.45
        5.82     1.000000     56664779  25811101.52
        5.82     1.000000     56664779  27962026.68
        5.82     1.000000     56664779  30504029.05
        5.82     1.000000     56664779  33554432.00
        5.82     1.000000     56664779  35320454.76
        5.82     1.000000     56664779  37282702.28
        5.82     1.000000     56664779  39475802.28
        5.82     1.000000     56664779  41943039.96
        5.82     1.000000     56664779  44739242.67
        5.82     1.000000     56664779  47934902.91
        5.82     1.000000     56664779  51622203.20
        5.82     1.000000     56664779  55924053.19
        5.86     1.000000     56664780  61008058.10
        5.86     1.000000     56664780          inf
#[Mean    =        2.540, StdDeviation   =        0.681]
#[Max     =        5.855, Total count    =     56664780]
#[Buckets =           20, SubBuckets     =          256]
