       Value   Percentile   TotalCount 1/(1-Percentile)

        0.02     0.000000          465         1.00
        0.35     0.050000       130168         1.05
        0.57     0.100000       259212         1.11
        0.66     0.150000       410579         1.18
        0.68     0.200000       582863         1.25
        0.69     0.250000       708752         1.33
        0.69     0.300000       860745         1.43
        0.70     0.350000      1042892         1.54
        0.70     0.400000      1042892         1.67
        0.71     0.450000      1259695         1.82
        0.72     0.500000      1512365         2.00
        0.72     0.525000      1512365         2.11
        0.72     0.550000      1512365         2.22
        0.72     0.575000      1512365         2.35
        0.73     0.600000      1790070         2.50
        0.73     0.625000      1790070         2.67
        0.73     0.650000      1790070         2.86
        0.73     0.675000      1790070         3.08
        0.73     0.700000      2043095         3.33
        0.73     0.725000      2043095         3.64
        0.73     0.750000      2043095         4.00
        0.73     0.762500      2043095         4.21
        0.73     0.775000      2043095         4.44
        0.73     0.787500      2043095         4.71
        0.74     0.800000      2223441         5.00
        0.74     0.812500      2223441         5.33
        0.74     0.825000      2223441         5.71
        0.74     0.837500      2223441         6.15
        0.74     0.850000      2223441         6.67
        0.74     0.862500      2223441         7.27
        0.75     0.875000      2329119         8.00
        0.75     0.881250      2329119         8.42
        0.75     0.887500      2329119         8.89
        0.75     0.893750      2329119         9.41
        0.75     0.900000      2329119        10.00
        0.75     0.906250      2329119        10.67
        0.76     0.912500      2379573        11.43
        0.76     0.918750      2379573        12.31
        0.76     0.925000      2379573        13.33
        0.77     0.931250      2401925        14.55
        0.78     0.937500      2413309        16.00
        0.78     0.940625      2413309        16.84
        0.78     0.943750      2420771        17.78
        0.80     0.946875      2431183        18.82
        0.81     0.950000      2439542        20.00
        0.83     0.953125      2447584        21.33
        0.85     0.956250      2454334        22.86
        0.87     0.959375      2461182        24.62
        0.90     0.962500      2468163        26.67
        0.94     0.965625      2477045        29.09
        0.96     0.968750      2484752        32.00
        0.97     0.970313      2489568        33.68
        0.99     0.971875      2493445        35.56
        1.01     0.973437      2495967        37.65
        1.08     0.975000      2499822        40.00
        1.22     0.976562      2503806        42.67
        1.30     0.978125      2507755        45.71
        1.33     0.979688      2512353        49.23
        1.35     0.981250      2515784        53.33
        1.37     0.982812      2519909        58.18
        1.38     0.984375      2524660        64.00
        1.39     0.985156      2527455        67.37
        1.40     0.985938      2530481        71.11
        1.40     0.986719      2530481        75.29
        1.41     0.987500      2533678        80.00
        1.42     0.988281      2537178        85.33
        1.42     0.989062      2537178        91.43
        1.42     0.989844      2541087        98.46
        1.42     0.990625      2541087       106.67
        1.43     0.991406      2545240       116.36
        1.43     0.992188      2545240       128.00
        1.43     0.992578      2545240       134.74
        1.44     0.992969      2549255       142.22
        1.44     0.993359      2549255       150.59
        1.44     0.993750      2549255       160.00
        1.44     0.994141      2549255       170.67
        1.45     0.994531      2553101       182.86
        1.45     0.994922      2553101       196.92
        1.45     0.995313      2553101       213.33
        1.45     0.995703      2553101       232.73
        1.46     0.996094      2556241       256.00
        1.46     0.996289      2556241       269.47
        1.46     0.996484      2556241       284.44
        1.46     0.996680      2556241       301.18
        1.46     0.996875      2556241       320.00
        1.46     0.997070      2558522       341.33
        1.46     0.997266      2558522       365.71
        1.46     0.997461      2558522       393.85
        1.46     0.997656      2558522       426.67
        1.46     0.997852      2558522       465.45
        1.47     0.998047      2560157       512.00
        1.47     0.998145      2560157       538.95
        1.47     0.998242      2560157       568.89
        1.47     0.998340      2560157       602.35
        1.47     0.998437      2560157       640.00
        1.47     0.998535      2560157       682.67
        1.48     0.998633      2561278       731.43
        1.48     0.998730      2561278       787.69
        1.48     0.998828      2561278       853.33
        1.48     0.998926      2561278       930.91
        1.49     0.999023      2561931      1024.00
        1.49     0.999072      2561931      1077.89
        1.49     0.999121      2561931      1137.78
        1.49     0.999170      2561931      1204.71
        1.49     0.999219      2561931      1280.00
        1.49     0.999268      2561931      1365.33
        1.50     0.999316      2562370      1462.86
        1.50     0.999365      2562370      1575.38
        1.50     0.999414      2562370      1706.67
        1.50     0.999463      2562646      1861.82
        1.50     0.999512      2562646      2048.00
        1.50     0.999536      2562646      2155.79
        1.51     0.999561      2562870      2275.56
        1.51     0.999585      2562870      2409.41
        1.51     0.999609      2562870      2560.00
        1.51     0.999634      2562870      2730.67
        1.52     0.999658      2563028      2925.71
        1.52     0.999683      2563028      3150.77
        1.53     0.999707      2563168      3413.33
        1.53     0.999731      2563168      3723.64
        1.53     0.999756      2563280      4096.00
        1.53     0.999768      2563280      4311.58
        1.53     0.999780      2563280      4551.11
        1.53     0.999792      2563280      4818.82
        1.54     0.999805      2563352      5120.00
        1.54     0.999817      2563352      5461.33
        1.55     0.999829      2563435      5851.43
        1.55     0.999841      2563435      6301.54
        1.55     0.999854      2563435      6826.67
        1.56     0.999866      2563496      7447.27
        1.56     0.999878      2563496      8192.00
        1.57     0.999884      2563551      8623.16
        1.57     0.999890      2563551      9102.22
        1.57     0.999896      2563551      9637.65
        1.57     0.999902      2563551     10240.00
        1.57     0.999908      2563600     10922.67
        1.57     0.999915      2563600     11702.86
        1.57     0.999921      2563600     12603.08
        1.58     0.999927      2563640     13653.33
        1.58     0.999933      2563640     14894.55
        1.59     0.999939      2563666     16384.00
        1.59     0.999942      2563666     17246.32
        1.59     0.999945      2563666     18204.44
        1.59     0.999948      2563666     19275.29
        1.60     0.999951      2563684     20480.00
        1.60     0.999954      2563684     21845.33
        1.61     0.999957      2563704     23405.71
        1.61     0.999960      2563704     25206.15
        1.61     0.999963      2563704     27306.67
        1.61     0.999966      2563713     29789.09
        1.62     0.999969      2563720     32768.00
        1.63     0.999971      2563727     34492.63
        1.63     0.999973      2563727     36408.89
        1.64     0.999974      2563731     38550.59
        1.66     0.999976      2563735     40960.00
        1.68     0.999977      2563741     43690.67
        1.70     0.999979      2563744     46811.43
        1.74     0.999980      2563748     50412.31
        1.77     0.999982      2563752     54613.33
        1.79     0.999983      2563754     59578.18
        1.84     0.999985      2563760     65536.00
        1.84     0.999986      2563760     68985.26
        1.87     0.999986      2563762     72817.78
        1.94     0.999987      2563764     77101.18
        1.98     0.999988      2563767     81920.00
        1.98     0.999989      2563769     87381.33
        1.99     0.999989      2563770     93622.86
        2.04     0.999990      2563773    100824.62
        2.06     0.999991      2563776    109226.67
        2.06     0.999992      2563776    119156.36
        2.10     0.999992      2563779    131072.00
        2.10     0.999993      2563779    137970.53
        2.11     0.999993      2563781    145635.56
        2.11     0.999994      2563781    154202.35
        2.13     0.999994      2563784    163840.00
        2.13     0.999994      2563784    174762.67
        2.13     0.999995      2563784    187245.71
        2.14     0.999995      2563786    201649.23
        2.14     0.999995      2563786    218453.33
        2.16     0.999996      2563787    238312.73
        2.17     0.999996      2563788    262144.00
        2.17     0.999996      2563788    275941.05
        2.19     0.999997      2563790    291271.11
        2.19     0.999997      2563790    308404.71
        2.19     0.999997      2563790    327680.00
        2.19     0.999997      2563790    349525.33
        2.22     0.999997      2563791    374491.43
        2.22     0.999998      2563791    403298.46
        2.25     0.999998      2563792    436906.67
        2.25     0.999998      2563792    476625.45
        2.27     0.999998      2563793    524288.00
        2.27     0.999998      2563793    551882.11
        2.27     0.999998      2563793    582542.22
        2.27     0.999998      2563793    616809.41
        2.32     0.999998      2563794    655360.00
        2.32     0.999999      2563794    699050.67
        2.32     0.999999      2563794    748982.86
        2.32     0.999999      2563794    806596.92
        4.70     0.999999      2563795    873813.33
        4.70     0.999999      2563795    953250.91
        4.70     0.999999      2563795   1048576.00
        4.70     0.999999      2563795   1103764.21
        4.70     0.999999      2563795   1165084.44
        4.70     0.999999      2563795   1233618.82
        5.34     0.999999      2563796   1310720.00
        5.34     0.999999      2563796   1398101.33
        5.34     0.999999      2563796   1497965.71
        5.34     0.999999      2563796   1613193.85
        5.34     0.999999      2563796   1747626.67
        5.34     0.999999      2563796   1906501.82
        5.34     1.000000      2563796   2097152.00
        5.34     1.000000      2563796   2207528.42
        5.34     1.000000      2563796   2330168.89
        5.34     1.000000      2563796   2467237.65
        5.47     1.000000      2563797   2621440.00
        5.47     1.000000      2563797          inf
#[Mean    =        0.694, StdDeviation   =        0.174]
#[Max     =        5.471, Total count    =      2563797]
#[Buckets =           20, SubBuckets     =          256]
