       Value   Percentile   TotalCount 1/(1-Percentile)

        0.17     0.000000            1         1.00
        0.69     0.050000       228130         1.05
        0.69     0.100000       228130         1.11
        0.70     0.150000       591982         1.18
        0.70     0.200000       591982         1.25
        0.70     0.250000       591982         1.33
        0.71     0.300000      1032872         1.43
        0.71     0.350000      1032872         1.54
        0.71     0.400000      1032872         1.67
        0.71     0.450000      1032872         1.82
        0.72     0.500000      1427916         2.00
        0.72     0.525000      1427916         2.11
        0.72     0.550000      1427916         2.22
        0.72     0.575000      1427916         2.35
        0.72     0.600000      1427916         2.50
        0.72     0.625000      1427916         2.67
        0.73     0.650000      1759696         2.86
        0.73     0.675000      1759696         3.08
        0.73     0.700000      1759696         3.33
        0.73     0.725000      1759696         3.64
        0.73     0.750000      1759696         4.00
        0.73     0.762500      1759696         4.21
        0.73     0.775000      1759696         4.44
        0.73     0.787500      1979983         4.71
        0.73     0.800000      1979983         5.00
        0.73     0.812500      1979983         5.33
        0.73     0.825000      1979983         5.71
        0.73     0.837500      1979983         6.15
        0.73     0.850000      1979983         6.67
        0.73     0.862500      1979983         7.27
        0.73     0.875000      1979983         8.00
        0.73     0.881250      1979983         8.42
        0.74     0.887500      2084273         8.89
        0.74     0.893750      2084273         9.41
        0.74     0.900000      2084273        10.00
        0.74     0.906250      2084273        10.67
        0.74     0.912500      2084273        11.43
        0.74     0.918750      2084273        12.31
        0.74     0.925000      2084273        13.33
        0.74     0.931250      2084273        14.55
        0.75     0.937500      2123613        16.00
        0.75     0.940625      2123613        16.84
        0.75     0.943750      2123613        17.78
        0.75     0.946875      2123613        18.82
        0.76     0.950000      2139974        20.00
        0.76     0.953125      2139974        21.33
        0.76     0.956250      2139974        22.86
        0.77     0.959375      2149294        24.62
        0.78     0.962500      2155636        26.67
        0.79     0.965625      2162353        29.09
        0.82     0.968750      2168080        32.00
        0.84     0.970313      2174202        33.68
        0.85     0.971875      2176757        35.56
        0.85     0.973437      2178829        37.65
        0.93     0.975000      2181837        40.00
        1.01     0.976562      2185353        42.67
        1.38     0.978125      2190088        45.71
        1.39     0.979688      2192743        49.23
        1.40     0.981250      2196594        53.33
        1.41     0.982812      2201358        58.18
        1.42     0.984375      2206769        64.00
        1.42     0.985156      2206769        67.37
        1.42     0.985938      2206769        71.11
        1.42     0.986719      2211945        75.29
        1.42     0.987500      2211945        80.00
        1.42     0.988281      2211945        85.33
        1.43     0.989062      2216629        91.43
        1.43     0.989844      2216629        98.46
        1.44     0.990625      2220932       106.67
        1.44     0.991406      2220932       116.36
        1.44     0.992188      2220932       128.00
        1.45     0.992578      2224798       134.74
        1.45     0.992969      2224798       142.22
        1.45     0.993359      2224798       150.59
        1.45     0.993750      2224798       160.00
        1.45     0.994141      2224798       170.67
        1.46     0.994531      2228323       182.86
        1.46     0.994922      2228323       196.92
        1.46     0.995313      2228323       213.33
        1.46     0.995703      2228323       232.73
        1.46     0.996094      2231187       256.00
        1.46     0.996289      2231187       269.47
        1.46     0.996484      2231187       284.44
        1.46     0.996680      2231187       301.18
        1.46     0.996875      2231187       320.00
        1.47     0.997070      2233281       341.33
        1.47     0.997266      2233281       365.71
        1.47     0.997461      2233281       393.85
        1.47     0.997656      2233281       426.67
        1.47     0.997852      2233281       465.45
        1.48     0.998047      2234728       512.00
        1.48     0.998145      2234728       538.95
        1.48     0.998242      2234728       568.89
        1.48     0.998340      2234728       602.35
        1.48     0.998437      2234728       640.00
        1.48     0.998535      2234728       682.67
        1.48     0.998633      2234728       731.43
        1.49     0.998730      2235572       787.69
        1.49     0.998828      2235572       853.33
        1.49     0.998926      2235572       930.91
        1.49     0.999023      2235572      1024.00
        1.50     0.999072      2236087      1077.89
        1.50     0.999121      2236087      1137.78
        1.50     0.999170      2236087      1204.71
        1.50     0.999219      2236087      1280.00
        1.50     0.999268      2236365      1365.33
        1.50     0.999316      2236365      1462.86
        1.50     0.999365      2236365      1575.38
        1.51     0.999414      2236559      1706.67
        1.51     0.999463      2236559      1861.82
        1.52     0.999512      2236735      2048.00
        1.52     0.999536      2236735      2155.79
        1.53     0.999561      2236877      2275.56
        1.53     0.999585      2236877      2409.41
        1.53     0.999609      2236877      2560.00
        1.53     0.999634      2237028      2730.67
        1.53     0.999658      2237028      2925.71
        1.54     0.999683      2237142      3150.77
        1.54     0.999707      2237142      3413.33
        1.55     0.999731      2237241      3723.64
        1.55     0.999756      2237241      4096.00
        1.55     0.999768      2237241      4311.58
        1.56     0.999780      2237323      4551.11
        1.56     0.999792      2237323      4818.82
        1.56     0.999805      2237323      5120.00
        1.57     0.999817      2237402      5461.33
        1.57     0.999829      2237402      5851.43
        1.57     0.999841      2237402      6301.54
        1.57     0.999854      2237453      6826.67
        1.57     0.999866      2237453      7447.27
        1.58     0.999878      2237505      8192.00
        1.58     0.999884      2237505      8623.16
        1.58     0.999890      2237505      9102.22
        1.59     0.999896      2237542      9637.65
        1.59     0.999902      2237542     10240.00
        1.59     0.999908      2237542     10922.67
        1.60     0.999915      2237582     11702.86
        1.60     0.999921      2237582     12603.08
        1.60     0.999927      2237582     13653.33
        1.61     0.999933      2237600     14894.55
        1.61     0.999939      2237616     16384.00
        1.61     0.999942      2237616     17246.32
        1.62     0.999945      2237628     18204.44
        1.63     0.999948      2237637     19275.29
        1.63     0.999951      2237637     20480.00
        1.65     0.999954      2237644     21845.33
        1.66     0.999957      2237651     23405.71
        1.67     0.999960      2237657     25206.15
        1.70     0.999963      2237665     27306.67
        1.75     0.999966      2237670     29789.09
        1.85     0.999969      2237677     32768.00
        1.92     0.999971      2237681     34492.63
        1.94     0.999973      2237684     36408.89
        1.96     0.999974      2237688     38550.59
        2.01     0.999976      2237692     40960.00
        2.04     0.999977      2237694     43690.67
        2.08     0.999979      2237698     46811.43
        2.10     0.999980      2237701     50412.31
        2.11     0.999982      2237705     54613.33
        2.13     0.999983      2237708     59578.18
        2.19     0.999985      2237713     65536.00
        2.19     0.999986      2237713     68985.26
        2.21     0.999986      2237715     72817.78
        2.22     0.999987      2237716     77101.18
        2.25     0.999988      2237719     81920.00
        2.27     0.999989      2237722     87381.33
        2.27     0.999989      2237722     93622.86
        2.29     0.999990      2237723    100824.62
        2.33     0.999991      2237725    109226.67
        2.37     0.999992      2237727    119156.36
        2.42     0.999992      2237728    131072.00
        2.43     0.999993      2237729    137970.53
        2.45     0.999993      2237730    145635.56
        2.48     0.999994      2237731    154202.35
        2.51     0.999994      2237733    163840.00
        2.51     0.999994      2237733    174762.67
        2.54     0.999995      2237735    187245.71
        2.54     0.999995      2237735    201649.23
        2.54     0.999995      2237735    218453.33
        2.58     0.999996      2237736    238312.73
        2.59     0.999996      2237737    262144.00
        2.59     0.999996      2237737    275941.05
        2.61     0.999997      2237738    291271.11
        2.61     0.999997      2237738    308404.71
        2.64     0.999997      2237739    327680.00
        2.64     0.999997      2237739    349525.33
        2.65     0.999997      2237740    374491.43
        2.65     0.999998      2237740    403298.46
        2.65     0.999998      2237740    436906.67
        2.67     0.999998      2237741    476625.45
        2.67     0.999998      2237741    524288.00
        2.67     0.999998      2237741    551882.11
        2.69     0.999998      2237742    582542.22
        2.69     0.999998      2237742    616809.41
        2.69     0.999998      2237742    655360.00
        2.69     0.999999      2237742    699050.67
        2.70     0.999999      2237743    748982.86
        2.70     0.999999      2237743    806596.92
        2.70     0.999999      2237743    873813.33
        2.70     0.999999      2237743    953250.91
        2.70     0.999999      2237743   1048576.00
        2.70     0.999999      2237743   1103764.21
        2.86     0.999999      2237744   1165084.44
        2.86     0.999999      2237744   1233618.82
        2.86     0.999999      2237744   1310720.00
        2.86     0.999999      2237744   1398101.33
        2.86     0.999999      2237744   1497965.71
        2.86     0.999999      2237744   1613193.85
        2.86     0.999999      2237744   1747626.67
        2.86     0.999999      2237744   1906501.82
        2.86     1.000000      2237744   2097152.00
        2.86     1.000000      2237744   2207528.42
        2.90     1.000000      2237745   2330168.89
        2.90     1.000000      2237745          inf
#[Mean    =        0.732, StdDeviation   =        0.110]
#[Max     =        2.895, Total count    =      2237745]
#[Buckets =           20, SubBuckets     =          256]
