       Value   Percentile   TotalCount 1/(1-Percentile)

        0.02     0.000000         1354         1.00
        0.45     0.050000       705786         1.05
        0.70     0.100000      1424392         1.11
        0.77     0.150000      2128360         1.18
        0.79     0.200000      3212970         1.25
        0.80     0.250000      3758512         1.33
        0.81     0.300000      4395022         1.43
        0.81     0.350000      5122089         1.54
        0.82     0.400000      5914464         1.67
        0.83     0.450000      6730072         1.82
        0.84     0.500000      7542677         2.00
        0.84     0.525000      7542677         2.11
        0.85     0.550000      8344552         2.22
        0.85     0.575000      8344552         2.35
        0.85     0.600000      9106073         2.50
        0.85     0.625000      9106073         2.67
        0.86     0.650000      9802028         2.86
        0.86     0.675000      9802028         3.08
        0.87     0.700000     10427063         3.33
        0.87     0.725000     10427063         3.64
        0.88     0.750000     10970671         4.00
        0.88     0.762500     10970671         4.21
        0.88     0.775000     10970671         4.44
        0.89     0.787500     11448630         4.71
        0.89     0.800000     11448630         5.00
        0.89     0.812500     11448630         5.33
        0.90     0.825000     11853036         5.71
        0.90     0.837500     11853036         6.15
        0.90     0.850000     12188064         6.67
        0.90     0.862500     12188064         7.27
        0.91     0.875000     12462923         8.00
        0.91     0.881250     12462923         8.42
        0.92     0.887500     12685832         8.89
        0.92     0.893750     12685832         9.41
        0.92     0.900000     12685832        10.00
        0.93     0.906250     12869422        10.67
        0.93     0.912500     12869422        11.43
        0.94     0.918750     13013938        12.31
        0.94     0.925000     13123895        13.33
        0.94     0.931250     13123895        14.55
        0.96     0.937500     13269947        16.00
        0.96     0.940625     13269947        16.84
        0.97     0.943750     13318104        17.78
        0.97     0.946875     13353795        18.82
        0.99     0.950000     13402537        20.00
        1.01     0.953125     13435025        21.33
        1.04     0.956250     13476385        22.86
        1.09     0.959375     13523442        24.62
        1.14     0.962500     13564306        26.67
        1.19     0.965625     13613092        29.09
        1.23     0.968750     13653262        32.00
        1.25     0.970313     13673765        33.68
        1.29     0.971875     13696542        35.56
        1.33     0.973437     13717496        37.65
        1.41     0.975000     13739182        40.00
        1.52     0.976562     13761147        42.67
        1.57     0.978125     13786083        45.71
        1.59     0.979688     13806635        49.23
        1.61     0.981250     13833809        53.33
        1.63     0.982812     13855075        58.18
        1.65     0.984375     13878451        64.00
        1.66     0.985156     13890658        67.37
        1.66     0.985938     13902915        71.11
        1.67     0.986719     13915115        75.29
        1.67     0.987500     13915115        80.00
        1.68     0.988281     13927031        85.33
        1.69     0.989062     13938594        91.43
        1.70     0.989844     13949783        98.46
        1.70     0.990625     13960572       106.67
        1.71     0.991406     13970833       116.36
        1.72     0.992188     13980479       128.00
        1.73     0.992578     13989552       134.74
        1.74     0.992969     13997971       142.22
        1.74     0.993359     13997971       150.59
        1.74     0.993750     14005818       160.00
        1.75     0.994141     14012955       170.67
        1.76     0.994531     14019716       182.86
        1.76     0.994922     14019716       196.92
        1.77     0.995313     14025694       213.33
        1.77     0.995703     14031260       232.73
        1.78     0.996094     14036398       256.00
        1.79     0.996289     14041052       269.47
        1.79     0.996484     14041052       284.44
        1.80     0.996680     14045324       301.18
        1.81     0.996875     14049062       320.00
        1.81     0.997070     14052368       341.33
        1.81     0.997266     14052368       365.71
        1.82     0.997461     14055323       393.85
        1.83     0.997656     14057793       426.67
        1.85     0.997852     14061743       465.45
        1.85     0.998047     14063275       512.00
        1.86     0.998145     14064492       538.95
        1.88     0.998242     14066286       568.89
        1.90     0.998340     14067476       602.35
        1.92     0.998437     14068550       640.00
        1.95     0.998535     14070048       682.67
        1.98     0.998633     14071797       731.43
        1.98     0.998730     14072620       787.69
        2.00     0.998828     14074406       853.33
        2.01     0.998926     14075503       930.91
        2.02     0.999023     14077759      1024.00
        2.02     0.999072     14077759      1077.89
        2.03     0.999121     14079031      1137.78
        2.03     0.999170     14079031      1204.71
        2.04     0.999219     14080155      1280.00
        2.04     0.999268     14080155      1365.33
        2.05     0.999316     14081327      1462.86
        2.06     0.999365     14083342      1575.38
        2.06     0.999414     14083342      1706.67
        2.06     0.999463     14083342      1861.82
        2.08     0.999512     14084864      2048.00
        2.08     0.999536     14084864      2155.79
        2.08     0.999561     14084864      2275.56
        2.08     0.999585     14084864      2409.41
        2.10     0.999609     14085901      2560.00
        2.10     0.999634     14085901      2730.67
        2.10     0.999658     14085901      2925.71
        2.11     0.999683     14086745      3150.77
        2.11     0.999707     14086745      3413.33
        2.11     0.999731     14086745      3723.64
        2.13     0.999756     14087264      4096.00
        2.13     0.999768     14087264      4311.58
        2.14     0.999780     14087744      4551.11
        2.14     0.999792     14087744      4818.82
        2.14     0.999805     14087744      5120.00
        2.16     0.999817     14087954      5461.33
        2.17     0.999829     14088066      5851.43
        2.22     0.999841     14088221      6301.54
        2.30     0.999854     14088364      6826.67
        2.38     0.999866     14088571      7447.27
        2.42     0.999878     14088706      8192.00
        2.43     0.999884     14088789      8623.16
        2.46     0.999890     14088896      9102.22
        2.50     0.999896     14088991      9637.65
        2.53     0.999902     14089049     10240.00
        2.62     0.999908     14089137     10922.67
        2.69     0.999915     14089239     11702.86
        2.73     0.999921     14089309     12603.08
        2.80     0.999927     14089428     13653.33
        2.83     0.999933     14089540     14894.55
        2.85     0.999939     14089610     16384.00
        2.85     0.999942     14089610     17246.32
        2.86     0.999945     14089696     18204.44
        2.86     0.999948     14089696     19275.29
        2.88     0.999951     14089778     20480.00
        2.88     0.999954     14089778     21845.33
        2.90     0.999957     14089844     23405.71
        2.91     0.999960     14089924     25206.15
        2.91     0.999963     14089924     27306.67
        2.93     0.999966     14089988     29789.09
        2.94     0.999969     14090040     32768.00
        2.94     0.999971     14090040     34492.63
        2.94     0.999973     14090040     36408.89
        2.96     0.999974     14090095     38550.59
        2.96     0.999976     14090095     40960.00
        2.98     0.999977     14090146     43690.67
        2.98     0.999979     14090146     46811.43
        2.98     0.999980     14090146     50412.31
        2.99     0.999982     14090178     54613.33
        3.01     0.999983     14090200     59578.18
        3.02     0.999985     14090231     65536.00
        3.02     0.999986     14090231     68985.26
        3.02     0.999986     14090231     72817.78
        3.04     0.999987     14090246     77101.18
        3.06     0.999988     14090255     81920.00
        3.07     0.999989     14090261     87381.33
        3.13     0.999989     14090271     93622.86
        3.26     0.999990     14090301    100824.62
        3.26     0.999991     14090301    109226.67
        3.28     0.999992     14090308    119156.36
        3.58     0.999992     14090315    131072.00
        3.69     0.999993     14090319    137970.53
        9.92     0.999993     14090326    145635.56
        9.98     0.999994     14090340    154202.35
        9.98     0.999994     14090340    163840.00
       10.05     0.999994     14090361    174762.67
       10.05     0.999995     14090361    187245.71
       10.05     0.999995     14090361    201649.23
       10.05     0.999995     14090361    218453.33
       10.88     0.999996     14090362    238312.73
       50.69     0.999996     14090420    262144.00
       50.69     0.999996     14090420    275941.05
       50.69     0.999997     14090420    291271.11
       50.69     0.999997     14090420    308404.71
       50.69     0.999997     14090420    327680.00
       50.69     0.999997     14090420    349525.33
       50.69     0.999997     14090420    374491.43
       50.69     0.999998     14090420    403298.46
       50.69     0.999998     14090420    436906.67
       50.69     0.999998     14090420    476625.45
       50.69     0.999998     14090420    524288.00
       50.69     0.999998     14090420    551882.11
       50.69     0.999998     14090420    582542.22
       50.69     0.999998     14090420    616809.41
       50.69     0.999998     14090420    655360.00
       50.69     0.999999     14090420    699050.67
       50.69     0.999999     14090420    748982.86
       50.69     0.999999     14090420    806596.92
       50.69     0.999999     14090420    873813.33
       50.69     0.999999     14090420    953250.91
       50.69     0.999999     14090420   1048576.00
       50.69     0.999999     14090420   1103764.21
       50.69     0.999999     14090420   1165084.44
       50.69     0.999999     14090420   1233618.82
       50.69     0.999999     14090420   1310720.00
       50.69     0.999999     14090420   1398101.33
       50.69     0.999999     14090420   1497965.71
       50.69     0.999999     14090420   1613193.85
       50.69     0.999999     14090420   1747626.67
       50.69     0.999999     14090420   1906501.82
       50.69     1.000000     14090420   2097152.00
       50.69     1.000000     14090420   2207528.42
       50.69     1.000000     14090420   2330168.89
       50.69     1.000000     14090420   2467237.65
       50.69     1.000000     14090420   2621440.00
       50.69     1.000000     14090420   2796202.67
       50.69     1.000000     14090420   2995931.43
       50.69     1.000000     14090420   3226387.69
       50.69     1.000000     14090420   3495253.33
       50.69     1.000000     14090420   3813003.64
       50.69     1.000000     14090420   4194304.00
       50.69     1.000000     14090420   4415056.84
       50.69     1.000000     14090420   4660337.78
       50.69     1.000000     14090420   4934475.29
       50.69     1.000000     14090420   5242880.00
       50.69     1.000000     14090420   5592405.33
       50.69     1.000000     14090420   5991862.86
       50.69     1.000000     14090420   6452775.39
       50.69     1.000000     14090420   6990506.67
       50.69     1.000000     14090420   7626007.28
       50.69     1.000000     14090420   8388608.00
       50.69     1.000000     14090420   8830113.68
       50.69     1.000000     14090420   9320675.55
       50.69     1.000000     14090420   9868950.59
       50.69     1.000000     14090420  10485760.00
       50.69     1.000000     14090420  11184810.67
       50.69     1.000000     14090420  11983725.71
       50.69     1.000000     14090420  12905550.76
       50.69     1.000000     14090420  13981013.34
       60.67     1.000000     14090421  15252014.55
       60.67     1.000000     14090421          inf
#[Mean    =        0.827, StdDeviation   =        0.238]
#[Max     =       60.671, Total count    =     14090421]
#[Buckets =           20, SubBuckets     =          256]
