set
calls
16907480
histogram_usec
1
13166247
2
16708368
4
16894896
8
16905123
16
16907051
33
16907450
66
16907474
132
16907476
528
16907478
4227
16907480
ping
calls
1
histogram_usec
8
1
bgsave
calls
2
histogram_usec
135266
1
270532
2
get
calls
16907427
histogram_usec
1
12767374
2
16795894
4
16901503
8
16906188
16
16906987
33
16907405
66
16907424
132
16907425
528
16907426
8454
16907427
latency|latest
calls
2
histogram_usec
4
1
8
2
latency|histogram
calls
1
histogram_usec
132
1
info
calls
23
histogram_usec
33
21
264
23
dbsize
calls
1
histogram_usec
4
1
