       Value   Percentile   TotalCount 1/(1-Percentile)

        0.02     0.000000         9538         1.00
        0.38     0.050000       856423         1.05
        0.61     0.100000      1719607         1.11
        0.69     0.150000      2545363         1.18
        0.71     0.200000      3428606         1.25
        0.73     0.250000      5033259         1.33
        0.73     0.300000      6125334         1.43
        0.73     0.350000      6125334         1.54
        0.74     0.400000      7386682         1.67
        0.75     0.450000      8795835         1.82
        0.75     0.500000      8795835         2.00
        0.76     0.525000     10304169         2.11
        0.76     0.550000     10304169         2.22
        0.76     0.575000     10304169         2.35
        0.76     0.600000     10304169         2.50
        0.77     0.625000     11760876         2.67
        0.77     0.650000     11760876         2.86
        0.77     0.675000     11760876         3.08
        0.78     0.700000     12924835         3.33
        0.78     0.725000     12924835         3.64
        0.78     0.750000     12924835         4.00
        0.78     0.762500     12924835         4.21
        0.78     0.775000     13719839         4.44
        0.78     0.787500     13719839         4.71
        0.78     0.800000     13719839         5.00
        0.79     0.812500     14203155         5.33
        0.79     0.825000     14203155         5.71
        0.79     0.837500     14203155         6.15
        0.80     0.850000     14480407         6.67
        0.81     0.862500     14651075         7.27
        0.82     0.875000     14891748         8.00
        0.83     0.881250     15009467         8.42
        0.83     0.887500     15009467         8.89
        0.84     0.893750     15131321         9.41
        0.85     0.900000     15259507        10.00
        0.85     0.906250     15394139        10.67
        0.86     0.912500     15528781        11.43
        0.87     0.918750     15660513        12.31
        0.87     0.925000     15660513        13.33
        0.88     0.931250     15785443        14.55
        0.89     0.937500     15897144        16.00
        0.90     0.940625     15992152        16.84
        0.90     0.943750     15992152        17.78
        0.90     0.946875     16065748        18.82
        0.90     0.950000     16065748        20.00
        0.91     0.953125     16122978        21.33
        0.92     0.956250     16167851        22.86
        0.94     0.959375     16232510        24.62
        0.95     0.962500     16280203        26.67
        0.97     0.965625     16336032        29.09
        1.00     0.968750     16384606        32.00
        1.01     0.970313     16414175        33.68
        1.03     0.971875     16439733        35.56
        1.05     0.973437     16461969        37.65
        1.07     0.975000     16485059        40.00
        1.14     0.976562     16511995        42.67
        1.23     0.978125     16538328        45.71
        1.34     0.979688     16564614        49.23
        1.40     0.981250     16592228        53.33
        1.43     0.982812     16623302        58.18
        1.45     0.984375     16644542        64.00
        1.46     0.985156     16656270        67.37
        1.47     0.985938     16682526        71.11
        1.48     0.986719     16696723        75.29
        1.48     0.987500     16696723        80.00
        1.49     0.988281     16711576        85.33
        1.50     0.989062     16727137        91.43
        1.50     0.989844     16743541        98.46
        1.51     0.990625     16760144       106.67
        1.52     0.991406     16777085       116.36
        1.52     0.992188     16777085       128.00
        1.53     0.992578     16793707       134.74
        1.53     0.992969     16793707       142.22
        1.53     0.993359     16809277       150.59
        1.53     0.993750     16809277       160.00
        1.53     0.994141     16809277       170.67
        1.54     0.994531     16822950       182.86
        1.54     0.994922     16822950       196.92
        1.55     0.995313     16834642       213.33
        1.55     0.995703     16834642       232.73
        1.56     0.996094     16843857       256.00
        1.57     0.996289     16851133       269.47
        1.57     0.996484     16851133       284.44
        1.57     0.996680     16851133       301.18
        1.57     0.996875     16856741       320.00
        1.58     0.997070     16860941       341.33
        1.59     0.997266     16864251       365.71
        1.60     0.997461     16866950       393.85
        1.61     0.997656     16869051       426.67
        1.62     0.997852     16872319       465.45
        1.64     0.998047     16875186       512.00
        1.65     0.998145     16876690       538.95
        1.66     0.998242     16878107       568.89
        1.66     0.998340     16879569       602.35
        1.67     0.998437     16881067       640.00
        1.68     0.998535     16882500       682.67
        1.70     0.998633     16885517       731.43
        1.70     0.998730     16887024       787.69
        1.71     0.998828     16888474       853.33
        1.72     0.998926     16889951       930.91
        1.73     0.999023     16891425      1024.00
        1.74     0.999072     16892902      1077.89
        1.74     0.999121     16892902      1137.78
        1.74     0.999170     16894330      1204.71
        1.74     0.999219     16894330      1280.00
        1.75     0.999268     16895671      1365.33
        1.75     0.999316     16895671      1462.86
        1.76     0.999365     16896937      1575.38
        1.77     0.999414     16898090      1706.67
        1.77     0.999463     16899195      1861.82
        1.77     0.999512     16899195      2048.00
        1.78     0.999536     16900102      2155.79
        1.78     0.999561     16900102      2275.56
        1.79     0.999585     16900902      2409.41
        1.79     0.999609     16900902      2560.00
        1.80     0.999634     16901628      2730.67
        1.80     0.999658     16901628      2925.71
        1.81     0.999683     16902253      3150.77
        1.81     0.999707     16902253      3413.33
        1.81     0.999731     16902737      3723.64
        1.82     0.999756     16903149      4096.00
        1.83     0.999768     16903497      4311.58
        1.83     0.999780     16903497      4551.11
        1.84     0.999792     16903826      4818.82
        1.85     0.999805     16904112      5120.00
        1.85     0.999817     16904112      5461.33
        1.85     0.999829     16904408      5851.43
        1.86     0.999841     16904642      6301.54
        1.87     0.999854     16904896      6826.67
        1.88     0.999866     16905086      7447.27
        1.89     0.999878     16905233      8192.00
        1.89     0.999884     16905233      8623.16
        1.90     0.999890     16905379      9102.22
        1.90     0.999896     16905505      9637.65
        1.91     0.999902     16905615     10240.00
        1.92     0.999908     16905732     10922.67
        1.93     0.999915     16905833     11702.86
        1.94     0.999921     16905922     12603.08
        1.94     0.999927     16906005     13653.33
        1.95     0.999933     16906065     14894.55
        1.97     0.999939     16906175     16384.00
        1.98     0.999942     16906237     17246.32
        1.98     0.999945     16906300     18204.44
        1.99     0.999948     16906367     19275.29
        1.99     0.999951     16906367     20480.00
        2.00     0.999954     16906431     21845.33
        2.01     0.999957     16906488     23405.71
        2.02     0.999960     16906518     25206.15
        2.03     0.999963     16906581     27306.67
        2.06     0.999966     16906642     29789.09
        2.10     0.999969     16906680     32768.00
        2.13     0.999971     16906701     34492.63
        2.17     0.999973     16906728     36408.89
        2.22     0.999974     16906753     38550.59
        2.27     0.999976     16906781     40960.00
        2.32     0.999977     16906803     43690.67
        2.38     0.999979     16906828     46811.43
        2.53     0.999980     16906859     50412.31
        2.54     0.999982     16906881     54613.33
        2.59     0.999983     16906905     59578.18
        3.44     0.999985     16906951     65536.00
        3.44     0.999986     16906951     68985.26
        3.46     0.999986     16906959     72817.78
        3.52     0.999987     16906968     77101.18
        3.82     0.999988     16907010     81920.00
        3.82     0.999989     16907010     87381.33
        3.82     0.999989     16907010     93622.86
        3.84     0.999990     16907022    100824.62
        4.58     0.999991     16907052    109226.67
        4.58     0.999992     16907052    119156.36
        4.61     0.999992     16907061    131072.00
        4.86     0.999993     16907066    137970.53
        5.34     0.999993     16907071    145635.56
        8.19     0.999994     16907098    154202.35
        8.19     0.999994     16907098    163840.00
        8.19     0.999994     16907098    174762.67
        8.19     0.999995     16907098    187245.71
       79.87     0.999995     16907106    201649.23
       80.38     0.999995     16907135    218453.33
       80.38     0.999996     16907135    238312.73
       80.38     0.999996     16907135    262144.00
       80.38     0.999996     16907135    275941.05
       80.38     0.999997     16907135    291271.11
       80.38     0.999997     16907135    308404.71
       80.89     0.999997     16907139    327680.00
       80.89     0.999997     16907139    349525.33
       81.41     0.999997     16907142    374491.43
      173.06     0.999998     16907186    403298.46
      173.06     0.999998     16907186    436906.67
      173.06     0.999998     16907186    476625.45
      173.06     0.999998     16907186    524288.00
      173.06     0.999998     16907186    551882.11
      173.06     0.999998     16907186    582542.22
      173.06     0.999998     16907186    616809.41
      173.06     0.999998     16907186    655360.00
      173.06     0.999999     16907186    699050.67
      173.06     0.999999     16907186    748982.86
      173.06     0.999999     16907186    806596.92
      173.06     0.999999     16907186    873813.33
      173.06     0.999999     16907186    953250.91
      173.06     0.999999     16907186   1048576.00
      173.06     0.999999     16907186   1103764.21
      173.06     0.999999     16907186   1165084.44
      173.06     0.999999     16907186   1233618.82
      173.06     0.999999     16907186   1310720.00
      173.06     0.999999     16907186   1398101.33
      173.06     0.999999     16907186   1497965.71
      173.06     0.999999     16907186   1613193.85
      173.06     0.999999     16907186   1747626.67
      173.06     0.999999     16907186   1906501.82
      173.06     1.000000     16907186   2097152.00
      173.06     1.000000     16907186   2207528.42
      173.06     1.000000     16907186   2330168.89
      173.06     1.000000     16907186   2467237.65
      173.06     1.000000     16907186   2621440.00
      173.06     1.000000     16907186   2796202.67
      173.06     1.000000     16907186   2995931.43
      173.06     1.000000     16907186   3226387.69
      173.06     1.000000     16907186   3495253.33
      173.06     1.000000     16907186   3813003.64
      173.06     1.000000     16907186   4194304.00
      173.06     1.000000     16907186   4415056.84
      173.06     1.000000     16907186   4660337.78
      173.06     1.000000     16907186   4934475.29
      173.06     1.000000     16907186   5242880.00
      173.06     1.000000     16907186   5592405.33
      173.06     1.000000     16907186   5991862.86
      173.06     1.000000     16907186   6452775.39
      173.06     1.000000     16907186   6990506.67
      173.06     1.000000     16907186   7626007.28
      173.06     1.000000     16907186   8388608.00
      173.06     1.000000     16907186   8830113.68
      173.06     1.000000     16907186   9320675.55
      173.06     1.000000     16907186   9868950.59
      173.06     1.000000     16907186  10485760.00
      173.06     1.000000     16907186  11184810.67
      173.06     1.000000     16907186  11983725.71
      173.06     1.000000     16907186  12905550.76
      173.06     1.000000     16907186  13981013.34
      173.06     1.000000     16907186  15252014.55
      173.06     1.000000     16907186  16777216.00
      175.10     1.000000     16907187  17660227.38
      175.10     1.000000     16907187          inf
#[Mean    =        0.738, StdDeviation   =        0.359]
#[Max     =      175.103, Total count    =     16907187]
#[Buckets =           20, SubBuckets     =          256]
