       Value   Percentile   TotalCount 1/(1-Percentile)

        0.02     0.000000         1334         1.00
        0.44     0.050000       711702         1.05
        0.69     0.100000      1429520         1.11
        0.77     0.150000      2270248         1.18
        0.78     0.200000      3005219         1.25
        0.80     0.250000      4116467         1.33
        0.81     0.300000      4820110         1.43
        0.81     0.350000      5597749         1.54
        0.82     0.400000      6413257         1.67
        0.82     0.450000      6413257         1.82
        0.83     0.500000      7245903         2.00
        0.84     0.525000      8069336         2.11
        0.84     0.550000      8069336         2.22
        0.85     0.575000      8852375         2.35
        0.85     0.600000      8852375         2.50
        0.85     0.625000      8852375         2.67
        0.85     0.650000      9573048         2.86
        0.85     0.675000      9573048         3.08
        0.86     0.700000     10229298         3.33
        0.86     0.725000     10229298         3.64
        0.87     0.750000     10809386         4.00
        0.87     0.762500     10809386         4.21
        0.88     0.775000     11314450         4.44
        0.88     0.787500     11314450         4.71
        0.88     0.800000     11314450         5.00
        0.89     0.812500     11745283         5.33
        0.89     0.825000     11745283         5.71
        0.90     0.837500     12106892         6.15
        0.90     0.850000     12106892         6.67
        0.90     0.862500     12405848         7.27
        0.90     0.875000     12405848         8.00
        0.91     0.881250     12648411         8.42
        0.91     0.887500     12648411         8.89
        0.91     0.893750     12648411         9.41
        0.92     0.900000     12841947        10.00
        0.92     0.906250     12841947        10.67
        0.93     0.912500     12993072        11.43
        0.93     0.918750     12993072        12.31
        0.94     0.925000     13110300        13.33
        0.94     0.931250     13199979        14.55
        0.95     0.937500     13265270        16.00
        0.95     0.940625     13265270        16.84
        0.96     0.943750     13314927        17.78
        0.97     0.946875     13351702        18.82
        0.98     0.950000     13403533        20.00
        1.00     0.953125     13436399        21.33
        1.03     0.956250     13477519        22.86
        1.09     0.959375     13523706        24.62
        1.14     0.962500     13563023        26.67
        1.18     0.965625     13611880        29.09
        1.22     0.968750     13652120        32.00
        1.25     0.970313     13678639        33.68
        1.28     0.971875     13695074        35.56
        1.33     0.973437     13718819        37.65
        1.42     0.975000     13739208        40.00
        1.52     0.976562     13761119        42.67
        1.56     0.978125     13783321        45.71
        1.59     0.979688     13812996        49.23
        1.61     0.981250     13832371        53.33
        1.62     0.982812     13854360        58.18
        1.64     0.984375     13878439        64.00
        1.65     0.985156     13890707        67.37
        1.66     0.985938     13903193        71.11
        1.66     0.986719     13915513        75.29
        1.66     0.987500     13915513        80.00
        1.67     0.988281     13927753        85.33
        1.68     0.989062     13939625        91.43
        1.69     0.989844     13951048        98.46
        1.70     0.990625     13961738       106.67
        1.70     0.991406     13971916       116.36
        1.71     0.992188     13981650       128.00
        1.72     0.992578     13990629       134.74
        1.73     0.992969     13999103       142.22
        1.73     0.993359     13999103       150.59
        1.74     0.993750     14006848       160.00
        1.74     0.994141     14014169       170.67
        1.75     0.994531     14020968       182.86
        1.75     0.994922     14020968       196.92
        1.76     0.995313     14027130       213.33
        1.77     0.995703     14032733       232.73
        1.77     0.996094     14037806       256.00
        1.78     0.996289     14042542       269.47
        1.78     0.996484     14042542       284.44
        1.79     0.996680     14046732       301.18
        1.80     0.996875     14050518       320.00
        1.80     0.997070     14050518       341.33
        1.81     0.997266     14053661       365.71
        1.81     0.997461     14056539       393.85
        1.82     0.997656     14059032       426.67
        1.84     0.997852     14062829       465.45
        1.85     0.998047     14064259       512.00
        1.85     0.998145     14065422       538.95
        1.87     0.998242     14067138       568.89
        1.89     0.998340     14068201       602.35
        1.92     0.998437     14069486       640.00
        1.95     0.998535     14070898       682.67
        1.98     0.998633     14072856       731.43
        1.98     0.998730     14073778       787.69
        2.00     0.998828     14075746       853.33
        2.01     0.998926     14076760       930.91
        2.02     0.999023     14078179      1024.00
        2.02     0.999072     14079497      1077.89
        2.02     0.999121     14079497      1137.78
        2.03     0.999170     14080690      1204.71
        2.03     0.999219     14080690      1280.00
        2.04     0.999268     14082060      1365.33
        2.04     0.999316     14082060      1462.86
        2.05     0.999365     14083249      1575.38
        2.05     0.999414     14083249      1706.67
        2.06     0.999463     14084938      1861.82
        2.06     0.999512     14084938      2048.00
        2.06     0.999536     14084938      2155.79
        2.08     0.999561     14086448      2275.56
        2.08     0.999585     14086448      2409.41
        2.08     0.999609     14086448      2560.00
        2.08     0.999634     14086448      2730.67
        2.10     0.999658     14087389      2925.71
        2.10     0.999683     14087389      3150.77
        2.10     0.999707     14087389      3413.33
        2.11     0.999731     14088087      3723.64
        2.11     0.999756     14088087      4096.00
        2.13     0.999768     14088448      4311.58
        2.13     0.999780     14088448      4551.11
        2.13     0.999792     14088448      4818.82
        2.14     0.999805     14088655      5120.00
        2.17     0.999817     14088874      5461.33
        2.21     0.999829     14088962      5851.43
        2.29     0.999841     14089138      6301.54
        2.35     0.999854     14089303      6826.67
        2.42     0.999866     14089525      7447.27
        2.45     0.999878     14089644      8192.00
        2.48     0.999884     14089753      8623.16
        2.51     0.999890     14089856      9102.22
        2.54     0.999896     14089909      9637.65
        2.62     0.999902     14090020     10240.00
        2.70     0.999908     14090069     10922.67
        2.78     0.999915     14090170     11702.86
        2.81     0.999921     14090283     12603.08
        2.83     0.999927     14090352     13653.33
        2.85     0.999933     14090418     14894.55
        2.86     0.999939     14090498     16384.00
        2.88     0.999942     14090601     17246.32
        2.88     0.999945     14090601     18204.44
        2.90     0.999948     14090699     19275.29
        2.90     0.999951     14090699     20480.00
        2.91     0.999954     14090786     21845.33
        2.91     0.999957     14090786     23405.71
        2.93     0.999960     14090844     25206.15
        2.93     0.999963     14090844     27306.67
        2.94     0.999966     14090924     29789.09
        2.96     0.999969     14090973     32768.00
        2.96     0.999971     14090973     34492.63
        2.96     0.999973     14090973     36408.89
        2.98     0.999974     14091007     38550.59
        2.99     0.999976     14091031     40960.00
        3.01     0.999977     14091060     43690.67
        3.01     0.999979     14091060     46811.43
        3.02     0.999980     14091084     50412.31
        3.04     0.999982     14091109     54613.33
        3.06     0.999983     14091120     59578.18
        3.26     0.999985     14091141     65536.00
        3.98     0.999986     14091152     68985.26
        4.93     0.999986     14091200     72817.78
        4.93     0.999987     14091200     77101.18
        4.93     0.999988     14091200     81920.00
        4.93     0.999989     14091200     87381.33
        4.96     0.999989     14091210     93622.86
        4.99     0.999990     14091254    100824.62
        4.99     0.999991     14091254    109226.67
        4.99     0.999992     14091254    119156.36
        4.99     0.999992     14091254    131072.00
        4.99     0.999993     14091254    137970.53
        5.95     0.999993     14091260    145635.56
        7.42     0.999994     14091270    154202.35
        7.42     0.999994     14091270    163840.00
        7.46     0.999994     14091308    174762.67
        7.46     0.999995     14091308    187245.71
        7.46     0.999995     14091308    201649.23
        7.46     0.999995     14091308    218453.33
        7.46     0.999996     14091308    238312.73
        7.46     0.999996     14091308    262144.00
        7.46     0.999996     14091308    275941.05
        7.46     0.999997     14091308    291271.11
       52.48     0.999997     14091312    308404.71
       52.73     0.999997     14091330    327680.00
       52.73     0.999997     14091330    349525.33
       52.73     0.999997     14091330    374491.43
       52.73     0.999998     14091330    403298.46
       52.73     0.999998     14091330    436906.67
       52.73     0.999998     14091330    476625.45
       52.73     0.999998     14091330    524288.00
       52.99     0.999998     14091351    551882.11
       52.99     0.999998     14091351    582542.22
       52.99     0.999998     14091351    616809.41
       52.99     0.999998     14091351    655360.00
       52.99     0.999999     14091351    699050.67
       52.99     0.999999     14091351    748982.86
       52.99     0.999999     14091351    806596.92
       52.99     0.999999     14091351    873813.33
       52.99     0.999999     14091351    953250.91
       52.99     0.999999     14091351   1048576.00
       52.99     0.999999     14091351   1103764.21
       52.99     0.999999     14091351   1165084.44
       52.99     0.999999     14091351   1233618.82
       52.99     0.999999     14091351   1310720.00
       52.99     0.999999     14091351   1398101.33
       52.99     0.999999     14091351   1497965.71
       52.99     0.999999     14091351   1613193.85
       52.99     0.999999     14091351   1747626.67
       52.99     0.999999     14091351   1906501.82
       52.99     1.000000     14091351   2097152.00
       52.99     1.000000     14091351   2207528.42
       52.99     1.000000     14091351   2330168.89
       52.99     1.000000     14091351   2467237.65
       52.99     1.000000     14091351   2621440.00
       52.99     1.000000     14091351   2796202.67
       53.25     1.000000     14091355   2995931.43
       53.25     1.000000     14091355   3226387.69
       53.25     1.000000     14091355   3495253.33
       53.25     1.000000     14091355   3813003.64
       53.25     1.000000     14091355   4194304.00
       53.25     1.000000     14091355   4415056.84
       53.25     1.000000     14091355   4660337.78
       53.25     1.000000     14091355   4934475.29
       53.25     1.000000     14091355   5242880.00
       53.25     1.000000     14091355   5592405.33
       53.25     1.000000     14091355   5991862.86
       53.25     1.000000     14091355   6452775.39
       53.25     1.000000     14091355   6990506.67
       53.25     1.000000     14091355   7626007.28
       53.25     1.000000     14091355   8388608.00
       53.25     1.000000     14091355   8830113.68
       53.25     1.000000     14091355   9320675.55
       53.25     1.000000     14091355   9868950.59
       53.25     1.000000     14091355  10485760.00
       53.25     1.000000     14091355  11184810.67
       53.25     1.000000     14091355  11983725.71
       53.25     1.000000     14091355  12905550.76
       53.25     1.000000     14091355  13981013.34
       56.32     1.000000     14091356  15252014.55
       56.32     1.000000     14091356          inf
#[Mean    =        0.821, StdDeviation   =        0.235]
#[Max     =       56.319, Total count    =     14091356]
#[Buckets =           20, SubBuckets     =          256]
