ping
calls
1
histogram_usec
8
1
get
calls
14081774
histogram_usec
1
9695188
2
13761975
4
14071066
8
14080054
16
14081368
33
14081746
66
14081766
132
14081768
264
14081771
528
14081774
dbsize
calls
1
histogram_usec
2
1
setex
calls
14081826
histogram_usec
1
5167858
2
11594325
4
13917298
8
14063927
16
14077455
33
14081404
66
14081790
132
14081811
264
14081814
528
14081822
1056
14081824
2113
14081825
4227
14081826
latency|histogram
calls
1
histogram_usec
132
1
latency|latest
calls
2
histogram_usec
4
1
8
2
info
calls
2
histogram_usec
264
2
