       Value   Percentile   TotalCount 1/(1-Percentile)

        0.41     0.000000            1         1.00
        1.85     0.050000      2899013         1.05
        1.90     0.100000      6138120         1.11
        1.92     0.150000      8810753         1.18
        1.94     0.200000     11898094         1.25
        1.96     0.250000     14083001         1.33
        1.98     0.300000     17377015         1.43
        2.01     0.350000     20473300         1.54
        2.03     0.400000     23195147         1.67
        2.06     0.450000     26083315         1.82
        2.10     0.500000     28112536         2.00
        2.14     0.525000     29868650         2.11
        2.22     0.550000     30926145         2.22
        2.93     0.575000     32321215         2.35
        3.02     0.600000     33828132         2.50
        3.09     0.625000     35440504         2.67
        3.12     0.650000     36448365         2.86
        3.17     0.675000     38201126         3.08
        3.20     0.700000     39511093         3.33
        3.23     0.725000     40899313         3.64
        3.26     0.750000     42328109         4.00
        3.28     0.762500     43035819         4.21
        3.29     0.775000     43733551         4.44
        3.31     0.787500     44410835         4.71
        3.33     0.800000     45065412         5.00
        3.34     0.812500     45685900         5.33
        3.36     0.825000     46274632         5.71
        3.39     0.837500     47349174         6.15
        3.41     0.850000     47842340         6.67
        3.44     0.862500     48767672         7.27
        3.46     0.875000     49212049         8.00
        3.47     0.881250     49660042         8.42
        3.49     0.887500     50110764         8.89
        3.50     0.893750     50565950         9.41
        3.50     0.900000     50565950        10.00
        3.52     0.906250     51025153        10.67
        3.54     0.912500     51485628        11.43
        3.55     0.918750     51939288        12.31
        3.55     0.925000     51939288        13.33
        3.57     0.931250     52383627        14.55
        3.58     0.937500     52805249        16.00
        3.58     0.940625     52805249        16.84
        3.60     0.943750     53200472        17.78
        3.60     0.946875     53200472        18.82
        3.62     0.950000     53563310        20.00
        3.62     0.953125     53563310        21.33
        3.63     0.956250     53892864        22.86
        3.63     0.959375     53892864        24.62
        3.65     0.962500     54181867        26.67
        3.65     0.965625     54181867        29.09
        3.66     0.968750     54434319        32.00
        3.66     0.970313     54434319        33.68
        3.68     0.971875     54653863        35.56
        3.68     0.973437     54653863        37.65
        3.69     0.975000     54839036        40.00
        3.69     0.976562     54839036        42.67
        3.71     0.978125     54996576        45.71
        3.71     0.979688     54996576        49.23
        3.73     0.981250     55131731        53.33
        3.73     0.982812     55131731        58.18
        3.74     0.984375     55245912        64.00
        3.74     0.985156     55245912        67.37
        3.76     0.985938     55343361        71.11
        3.76     0.986719     55343361        75.29
        3.77     0.987500     55429480        80.00
        3.77     0.988281     55429480        85.33
        3.79     0.989062     55503909        91.43
        3.81     0.989844     55571917        98.46
        3.81     0.990625     55571917       106.67
        3.82     0.991406     55634238       116.36
        3.84     0.992188     55688977       128.00
        3.84     0.992578     55688977       134.74
        3.84     0.992969     55688977       142.22
        3.85     0.993359     55739800       150.59
        3.85     0.993750     55739800       160.00
        3.87     0.994141     55786464       170.67
        3.87     0.994531     55786464       182.86
        3.89     0.994922     55827543       196.92
        3.89     0.995313     55827543       213.33
        3.90     0.995703     55864196       232.73
        3.90     0.996094     55864196       256.00
        3.92     0.996289     55896614       269.47
        3.92     0.996484     55896614       284.44
        3.92     0.996680     55896614       301.18
        3.94     0.996875     55925333       320.00
        3.94     0.997070     55925333       341.33
        3.94     0.997266     55925333       365.71
        3.95     0.997461     55950025       393.85
        3.95     0.997656     55950025       426.67
        3.97     0.997852     55970230       465.45
        3.97     0.998047     55970230       512.00
        3.97     0.998145     55970230       538.95
        3.98     0.998242     55987728       568.89
        3.98     0.998340     55987728       602.35
        3.98     0.998437     55987728       640.00
        4.00     0.998535     56001947       682.67
        4.00     0.998633     56001947       731.43
        4.01     0.998730     56013482       787.69
        4.01     0.998828     56013482       853.33
        4.01     0.998926     56013482       930.91
        4.03     0.999023     56022877      1024.00
        4.03     0.999072     56022877      1077.89
        4.05     0.999121     56030461      1137.78
        4.05     0.999170     56030461      1204.71
        4.05     0.999219     56030461      1280.00
        4.06     0.999268     56036503      1365.33
        4.06     0.999316     56036503      1462.86
        4.08     0.999365     56041675      1575.38
        4.08     0.999414     56041675      1706.67
        4.09     0.999463     56045717      1861.82
        4.13     0.999512     56051418      2048.00
        4.13     0.999536     56051418      2155.79
        4.13     0.999561     56051418      2275.56
        4.13     0.999585     56051418      2409.41
        4.16     0.999609     56055435      2560.00
        4.16     0.999634     56055435      2730.67
        4.16     0.999658     56055435      2925.71
        4.19     0.999683     56058211      3150.77
        4.19     0.999707     56058211      3413.33
        4.22     0.999731     56060208      3723.64
        4.22     0.999756     56060208      4096.00
        4.25     0.999768     56061772      4311.58
        4.25     0.999780     56061772      4551.11
        4.29     0.999792     56063052      4818.82
        4.29     0.999805     56063052      5120.00
        4.32     0.999817     56064179      5461.33
        4.32     0.999829     56064179      5851.43
        4.35     0.999841     56065221      6301.54
        4.38     0.999854     56066140      6826.67
        4.38     0.999866     56066140      7447.27
        4.42     0.999878     56066874      8192.00
        4.45     0.999884     56067626      8623.16
        4.45     0.999890     56067626      9102.22
        4.48     0.999896     56068244      9637.65
        4.48     0.999902     56068244     10240.00
        4.51     0.999908     56068835     10922.67
        4.51     0.999915     56068835     11702.86
        4.54     0.999921     56069389     12603.08
        4.58     0.999927     56069934     13653.33
        4.58     0.999933     56069934     14894.55
        4.61     0.999939     56070430     16384.00
        4.61     0.999942     56070430     17246.32
        4.61     0.999945     56070430     18204.44
        4.64     0.999948     56070875     19275.29
        4.64     0.999951     56070875     20480.00
        4.67     0.999954     56071334     21845.33
        4.67     0.999957     56071334     23405.71
        4.67     0.999960     56071334     25206.15
        4.70     0.999963     56071636     27306.67
        4.70     0.999966     56071636     29789.09
        4.74     0.999969     56071866     32768.00
        4.77     0.999971     56072154     34492.63
        4.77     0.999973     56072154     36408.89
        4.77     0.999974     56072154     38550.59
        4.77     0.999976     56072154     40960.00
        4.80     0.999977     56072349     43690.67
        4.80     0.999979     56072349     46811.43
        4.83     0.999980     56072528     50412.31
        4.83     0.999982     56072528     54613.33
        4.86     0.999983     56072680     59578.18
        4.86     0.999985     56072680     65536.00
        4.89     0.999986     56072812     68985.26
        4.89     0.999986     56072812     72817.78
        4.89     0.999987     56072812     77101.18
        4.93     0.999988     56072934     81920.00
        4.93     0.999989     56072934     87381.33
        4.93     0.999989     56072934     93622.86
        4.96     0.999990     56073007    100824.62
        4.96     0.999991     56073007    109226.67
        4.99     0.999992     56073088    119156.36
        4.99     0.999992     56073088    131072.00
        5.02     0.999993     56073151    137970.53
        5.02     0.999993     56073151    145635.56
        5.02     0.999994     56073151    154202.35
        5.05     0.999994     56073187    163840.00
        5.09     0.999994     56073243    174762.67
        5.09     0.999995     56073243    187245.71
        5.09     0.999995     56073243    201649.23
        5.12     0.999995     56073312    218453.33
        5.12     0.999996     56073312    238312.73
        5.12     0.999996     56073312    262144.00
        5.12     0.999996     56073312    275941.05
        5.15     0.999997     56073353    291271.11
        5.15     0.999997     56073353    308404.71
        5.15     0.999997     56073353    327680.00
        5.15     0.999997     56073353    349525.33
        5.18     0.999997     56073379    374491.43
        5.18     0.999998     56073379    403298.46
        5.21     0.999998     56073394    436906.67
        5.21     0.999998     56073394    476625.45
        5.25     0.999998     56073403    524288.00
        5.28     0.999998     56073419    551882.11
        5.28     0.999998     56073419    582542.22
        5.28     0.999998     56073419    616809.41
        5.31     0.999998     56073439    655360.00
        5.31     0.999999     56073439    699050.67
        5.31     0.999999     56073439    748982.86
        5.31     0.999999     56073439    806596.92
        5.34     0.999999     56073451    873813.33
        5.34     0.999999     56073451    953250.91
        5.38     0.999999     56073464   1048576.00
        5.38     0.999999     56073464   1103764.21
        5.38     0.999999     56073464   1165084.44
        5.38     0.999999     56073464   1233618.82
        5.41     0.999999     56073475   1310720.00
        5.41     0.999999     56073475   1398101.33
        5.41     0.999999     56073475   1497965.71
        5.41     0.999999     56073475   1613193.85
        5.44     0.999999     56073489   1747626.67
        5.44     0.999999     56073489   1906501.82
        5.44     1.000000     56073489   2097152.00
        5.44     1.000000     56073489   2207528.42
        5.44     1.000000     56073489   2330168.89
        5.44     1.000000     56073489   2467237.65
        5.44     1.000000     56073489   2621440.00
        5.44     1.000000     56073489   2796202.67
        5.47     1.000000     56073491   2995931.43
        5.47     1.000000     56073491   3226387.69
        5.50     1.000000     56073494   3495253.33
        5.50     1.000000     56073494   3813003.64
        5.54     1.000000     56073497   4194304.00
        5.54     1.000000     56073497   4415056.84
        5.54     1.000000     56073497   4660337.78
        5.54     1.000000     56073497   4934475.29
        5.57     1.000000     56073500   5242880.00
        5.57     1.000000     56073500   5592405.33
        5.57     1.000000     56073500   5991862.86
        5.57     1.000000     56073500   6452775.39
        5.57     1.000000     56073500   6990506.67
        5.60     1.000000     56073502   7626007.28
        5.60     1.000000     56073502   8388608.00
        5.60     1.000000     56073502   8830113.68
        5.60     1.000000     56073502   9320675.55
        5.63     1.000000     56073506   9868950.59
        5.63     1.000000     56073506  10485760.00
        5.63     1.000000     56073506  11184810.67
        5.63     1.000000     56073506  11983725.71
        5.63     1.000000     56073506  12905550.76
        5.63     1.000000     56073506  13981013.34
        5.63     1.000000     56073506  15252014.55
        5.63     1.000000     56073506  16777216.00
        5.63     1.000000     56073506  17660227.38
        5.63     1.000000     56073506  18641351.10
        5.63     1.000000     56073506  19737901.19
        5.63     1.000000     56073506  20971519.98
        5.63     1.000000     56073506  22369621.33
        5.63     1.000000     56073506  23967451.45
        5.63     1.000000     56073506  25811101.52
        5.63     1.000000     56073506  27962026.68
        5.76     1.000000     56073508  30504029.05
        5.76     1.000000     56073508          inf
#[Mean    =        2.567, StdDeviation   =        0.685]
#[Max     =        5.759, Total count    =     56073508]
#[Buckets =           20, SubBuckets     =          256]
