       Value   Percentile   TotalCount 1/(1-Percentile)

        0.41     0.000000            2         1.00
        1.85     0.050000      5798160         1.05
        1.90     0.100000     12276472         1.11
        1.92     0.150000     17621831         1.18
        1.94     0.200000     23796661         1.25
        1.96     0.250000     28166529         1.33
        1.98     0.300000     34754673         1.43
        2.01     0.350000     40947399         1.54
        2.03     0.400000     46391206         1.67
        2.06     0.450000     52167656         1.82
        2.10     0.500000     56226144         2.00
        2.14     0.525000     59738325         2.11
        2.22     0.550000     61853042         2.22
        2.93     0.575000     64642613         2.35
        3.02     0.600000     67656368         2.50
        3.09     0.625000     70880999         2.67
        3.12     0.650000     72896672         2.86
        3.17     0.675000     76402110         3.08
        3.20     0.700000     79021946         3.33
        3.23     0.725000     81798322         3.64
        3.26     0.750000     84655838         4.00
        3.28     0.762500     86071233         4.21
        3.29     0.775000     87466683         4.44
        3.31     0.787500     88821232         4.71
        3.33     0.800000     90130369         5.00
        3.34     0.812500     91371336         5.33
        3.36     0.825000     92548798         5.71
        3.39     0.837500     94697897         6.15
        3.41     0.850000     95684241         6.67
        3.44     0.862500     97534949         7.27
        3.46     0.875000     98423737         8.00
        3.47     0.881250     99319757         8.42
        3.49     0.887500    100221273         8.89
        3.50     0.893750    101131721         9.41
        3.50     0.900000    101131721        10.00
        3.52     0.906250    102050176        10.67
        3.54     0.912500    102971156        11.43
        3.55     0.918750    103878513        12.31
        3.55     0.925000    103878513        13.33
        3.57     0.931250    104767238        14.55
        3.58     0.937500    105610484        16.00
        3.58     0.940625    105610484        16.84
        3.60     0.943750    106400961        17.78
        3.60     0.946875    106400961        18.82
        3.62     0.950000    107126673        20.00
        3.62     0.953125    107126673        21.33
        3.63     0.956250    107785815        22.86
        3.63     0.959375    107785815        24.62
        3.65     0.962500    108363828        26.67
        3.65     0.965625    108363828        29.09
        3.66     0.968750    108868745        32.00
        3.66     0.970313    108868745        33.68
        3.68     0.971875    109307861        35.56
        3.68     0.973437    109307861        37.65
        3.69     0.975000    109678205        40.00
        3.69     0.976562    109678205        42.67
        3.71     0.978125    109993280        45.71
        3.71     0.979688    109993280        49.23
        3.73     0.981250    110263596        53.33
        3.73     0.982812    110263596        58.18
        3.74     0.984375    110491931        64.00
        3.74     0.985156    110491931        67.37
        3.76     0.985938    110686821        71.11
        3.76     0.986719    110686821        75.29
        3.77     0.987500    110859062        80.00
        3.77     0.988281    110859062        85.33
        3.79     0.989062    111007932        91.43
        3.81     0.989844    111143949        98.46
        3.81     0.990625    111143949       106.67
        3.82     0.991406    111268595       116.36
        3.84     0.992188    111378069       128.00
        3.84     0.992578    111378069       134.74
        3.84     0.992969    111378069       142.22
        3.85     0.993359    111479718       150.59
        3.85     0.993750    111479718       160.00
        3.87     0.994141    111573042       170.67
        3.87     0.994531    111573042       182.86
        3.89     0.994922    111655215       196.92
        3.89     0.995313    111655215       213.33
        3.90     0.995703    111728516       232.73
        3.90     0.996094    111728516       256.00
        3.92     0.996289    111793360       269.47
        3.92     0.996484    111793360       284.44
        3.92     0.996680    111793360       301.18
        3.94     0.996875    111850777       320.00
        3.94     0.997070    111850777       341.33
        3.94     0.997266    111850777       365.71
        3.95     0.997461    111900163       393.85
        3.95     0.997656    111900163       426.67
        3.97     0.997852    111940563       465.45
        3.97     0.998047    111940563       512.00
        3.97     0.998145    111940563       538.95
        3.98     0.998242    111975561       568.89
        3.98     0.998340    111975561       602.35
        3.98     0.998437    111975561       640.00
        4.00     0.998535    112003990       682.67
        4.00     0.998633    112003990       731.43
        4.01     0.998730    112027069       787.69
        4.01     0.998828    112027069       853.33
        4.01     0.998926    112027069       930.91
        4.03     0.999023    112045859      1024.00
        4.03     0.999072    112045859      1077.89
        4.05     0.999121    112061031      1137.78
        4.05     0.999170    112061031      1204.71
        4.05     0.999219    112061031      1280.00
        4.06     0.999268    112073115      1365.33
        4.06     0.999316    112073115      1462.86
        4.08     0.999365    112083463      1575.38
        4.08     0.999414    112083463      1706.67
        4.09     0.999463    112091550      1861.82
        4.13     0.999512    112102953      2048.00
        4.13     0.999536    112102953      2155.79
        4.13     0.999561    112102953      2275.56
        4.13     0.999585    112102953      2409.41
        4.16     0.999609    112110980      2560.00
        4.16     0.999634    112110980      2730.67
        4.16     0.999658    112110980      2925.71
        4.19     0.999683    112116531      3150.77
        4.19     0.999707    112116531      3413.33
        4.22     0.999731    112120521      3723.64
        4.22     0.999756    112120521      4096.00
        4.25     0.999768    112123650      4311.58
        4.25     0.999780    112123650      4551.11
        4.29     0.999792    112126209      4818.82
        4.29     0.999805    112126209      5120.00
        4.32     0.999817    112128461      5461.33
        4.32     0.999829    112128461      5851.43
        4.35     0.999841    112130543      6301.54
        4.38     0.999854    112132381      6826.67
        4.38     0.999866    112132381      7447.27
        4.42     0.999878    112133849      8192.00
        4.45     0.999884    112135354      8623.16
        4.45     0.999890    112135354      9102.22
        4.48     0.999896    112136590      9637.65
        4.48     0.999902    112136590     10240.00
        4.51     0.999908    112137772     10922.67
        4.51     0.999915    112137772     11702.86
        4.54     0.999921    112138881     12603.08
        4.58     0.999927    112139971     13653.33
        4.58     0.999933    112139971     14894.55
        4.61     0.999939    112140963     16384.00
        4.61     0.999942    112140963     17246.32
        4.61     0.999945    112140963     18204.44
        4.64     0.999948    112141853     19275.29
        4.64     0.999951    112141853     20480.00
        4.67     0.999954    112142771     21845.33
        4.67     0.999957    112142771     23405.71
        4.67     0.999960    112142771     25206.15
        4.70     0.999963    112143374     27306.67
        4.70     0.999966    112143374     29789.09
        4.74     0.999969    112143833     32768.00
        4.77     0.999971    112144409     34492.63
        4.77     0.999973    112144409     36408.89
        4.77     0.999974    112144409     38550.59
        4.77     0.999976    112144409     40960.00
        4.80     0.999977    112144799     43690.67
        4.80     0.999979    112144799     46811.43
        4.83     0.999980    112145158     50412.31
        4.83     0.999982    112145158     54613.33
        4.86     0.999983    112145461     59578.18
        4.86     0.999985    112145461     65536.00
        4.89     0.999986    112145725     68985.26
        4.89     0.999986    112145725     72817.78
        4.89     0.999987    112145725     77101.18
        4.93     0.999988    112145969     81920.00
        4.93     0.999989    112145969     87381.33
        4.93     0.999989    112145969     93622.86
        4.96     0.999990    112146115    100824.62
        4.96     0.999991    112146115    109226.67
        4.99     0.999992    112146277    119156.36
        4.99     0.999992    112146277    131072.00
        5.02     0.999993    112146403    137970.53
        5.02     0.999993    112146403    145635.56
        5.02     0.999994    112146403    154202.35
        5.05     0.999994    112146475    163840.00
        5.05     0.999994    112146475    174762.67
        5.09     0.999995    112146587    187245.71
        5.09     0.999995    112146587    201649.23
        5.12     0.999995    112146725    218453.33
        5.12     0.999996    112146725    238312.73
        5.12     0.999996    112146725    262144.00
        5.12     0.999996    112146725    275941.05
        5.15     0.999997    112146807    291271.11
        5.15     0.999997    112146807    308404.71
        5.15     0.999997    112146807    327680.00
        5.15     0.999997    112146807    349525.33
        5.18     0.999997    112146859    374491.43
        5.18     0.999998    112146859    403298.46
        5.21     0.999998    112146889    436906.67
        5.21     0.999998    112146889    476625.45
        5.25     0.999998    112146907    524288.00
        5.28     0.999998    112146939    551882.11
        5.28     0.999998    112146939    582542.22
        5.28     0.999998    112146939    616809.41
        5.31     0.999998    112146978    655360.00
        5.31     0.999999    112146978    699050.67
        5.31     0.999999    112146978    748982.86
        5.31     0.999999    112146978    806596.92
        5.34     0.999999    112147002    873813.33
        5.34     0.999999    112147002    953250.91
        5.38     0.999999    112147028   1048576.00
        5.38     0.999999    112147028   1103764.21
        5.38     0.999999    112147028   1165084.44
        5.38     0.999999    112147028   1233618.82
        5.41     0.999999    112147050   1310720.00
        5.41     0.999999    112147050   1398101.33
        5.41     0.999999    112147050   1497965.71
        5.41     0.999999    112147050   1613193.85
        5.44     0.999999    112147078   1747626.67
        5.44     0.999999    112147078   1906501.82
        5.44     1.000000    112147078   2097152.00
        5.44     1.000000    112147078   2207528.42
        5.44     1.000000    112147078   2330168.89
        5.44     1.000000    112147078   2467237.65
        5.44     1.000000    112147078   2621440.00
        5.44     1.000000    112147078   2796202.67
        5.47     1.000000    112147082   2995931.43
        5.47     1.000000    112147082   3226387.69
        5.50     1.000000    112147088   3495253.33
        5.50     1.000000    112147088   3813003.64
        5.54     1.000000    112147094   4194304.00
        5.54     1.000000    112147094   4415056.84
        5.54     1.000000    112147094   4660337.78
        5.54     1.000000    112147094   4934475.29
        5.57     1.000000    112147100   5242880.00
        5.57     1.000000    112147100   5592405.33
        5.57     1.000000    112147100   5991862.86
        5.57     1.000000    112147100   6452775.39
        5.57     1.000000    112147100   6990506.67
        5.60     1.000000    112147104   7626007.28
        5.60     1.000000    112147104   8388608.00
        5.60     1.000000    112147104   8830113.68
        5.60     1.000000    112147104   9320675.55
        5.63     1.000000    112147112   9868950.59
        5.63     1.000000    112147112  10485760.00
        5.63     1.000000    112147112  11184810.67
        5.63     1.000000    112147112  11983725.71
        5.63     1.000000    112147112  12905550.76
        5.63     1.000000    112147112  13981013.34
        5.63     1.000000    112147112  15252014.55
        5.63     1.000000    112147112  16777216.00
        5.63     1.000000    112147112  17660227.38
        5.63     1.000000    112147112  18641351.10
        5.63     1.000000    112147112  19737901.19
        5.63     1.000000    112147112  20971519.98
        5.63     1.000000    112147112  22369621.33
        5.63     1.000000    112147112  23967451.45
        5.63     1.000000    112147112  25811101.52
        5.63     1.000000    112147112  27962026.68
        5.76     1.000000    112147116  30504029.05
        5.76     1.000000    112147116          inf
#[Mean    =        2.567, StdDeviation   =        0.686]
#[Max     =        5.759, Total count    =    112147116]
#[Buckets =           20, SubBuckets     =          256]
