       Value   Percentile   TotalCount 1/(1-Percentile)

        0.02     0.000000        14397         1.00
        0.36     0.050000      1703670         1.05
        0.60     0.100000      3441303         1.11
        0.69     0.150000      5425040         1.18
        0.70     0.200000      7528057         1.25
        0.71     0.250000      9153933         1.33
        0.72     0.300000     11211596         1.43
        0.73     0.350000     13690677         1.54
        0.73     0.400000     13690677         1.67
        0.73     0.450000     16564241         1.82
        0.74     0.500000     19700562         2.00
        0.74     0.525000     19700562         2.11
        0.74     0.550000     19700562         2.22
        0.74     0.575000     19700562         2.35
        0.75     0.600000     22758301         2.50
        0.75     0.625000     22758301         2.67
        0.75     0.650000     22758301         2.86
        0.76     0.675000     25326208         3.08
        0.76     0.700000     25326208         3.33
        0.76     0.725000     25326208         3.64
        0.77     0.750000     27129468         4.00
        0.77     0.762500     27129468         4.21
        0.77     0.775000     27129468         4.44
        0.77     0.787500     27129468         4.71
        0.77     0.800000     27129468         5.00
        0.78     0.812500     28190367         5.33
        0.78     0.825000     28190367         5.71
        0.78     0.837500     28762826         6.15
        0.78     0.850000     28762826         6.67
        0.80     0.862500     29363357         7.27
        0.81     0.875000     29593702         8.00
        0.81     0.881250     29835083         8.42
        0.82     0.887500     30090810         8.89
        0.83     0.893750     30363907         9.41
        0.84     0.900000     30631571        10.00
        0.85     0.906250     30908917        10.67
        0.85     0.912500     30908917        11.43
        0.85     0.918750     31182529        12.31
        0.86     0.925000     31427950        13.33
        0.87     0.931250     31648498        14.55
        0.88     0.937500     31840511        16.00
        0.88     0.940625     31840511        16.84
        0.89     0.943750     31997775        17.78
        0.90     0.946875     32121408        18.82
        0.90     0.950000     32217055        20.00
        0.91     0.953125     32292614        21.33
        0.92     0.956250     32354159        22.86
        0.94     0.959375     32457041        24.62
        0.96     0.962500     32578830        26.67
        0.97     0.965625     32655625        29.09
        1.01     0.968750     32780946        32.00
        1.02     0.970313     32834347        33.68
        1.04     0.971875     32881645        35.56
        1.06     0.973437     32930715        37.65
        1.10     0.975000     32972216        40.00
        1.19     0.976562     33025361        42.67
        1.29     0.978125     33077994        45.71
        1.36     0.979688     33132175        49.23
        1.39     0.981250     33183591        53.33
        1.42     0.982812     33241278        58.18
        1.43     0.984375     33290355        64.00
        1.44     0.985156     33317907        67.37
        1.45     0.985938     33347726        71.11
        1.46     0.986719     33379150        75.29
        1.46     0.987500     33412715        80.00
        1.47     0.988281     33448091        85.33
        1.47     0.989062     33448091        91.43
        1.48     0.989844     33485253        98.46
        1.49     0.990625     33523132       106.67
        1.50     0.991406     33560985       116.36
        1.50     0.992188     33560985       128.00
        1.50     0.992578     33596598       134.74
        1.50     0.992969     33596598       142.22
        1.50     0.993359     33596598       150.59
        1.51     0.993750     33628041       160.00
        1.51     0.994141     33628041       170.67
        1.52     0.994531     33654848       182.86
        1.52     0.994922     33654848       196.92
        1.53     0.995313     33676720       213.33
        1.53     0.995703     33676720       232.73
        1.53     0.996094     33693527       256.00
        1.53     0.996289     33693527       269.47
        1.54     0.996484     33706322       284.44
        1.54     0.996680     33706322       301.18
        1.55     0.996875     33715900       320.00
        1.56     0.997070     33722999       341.33
        1.57     0.997266     33728485       365.71
        1.57     0.997461     33732859       393.85
        1.59     0.997656     33740067       426.67
        1.60     0.997852     33743414       465.45
        1.61     0.998047     33750032       512.00
        1.63     0.998145     33756305       538.95
        1.64     0.998242     33759537       568.89
        1.65     0.998340     33762589       602.35
        1.66     0.998437     33765759       640.00
        1.66     0.998535     33768862       682.67
        1.67     0.998633     33771994       731.43
        1.68     0.998730     33774984       787.69
        1.69     0.998828     33777958       853.33
        1.70     0.998926     33780842       930.91
        1.70     0.999023     33783851      1024.00
        1.71     0.999072     33786853      1077.89
        1.71     0.999121     33786853      1137.78
        1.72     0.999170     33789610      1204.71
        1.72     0.999219     33789610      1280.00
        1.73     0.999268     33792324      1365.33
        1.74     0.999316     33794828      1462.86
        1.74     0.999365     33794828      1575.38
        1.74     0.999414     33797175      1706.67
        1.75     0.999463     33799221      1861.82
        1.76     0.999512     33801010      2048.00
        1.76     0.999536     33801010      2155.79
        1.77     0.999561     33802553      2275.56
        1.77     0.999585     33802553      2409.41
        1.77     0.999609     33803970      2560.00
        1.77     0.999634     33803970      2730.67
        1.78     0.999658     33805196      2925.71
        1.79     0.999683     33806256      3150.77
        1.79     0.999707     33806256      3413.33
        1.80     0.999731     33807200      3723.64
        1.81     0.999756     33807934      4096.00
        1.81     0.999768     33808573      4311.58
        1.82     0.999780     33809135      4551.11
        1.82     0.999792     33809135      4818.82
        1.83     0.999805     33809612      5120.00
        1.84     0.999817     33810092      5461.33
        1.85     0.999829     33810505      5851.43
        1.85     0.999841     33810894      6301.54
        1.86     0.999854     33811197      6826.67
        1.87     0.999866     33811531      7447.27
        1.89     0.999878     33812051      8192.00
        1.90     0.999884     33812259      8623.16
        1.90     0.999890     33812456      9102.22
        1.91     0.999896     33812611      9637.65
        1.92     0.999902     33812830     10240.00
        1.93     0.999908     33813024     10922.67
        1.94     0.999915     33813198     11702.86
        1.94     0.999921     33813356     12603.08
        1.96     0.999927     33813571     13653.33
        1.98     0.999933     33813775     14894.55
        1.99     0.999939     33814009     16384.00
        2.00     0.999942     33814114     17246.32
        2.01     0.999945     33814205     18204.44
        2.02     0.999948     33814269     19275.29
        2.03     0.999951     33814381     20480.00
        2.06     0.999954     33814523     21845.33
        2.08     0.999957     33814581     23405.71
        2.13     0.999960     33814682     25206.15
        2.19     0.999963     33814810     27306.67
        2.22     0.999966     33814889     29789.09
        2.25     0.999969     33815003     32768.00
        2.27     0.999971     33815042     34492.63
        2.30     0.999973     33815094     36408.89
        2.37     0.999974     33815153     38550.59
        2.43     0.999976     33815214     40960.00
        2.50     0.999977     33815256     43690.67
        2.73     0.999979     33815300     46811.43
        3.57     0.999980     33815417     50412.31
        3.57     0.999982     33815417     54613.33
        4.35     0.999983     33815476     59578.18
        4.38     0.999985     33815529     65536.00
        4.42     0.999986     33815533     68985.26
        4.74     0.999986     33815567     72817.78
        4.77     0.999987     33815606     77101.18
        4.80     0.999988     33815626     81920.00
        4.89     0.999989     33815638     87381.33
        4.93     0.999989     33815681     93622.86
        4.96     0.999990     33815717    100824.62
        4.96     0.999991     33815717    109226.67
        5.05     0.999992     33815746    119156.36
        5.18     0.999992     33815765    131072.00
        5.38     0.999993     33815780    137970.53
        5.44     0.999993     33815790    145635.56
        5.73     0.999994     33815805    154202.35
        5.89     0.999994     33815818    163840.00
       77.82     0.999994     33815834    174762.67
       80.38     0.999995     33815852    187245.71
       80.89     0.999995     33815900    201649.23
       80.89     0.999995     33815900    218453.33
       80.89     0.999996     33815900    238312.73
       80.89     0.999996     33815900    262144.00
       80.89     0.999996     33815900    275941.05
       81.41     0.999997     33815920    291271.11
       81.41     0.999997     33815920    308404.71
       81.41     0.999997     33815920    327680.00
      169.98     0.999997     33816018    349525.33
      169.98     0.999997     33816018    374491.43
      169.98     0.999998     33816018    403298.46
      169.98     0.999998     33816018    436906.67
      169.98     0.999998     33816018    476625.45
      169.98     0.999998     33816018    524288.00
      169.98     0.999998     33816018    551882.11
      169.98     0.999998     33816018    582542.22
      169.98     0.999998     33816018    616809.41
      169.98     0.999998     33816018    655360.00
      169.98     0.999999     33816018    699050.67
      169.98     0.999999     33816018    748982.86
      169.98     0.999999     33816018    806596.92
      169.98     0.999999     33816018    873813.33
      169.98     0.999999     33816018    953250.91
      169.98     0.999999     33816018   1048576.00
      169.98     0.999999     33816018   1103764.21
      169.98     0.999999     33816018   1165084.44
      169.98     0.999999     33816018   1233618.82
      169.98     0.999999     33816018   1310720.00
      169.98     0.999999     33816018   1398101.33
      169.98     0.999999     33816018   1497965.71
      169.98     0.999999     33816018   1613193.85
      169.98     0.999999     33816018   1747626.67
      169.98     0.999999     33816018   1906501.82
      169.98     1.000000     33816018   2097152.00
      169.98     1.000000     33816018   2207528.42
      169.98     1.000000     33816018   2330168.89
      169.98     1.000000     33816018   2467237.65
      169.98     1.000000     33816018   2621440.00
      169.98     1.000000     33816018   2796202.67
      169.98     1.000000     33816018   2995931.43
      169.98     1.000000     33816018   3226387.69
      169.98     1.000000     33816018   3495253.33
      169.98     1.000000     33816018   3813003.64
      169.98     1.000000     33816018   4194304.00
      169.98     1.000000     33816018   4415056.84
      169.98     1.000000     33816018   4660337.78
      169.98     1.000000     33816018   4934475.29
      169.98     1.000000     33816018   5242880.00
      169.98     1.000000     33816018   5592405.33
      169.98     1.000000     33816018   5991862.86
      169.98     1.000000     33816018   6452775.39
      169.98     1.000000     33816018   6990506.67
      169.98     1.000000     33816018   7626007.28
      169.98     1.000000     33816018   8388608.00
      171.01     1.000000     33816020   8830113.68
      171.01     1.000000     33816020   9320675.55
      171.01     1.000000     33816020   9868950.59
      171.01     1.000000     33816020  10485760.00
      171.01     1.000000     33816020  11184810.67
      171.01     1.000000     33816020  11983725.71
      171.01     1.000000     33816020  12905550.76
      171.01     1.000000     33816020  13981013.34
      171.01     1.000000     33816020  15252014.55
      171.01     1.000000     33816020  16777216.00
      172.03     1.000000     33816022  17660227.38
      172.03     1.000000     33816022          inf
#[Mean    =        0.726, StdDeviation   =        0.371]
#[Max     =      172.031, Total count    =     33816022]
#[Buckets =           20, SubBuckets     =          256]
