       Value   Percentile   TotalCount 1/(1-Percentile)

        0.29     0.000000            1         1.00
        1.86     0.050000      3001463         1.05
        1.90     0.100000      6240394         1.11
        1.93     0.150000      8902348         1.18
        1.95     0.200000     11973790         1.25
        1.97     0.250000     14158575         1.33
        1.99     0.300000     17463733         1.43
        2.02     0.350000     20589921         1.54
        2.03     0.400000     22484737         1.67
        2.06     0.450000     25653909         1.82
        2.11     0.500000     28802661         2.00
        2.13     0.525000     29478655         2.11
        2.19     0.550000     30978099         2.22
        2.88     0.575000     32310604         2.35
        3.01     0.600000     33723566         2.50
        3.07     0.625000     35066677         2.67
        3.13     0.650000     36928397         2.86
        3.17     0.675000     38055812         3.08
        3.20     0.700000     39302389         3.33
        3.25     0.725000     41348067         3.64
        3.26     0.750000     42056633         4.00
        3.28     0.762500     42766394         4.21
        3.29     0.775000     43470690         4.44
        3.31     0.787500     44162861         4.71
        3.34     0.800000     45471102         5.00
        3.36     0.812500     46076235         5.33
        3.38     0.825000     46639657         5.71
        3.39     0.837500     47164230         6.15
        3.42     0.850000     48101272         6.67
        3.44     0.862500     48529059         7.27
        3.47     0.875000     49345054         8.00
        3.49     0.881250     49746625         8.42
        3.50     0.887500     50154063         8.89
        3.50     0.893750     50154063         9.41
        3.52     0.900000     50572315        10.00
        3.54     0.906250     51000973        10.67
        3.55     0.912500     51436796        11.43
        3.57     0.918750     51874394        12.31
        3.57     0.925000     51874394        13.33
        3.58     0.931250     52309775        14.55
        3.60     0.937500     52726230        16.00
        3.62     0.940625     53119427        16.84
        3.62     0.943750     53119427        17.78
        3.62     0.946875     53119427        18.82
        3.63     0.950000     53486904        20.00
        3.63     0.953125     53486904        21.33
        3.65     0.956250     53820056        22.86
        3.65     0.959375     53820056        24.62
        3.66     0.962500     54115837        26.67
        3.68     0.965625     54374500        29.09
        3.68     0.968750     54374500        32.00
        3.69     0.970313     54598911        33.68
        3.69     0.971875     54598911        35.56
        3.69     0.973437     54598911        37.65
        3.71     0.975000     54789144        40.00
        3.71     0.976562     54789144        42.67
        3.73     0.978125     54952024        45.71
        3.73     0.979688     54952024        49.23
        3.74     0.981250     55089147        53.33
        3.76     0.982812     55207304        58.18
        3.76     0.984375     55207304        64.00
        3.77     0.985156     55306718        67.37
        3.77     0.985938     55306718        71.11
        3.79     0.986719     55394861        75.29
        3.79     0.987500     55394861        80.00
        3.81     0.988281     55472588        85.33
        3.81     0.989062     55472588        91.43
        3.82     0.989844     55542190        98.46
        3.84     0.990625     55605903       106.67
        3.84     0.991406     55605903       116.36
        3.85     0.992188     55664313       128.00
        3.85     0.992578     55664313       134.74
        3.87     0.992969     55717542       142.22
        3.87     0.993359     55717542       150.59
        3.89     0.993750     55766164       160.00
        3.89     0.994141     55766164       170.67
        3.90     0.994531     55808726       182.86
        3.90     0.994922     55808726       196.92
        3.92     0.995313     55847283       213.33
        3.92     0.995703     55847283       232.73
        3.94     0.996094     55881860       256.00
        3.94     0.996289     55881860       269.47
        3.94     0.996484     55881860       284.44
        3.95     0.996680     55910837       301.18
        3.95     0.996875     55910837       320.00
        3.95     0.997070     55910837       341.33
        3.97     0.997266     55936037       365.71
        3.97     0.997461     55936037       393.85
        3.98     0.997656     55957856       426.67
        3.98     0.997852     55957856       465.45
        4.00     0.998047     55976388       512.00
        4.00     0.998145     55976388       538.95
        4.00     0.998242     55976388       568.89
        4.01     0.998340     55991581       602.35
        4.01     0.998437     55991581       640.00
        4.03     0.998535     56004116       682.67
        4.03     0.998633     56004116       731.43
        4.03     0.998730     56004116       787.69
        4.05     0.998828     56014039       853.33
        4.05     0.998926     56014039       930.91
        4.06     0.999023     56022324      1024.00
        4.06     0.999072     56022324      1077.89
        4.08     0.999121     56028867      1137.78
        4.08     0.999170     56028867      1204.71
        4.09     0.999219     56034468      1280.00
        4.09     0.999268     56034468      1365.33
        4.13     0.999316     56042709      1462.86
        4.13     0.999365     56042709      1575.38
        4.13     0.999414     56042709      1706.67
        4.16     0.999463     56048152      1861.82
        4.16     0.999512     56048152      2048.00
        4.16     0.999536     56048152      2155.79
        4.19     0.999561     56051931      2275.56
        4.19     0.999585     56051931      2409.41
        4.22     0.999609     56054815      2560.00
        4.22     0.999634     56054815      2730.67
        4.22     0.999658     56054815      2925.71
        4.25     0.999683     56056967      3150.77
        4.29     0.999707     56058706      3413.33
        4.32     0.999731     56060268      3723.64
        4.32     0.999756     56060268      4096.00
        4.35     0.999768     56061686      4311.58
        4.35     0.999780     56061686      4551.11
        4.38     0.999792     56062910      4818.82
        4.42     0.999805     56064063      5120.00
        4.42     0.999817     56064063      5461.33
        4.45     0.999829     56065053      5851.43
        4.45     0.999841     56065053      6301.54
        4.48     0.999854     56065909      6826.67
        4.51     0.999866     56066790      7447.27
        4.54     0.999878     56067619      8192.00
        4.54     0.999884     56067619      8623.16
        4.58     0.999890     56068351      9102.22
        4.58     0.999896     56068351      9637.65
        4.61     0.999902     56069041     10240.00
        4.61     0.999908     56069041     10922.67
        4.64     0.999915     56069649     11702.86
        4.64     0.999921     56069649     12603.08
        4.67     0.999927     56070211     13653.33
        4.67     0.999933     56070211     14894.55
        4.70     0.999939     56070643     16384.00
        4.74     0.999942     56071010     17246.32
        4.74     0.999945     56071010     18204.44
        4.74     0.999948     56071010     19275.29
        4.77     0.999951     56071404     20480.00
        4.77     0.999954     56071404     21845.33
        4.80     0.999957     56071734     23405.71
        4.80     0.999960     56071734     25206.15
        4.83     0.999963     56071986     27306.67
        4.86     0.999966     56072175     29789.09
        4.89     0.999969     56072412     32768.00
        4.89     0.999971     56072412     34492.63
        4.89     0.999973     56072412     36408.89
        4.93     0.999974     56072574     38550.59
        4.93     0.999976     56072574     40960.00
        4.96     0.999977     56072752     43690.67
        4.96     0.999979     56072752     46811.43
        4.99     0.999980     56072887     50412.31
        5.02     0.999982     56073020     54613.33
        5.02     0.999983     56073020     59578.18
        5.05     0.999985     56073097     65536.00
        5.09     0.999986     56073200     68985.26
        5.09     0.999986     56073200     72817.78
        5.09     0.999987     56073200     77101.18
        5.12     0.999988     56073273     81920.00
        5.15     0.999989     56073350     87381.33
        5.15     0.999989     56073350     93622.86
        5.18     0.999990     56073424    100824.62
        5.18     0.999991     56073424    109226.67
        5.21     0.999992     56073477    119156.36
        5.25     0.999992     56073518    131072.00
        5.25     0.999993     56073518    137970.53
        5.28     0.999993     56073571    145635.56
        5.28     0.999994     56073571    154202.35
        5.31     0.999994     56073609    163840.00
        5.31     0.999994     56073609    174762.67
        5.34     0.999995     56073632    187245.71
        5.38     0.999995     56073648    201649.23
        5.41     0.999995     56073671    218453.33
        5.44     0.999996     56073684    238312.73
        5.50     0.999996     56073716    262144.00
        5.50     0.999996     56073716    275941.05
        5.54     0.999997     56073727    291271.11
        5.60     0.999997     56073750    308404.71
        5.60     0.999997     56073750    327680.00
        5.63     0.999997     56073761    349525.33
        5.70     0.999997     56073770    374491.43
        5.76     0.999998     56073781    403298.46
        5.89     0.999998     56073797    436906.67
        5.95     0.999998     56073809    476625.45
        5.98     0.999998     56073813    524288.00
        6.01     0.999998     56073819    551882.11
        6.05     0.999998     56073825    582542.22
        6.08     0.999998     56073835    616809.41
        6.08     0.999998     56073835    655360.00
        6.11     0.999999     56073843    699050.67
        6.14     0.999999     56073856    748982.86
        6.14     0.999999     56073856    806596.92
        6.14     0.999999     56073856    873813.33
        6.21     0.999999     56073863    953250.91
        6.24     0.999999     56073876   1048576.00
        6.24     0.999999     56073876   1103764.21
        6.24     0.999999     56073876   1165084.44
        6.24     0.999999     56073876   1233618.82
        6.27     0.999999     56073882   1310720.00
        6.27     0.999999     56073882   1398101.33
        6.27     0.999999     56073882   1497965.71
        6.30     0.999999     56073886   1613193.85
        6.33     0.999999     56073890   1747626.67
        6.33     0.999999     56073890   1906501.82
        6.50     1.000000     56073894   2097152.00
        6.50     1.000000     56073894   2207528.42
        6.53     1.000000     56073896   2330168.89
        6.56     1.000000     56073897   2467237.65
        6.59     1.000000     56073898   2621440.00
        6.62     1.000000     56073901   2796202.67
        6.62     1.000000     56073901   2995931.43
        6.66     1.000000     56073903   3226387.69
        6.66     1.000000     56073903   3495253.33
        7.46     1.000000     56073908   3813003.64
        7.46     1.000000     56073908   4194304.00
        7.46     1.000000     56073908   4415056.84
        7.46     1.000000     56073908   4660337.78
        7.46     1.000000     56073908   4934475.29
        7.52     1.000000     56073912   5242880.00
        7.52     1.000000     56073912   5592405.33
        7.52     1.000000     56073912   5991862.86
        7.52     1.000000     56073912   6452775.39
        7.52     1.000000     56073912   6990506.67
        7.52     1.000000     56073912   7626007.28
        7.62     1.000000     56073916   8388608.00
        7.62     1.000000     56073916   8830113.68
        7.62     1.000000     56073916   9320675.55
        7.62     1.000000     56073916   9868950.59
        7.62     1.000000     56073916  10485760.00
        7.62     1.000000     56073916  11184810.67
        7.62     1.000000     56073916  11983725.71
        7.62     1.000000     56073916  12905550.76
        7.62     1.000000     56073916  13981013.34
        7.62     1.000000     56073916  15252014.55
        7.62     1.000000     56073916  16777216.00
        7.62     1.000000     56073916  17660227.38
        7.62     1.000000     56073916  18641351.10
        7.90     1.000000     56073917  19737901.19
        7.90     1.000000     56073917  20971519.98
        7.90     1.000000     56073917  22369621.33
        7.90     1.000000     56073917  23967451.45
        7.90     1.000000     56073917  25811101.52
        7.90     1.000000     56073917  27962026.68
        7.93     1.000000     56073918  30504029.05
        7.93     1.000000     56073918  33554432.00
        7.93     1.000000     56073918  35320454.76
        7.93     1.000000     56073918  37282702.28
        7.93     1.000000     56073918  39475802.28
        7.93     1.000000     56073918  41943039.96
        7.93     1.000000     56073918  44739242.67
        7.93     1.000000     56073918  47934902.91
        7.93     1.000000     56073918  51622203.20
        7.93     1.000000     56073918  55924053.19
        8.03     1.000000     56073919  61008058.10
        8.03     1.000000     56073919          inf
#[Mean    =        2.567, StdDeviation   =        0.687]
#[Max     =        8.031, Total count    =     56073919]
#[Buckets =           20, SubBuckets     =          256]
