       Value   Percentile   TotalCount 1/(1-Percentile)

        0.02     0.000000         9848         1.00
        0.40     0.050000       848886         1.05
        0.61     0.100000      1713260         1.11
        0.69     0.150000      2573771         1.18
        0.70     0.200000      3628169         1.25
        0.71     0.250000      4505801         1.33
        0.72     0.300000      5664653         1.43
        0.73     0.350000      7086145         1.54
        0.73     0.400000      7086145         1.67
        0.73     0.450000      8693249         1.82
        0.73     0.500000      8693249         2.00
        0.74     0.525000     10361269         2.11
        0.74     0.550000     10361269         2.22
        0.74     0.575000     10361269         2.35
        0.74     0.600000     10361269         2.50
        0.75     0.625000     11874539         2.67
        0.75     0.650000     11874539         2.86
        0.75     0.675000     11874539         3.08
        0.75     0.700000     11874539         3.33
        0.76     0.725000     13048177         3.64
        0.76     0.750000     13048177         4.00
        0.76     0.762500     13048177         4.21
        0.77     0.775000     13809509         4.44
        0.77     0.787500     13809509         4.71
        0.77     0.800000     13809509         5.00
        0.77     0.812500     13809509         5.33
        0.78     0.825000     14236914         5.71
        0.78     0.837500     14236914         6.15
        0.78     0.850000     14471262         6.67
        0.79     0.862500     14614162         7.27
        0.81     0.875000     14840070         8.00
        0.81     0.881250     14953137         8.42
        0.82     0.887500     15073764         8.89
        0.83     0.893750     15206841         9.41
        0.84     0.900000     15346055        10.00
        0.84     0.906250     15346055        10.67
        0.85     0.912500     15492845        11.43
        0.85     0.918750     15637804        12.31
        0.86     0.925000     15768031        13.33
        0.86     0.931250     15768031        14.55
        0.87     0.937500     15878655        16.00
        0.88     0.940625     15968516        16.84
        0.88     0.943750     15968516        17.78
        0.89     0.946875     16040176        18.82
        0.90     0.950000     16096980        20.00
        0.90     0.953125     16139985        21.33
        0.91     0.956250     16176297        22.86
        0.93     0.959375     16231206        24.62
        0.95     0.962500     16292913        26.67
        0.97     0.965625     16328388        29.09
        1.00     0.968750     16389192        32.00
        1.01     0.970313     16416340        33.68
        1.03     0.971875     16439162        35.56
        1.05     0.973437     16464014        37.65
        1.10     0.975000     16487485        40.00
        1.19     0.976562     16512175        42.67
        1.29     0.978125     16538299        45.71
        1.37     0.979688     16566350        49.23
        1.40     0.981250     16593709        53.33
        1.42     0.982812     16627580        58.18
        1.44     0.984375     16657287        64.00
        1.44     0.985156     16657287        67.37
        1.45     0.985938     16674146        71.11
        1.46     0.986719     16691875        75.29
        1.46     0.987500     16710619        80.00
        1.46     0.988281     16710619        85.33
        1.47     0.989062     16730173        91.43
        1.48     0.989844     16750354        98.46
        1.48     0.990625     16750354       106.67
        1.49     0.991406     16770559       116.36
        1.50     0.992188     16790171       128.00
        1.50     0.992578     16790171       134.74
        1.50     0.992969     16790171       142.22
        1.50     0.993359     16807671       150.59
        1.50     0.993750     16807671       160.00
        1.51     0.994141     16822586       170.67
        1.51     0.994531     16822586       182.86
        1.51     0.994922     16822586       196.92
        1.52     0.995313     16834624       213.33
        1.53     0.995703     16843909       232.73
        1.53     0.996094     16843909       256.00
        1.53     0.996289     16850904       269.47
        1.53     0.996484     16850904       284.44
        1.54     0.996680     16856171       301.18
        1.54     0.996875     16856171       320.00
        1.55     0.997070     16859970       341.33
        1.56     0.997266     16862833       365.71
        1.57     0.997461     16865165       393.85
        1.58     0.997656     16868835       426.67
        1.60     0.997852     16872105       465.45
        1.61     0.998047     16875054       512.00
        1.63     0.998145     16878068       538.95
        1.64     0.998242     16879591       568.89
        1.65     0.998340     16881109       602.35
        1.66     0.998437     16882676       640.00
        1.66     0.998535     16884241       682.67
        1.67     0.998633     16885870       731.43
        1.68     0.998730     16887483       787.69
        1.69     0.998828     16889182       853.33
        1.70     0.998926     16890803       930.91
        1.70     0.999023     16892454      1024.00
        1.70     0.999072     16892454      1077.89
        1.71     0.999121     16893956      1137.78
        1.72     0.999170     16895388      1204.71
        1.72     0.999219     16895388      1280.00
        1.73     0.999268     16896675      1365.33
        1.73     0.999316     16896675      1462.86
        1.74     0.999365     16897881      1575.38
        1.74     0.999414     16898908      1706.67
        1.75     0.999463     16899854      1861.82
        1.75     0.999512     16899854      2048.00
        1.76     0.999536     16900694      2155.79
        1.76     0.999561     16900694      2275.56
        1.77     0.999585     16901377      2409.41
        1.77     0.999609     16902031      2560.00
        1.77     0.999634     16902031      2730.67
        1.78     0.999658     16902589      2925.71
        1.79     0.999683     16903049      3150.77
        1.80     0.999707     16903504      3413.33
        1.80     0.999731     16903504      3723.64
        1.81     0.999756     16903896      4096.00
        1.81     0.999768     16904232      4311.58
        1.82     0.999780     16904560      4551.11
        1.82     0.999792     16904560      4818.82
        1.83     0.999805     16904861      5120.00
        1.84     0.999817     16905118      5461.33
        1.85     0.999829     16905353      5851.43
        1.85     0.999841     16905353      6301.54
        1.85     0.999854     16905559      6826.67
        1.86     0.999866     16905757      7447.27
        1.88     0.999878     16906077      8192.00
        1.88     0.999884     16906077      8623.16
        1.89     0.999890     16906204      9102.22
        1.90     0.999896     16906320      9637.65
        1.90     0.999902     16906441     10240.00
        1.91     0.999908     16906549     10922.67
        1.92     0.999915     16906639     11702.86
        1.93     0.999921     16906731     12603.08
        1.94     0.999927     16906805     13653.33
        1.95     0.999933     16906906     14894.55
        1.97     0.999939     16907005     16384.00
        1.98     0.999942     16907065     17246.32
        1.98     0.999945     16907102     18204.44
        2.00     0.999948     16907161     19275.29
        2.02     0.999951     16907203     20480.00
        2.04     0.999954     16907254     21845.33
        2.08     0.999957     16907305     23405.71
        2.13     0.999960     16907359     25206.15
        2.17     0.999963     16907405     27306.67
        2.22     0.999966     16907461     29789.09
        2.29     0.999969     16907519     32768.00
        2.30     0.999971     16907541     34492.63
        2.33     0.999973     16907568     36408.89
        2.37     0.999974     16907586     38550.59
        2.43     0.999976     16907614     40960.00
        2.62     0.999977     16907641     43690.67
        2.99     0.999979     16907676     46811.43
        3.01     0.999980     16907701     50412.31
        3.02     0.999982     16907716     54613.33
        3.21     0.999983     16907754     59578.18
        3.73     0.999985     16907766     65536.00
        4.16     0.999986     16907802     68985.26
        4.16     0.999986     16907802     72817.78
        4.19     0.999987     16907813     77101.18
        4.22     0.999988     16907836     81920.00
        4.22     0.999989     16907836     87381.33
        4.29     0.999989     16907843     93622.86
        4.89     0.999990     16907859    100824.62
        4.96     0.999991     16907896    109226.67
        4.96     0.999992     16907896    119156.36
        4.96     0.999992     16907896    131072.00
        5.89     0.999993     16907901    137970.53
        8.57     0.999993     16907919    145635.56
        8.57     0.999994     16907919    154202.35
        8.64     0.999994     16907956    163840.00
        8.64     0.999994     16907956    174762.67
        8.64     0.999995     16907956    187245.71
        8.64     0.999995     16907956    201649.23
        8.64     0.999995     16907956    218453.33
        8.64     0.999996     16907956    238312.73
        9.34     0.999996     16907959    262144.00
       78.33     0.999996     16907962    275941.05
       79.36     0.999997     16907967    291271.11
      169.98     0.999997     16908016    308404.71
      169.98     0.999997     16908016    327680.00
      169.98     0.999997     16908016    349525.33
      169.98     0.999997     16908016    374491.43
      169.98     0.999998     16908016    403298.46
      169.98     0.999998     16908016    436906.67
      169.98     0.999998     16908016    476625.45
      169.98     0.999998     16908016    524288.00
      169.98     0.999998     16908016    551882.11
      169.98     0.999998     16908016    582542.22
      169.98     0.999998     16908016    616809.41
      169.98     0.999998     16908016    655360.00
      169.98     0.999999     16908016    699050.67
      169.98     0.999999     16908016    748982.86
      169.98     0.999999     16908016    806596.92
      169.98     0.999999     16908016    873813.33
      169.98     0.999999     16908016    953250.91
      169.98     0.999999     16908016   1048576.00
      169.98     0.999999     16908016   1103764.21
      169.98     0.999999     16908016   1165084.44
      169.98     0.999999     16908016   1233618.82
      169.98     0.999999     16908016   1310720.00
      169.98     0.999999     16908016   1398101.33
      169.98     0.999999     16908016   1497965.71
      169.98     0.999999     16908016   1613193.85
      169.98     0.999999     16908016   1747626.67
      169.98     0.999999     16908016   1906501.82
      169.98     1.000000     16908016   2097152.00
      169.98     1.000000     16908016   2207528.42
      169.98     1.000000     16908016   2330168.89
      171.01     1.000000     16908021   2467237.65
      171.01     1.000000     16908021   2621440.00
      171.01     1.000000     16908021   2796202.67
      171.01     1.000000     16908021   2995931.43
      171.01     1.000000     16908021   3226387.69
      171.01     1.000000     16908021   3495253.33
      171.01     1.000000     16908021   3813003.64
      171.01     1.000000     16908021   4194304.00
      171.01     1.000000     16908021   4415056.84
      171.01     1.000000     16908021   4660337.78
      171.01     1.000000     16908021   4934475.29
      171.01     1.000000     16908021   5242880.00
      171.01     1.000000     16908021   5592405.33
      171.01     1.000000     16908021   5991862.86
      171.01     1.000000     16908021   6452775.39
      171.01     1.000000     16908021   6990506.67
      171.01     1.000000     16908021   7626007.28
      171.01     1.000000     16908021   8388608.00
      172.03     1.000000     16908023   8830113.68
      172.03     1.000000     16908023          inf
#[Mean    =        0.727, StdDeviation   =        0.362]
#[Max     =      172.031, Total count    =     16908023]
#[Buckets =           20, SubBuckets     =          256]
