       Value   Percentile   TotalCount 1/(1-Percentile)

        0.34     0.000000            1         1.00
        1.84     0.050000      3008235         1.05
        1.88     0.100000      6381152         1.11
        1.90     0.150000      9174754         1.18
        1.93     0.200000     12396616         1.25
        1.94     0.250000     14676521         1.33
        1.97     0.300000     18101368         1.43
        1.98     0.350000     20280916         1.54
        2.01     0.400000     23237490         1.67
        2.03     0.450000     25708019         1.82
        2.08     0.500000     29101819         2.00
        2.11     0.525000     30407437         2.11
        2.16     0.550000     31447440         2.22
        2.81     0.575000     32724660         2.35
        2.96     0.600000     34238463         2.50
        3.02     0.625000     35597736         2.67
        3.09     0.650000     37495256         2.86
        3.12     0.675000     38643754         3.08
        3.15     0.700000     39917400         3.33
        3.18     0.725000     41291905         3.64
        3.21     0.750000     42725426         4.00
        3.23     0.762500     43449074         4.21
        3.25     0.775000     44165367         4.44
        3.26     0.787500     44867536         4.71
        3.28     0.800000     45541156         5.00
        3.31     0.812500     46786286         5.33
        3.33     0.825000     47350557         5.71
        3.34     0.837500     47871717         6.15
        3.38     0.850000     48802156         6.67
        3.39     0.862500     49225552         7.27
        3.42     0.875000     50029383         8.00
        3.44     0.881250     50432390         8.42
        3.46     0.887500     50846931         8.89
        3.46     0.893750     50846931         9.41
        3.47     0.900000     51274108        10.00
        3.49     0.906250     51717841        10.67
        3.50     0.912500     52169306        11.43
        3.52     0.918750     52621269        12.31
        3.54     0.925000     53071830        13.33
        3.54     0.931250     53071830        14.55
        3.55     0.937500     53502393        16.00
        3.57     0.940625     53911642        16.84
        3.57     0.943750     53911642        17.78
        3.57     0.946875     53911642        18.82
        3.58     0.950000     54288453        20.00
        3.58     0.953125     54288453        21.33
        3.60     0.956250     54633432        22.86
        3.60     0.959375     54633432        24.62
        3.62     0.962500     54934930        26.67
        3.62     0.965625     54934930        29.09
        3.63     0.968750     55200174        32.00
        3.65     0.970313     55425617        33.68
        3.65     0.971875     55425617        35.56
        3.65     0.973437     55425617        37.65
        3.66     0.975000     55617939        40.00
        3.66     0.976562     55617939        42.67
        3.68     0.978125     55778583        45.71
        3.68     0.979688     55778583        49.23
        3.69     0.981250     55914763        53.33
        3.69     0.982812     55914763        58.18
        3.71     0.984375     56030847        64.00
        3.73     0.985156     56129358        67.37
        3.73     0.985938     56129358        71.11
        3.74     0.986719     56214661        75.29
        3.74     0.987500     56214661        80.00
        3.76     0.988281     56291673        85.33
        3.76     0.989062     56291673        91.43
        3.77     0.989844     56360630        98.46
        3.77     0.990625     56360630       106.67
        3.79     0.991406     56423125       116.36
        3.81     0.992188     56479849       128.00
        3.81     0.992578     56479849       134.74
        3.82     0.992969     56532121       142.22
        3.82     0.993359     56532121       150.59
        3.84     0.993750     56579632       160.00
        3.84     0.994141     56579632       170.67
        3.84     0.994531     56579632       182.86
        3.85     0.994922     56622987       196.92
        3.87     0.995313     56662183       213.33
        3.87     0.995703     56662183       232.73
        3.89     0.996094     56696264       256.00
        3.89     0.996289     56696264       269.47
        3.89     0.996484     56696264       284.44
        3.90     0.996680     56726244       301.18
        3.90     0.996875     56726244       320.00
        3.90     0.997070     56726244       341.33
        3.92     0.997266     56751634       365.71
        3.92     0.997461     56751634       393.85
        3.94     0.997656     56772567       426.67
        3.94     0.997852     56772567       465.45
        3.95     0.998047     56790501       512.00
        3.95     0.998145     56790501       538.95
        3.95     0.998242     56790501       568.89
        3.97     0.998340     56805246       602.35
        3.97     0.998437     56805246       640.00
        3.98     0.998535     56817255       682.67
        3.98     0.998633     56817255       731.43
        4.00     0.998730     56827698       787.69
        4.00     0.998828     56827698       853.33
        4.01     0.998926     56835870       930.91
        4.01     0.999023     56835870      1024.00
        4.03     0.999072     56842468      1077.89
        4.03     0.999121     56842468      1137.78
        4.05     0.999170     56848067      1204.71
        4.05     0.999219     56848067      1280.00
        4.06     0.999268     56852459      1365.33
        4.06     0.999316     56852459      1462.86
        4.08     0.999365     56856033      1575.38
        4.09     0.999414     56859201      1706.67
        4.13     0.999463     56864232      1861.82
        4.13     0.999512     56864232      2048.00
        4.13     0.999536     56864232      2155.79
        4.16     0.999561     56867947      2275.56
        4.16     0.999585     56867947      2409.41
        4.19     0.999609     56870717      2560.00
        4.19     0.999634     56870717      2730.67
        4.22     0.999658     56873147      2925.71
        4.22     0.999683     56873147      3150.77
        4.25     0.999707     56875193      3413.33
        4.25     0.999731     56875193      3723.64
        4.29     0.999756     56876945      4096.00
        4.32     0.999768     56878568      4311.58
        4.32     0.999780     56878568      4551.11
        4.32     0.999792     56878568      4818.82
        4.35     0.999805     56879886      5120.00
        4.35     0.999817     56879886      5461.33
        4.38     0.999829     56881213      5851.43
        4.42     0.999841     56882161      6301.54
        4.42     0.999854     56882161      6826.67
        4.45     0.999866     56883083      7447.27
        4.48     0.999878     56883952      8192.00
        4.48     0.999884     56883952      8623.16
        4.51     0.999890     56884688      9102.22
        4.51     0.999896     56884688      9637.65
        4.54     0.999902     56885362     10240.00
        4.54     0.999908     56885362     10922.67
        4.58     0.999915     56885970     11702.86
        4.58     0.999921     56885970     12603.08
        4.61     0.999927     56886590     13653.33
        4.61     0.999933     56886590     14894.55
        4.64     0.999939     56887089     16384.00
        4.64     0.999942     56887089     17246.32
        4.67     0.999945     56887470     18204.44
        4.67     0.999948     56887470     19275.29
        4.70     0.999951     56887930     20480.00
        4.70     0.999954     56887930     21845.33
        4.70     0.999957     56887930     23405.71
        4.74     0.999960     56888243     25206.15
        4.74     0.999963     56888243     27306.67
        4.77     0.999966     56888519     29789.09
        4.80     0.999969     56888759     32768.00
        4.80     0.999971     56888759     34492.63
        4.80     0.999973     56888759     36408.89
        4.83     0.999974     56888956     38550.59
        4.83     0.999976     56888956     40960.00
        4.86     0.999977     56889130     43690.67
        4.86     0.999979     56889130     46811.43
        4.89     0.999980     56889301     50412.31
        4.89     0.999982     56889301     54613.33
        4.93     0.999983     56889436     59578.18
        4.93     0.999985     56889436     65536.00
        4.96     0.999986     56889555     68985.26
        4.96     0.999986     56889555     72817.78
        4.96     0.999987     56889555     77101.18
        4.99     0.999988     56889673     81920.00
        4.99     0.999989     56889673     87381.33
        4.99     0.999989     56889673     93622.86
        5.02     0.999990     56889752    100824.62
        5.05     0.999991     56889846    109226.67
        5.05     0.999992     56889846    119156.36
        5.05     0.999992     56889846    131072.00
        5.09     0.999993     56889900    137970.53
        5.09     0.999993     56889900    145635.56
        5.12     0.999994     56889928    154202.35
        5.15     0.999994     56890002    163840.00
        5.15     0.999994     56890002    174762.67
        5.15     0.999995     56890002    187245.71
        5.15     0.999995     56890002    201649.23
        5.18     0.999995     56890045    218453.33
        5.18     0.999996     56890045    238312.73
        5.21     0.999996     56890071    262144.00
        5.25     0.999996     56890110    275941.05
        5.25     0.999997     56890110    291271.11
        5.25     0.999997     56890110    308404.71
        5.25     0.999997     56890110    327680.00
        5.28     0.999997     56890140    349525.33
        5.28     0.999997     56890140    374491.43
        5.28     0.999998     56890140    403298.46
        5.31     0.999998     56890159    436906.67
        5.31     0.999998     56890159    476625.45
        5.34     0.999998     56890183    524288.00
        5.34     0.999998     56890183    551882.11
        5.34     0.999998     56890183    582542.22
        5.38     0.999998     56890202    616809.41
        5.38     0.999998     56890202    655360.00
        5.38     0.999999     56890202    699050.67
        5.41     0.999999     56890213    748982.86
        5.41     0.999999     56890213    806596.92
        5.41     0.999999     56890213    873813.33
        5.44     0.999999     56890228    953250.91
        5.44     0.999999     56890228   1048576.00
        5.44     0.999999     56890228   1103764.21
        5.47     0.999999     56890241   1165084.44
        5.47     0.999999     56890241   1233618.82
        5.47     0.999999     56890241   1310720.00
        5.47     0.999999     56890241   1398101.33
        5.47     0.999999     56890241   1497965.71
        5.50     0.999999     56890251   1613193.85
        5.50     0.999999     56890251   1747626.67
        5.50     0.999999     56890251   1906501.82
        5.50     1.000000     56890251   2097152.00
        5.54     1.000000     56890264   2207528.42
        5.54     1.000000     56890264   2330168.89
        5.54     1.000000     56890264   2467237.65
        5.54     1.000000     56890264   2621440.00
        5.54     1.000000     56890264   2796202.67
        5.54     1.000000     56890264   2995931.43
        5.54     1.000000     56890264   3226387.69
        5.54     1.000000     56890264   3495253.33
        5.54     1.000000     56890264   3813003.64
        5.57     1.000000     56890269   4194304.00
        5.57     1.000000     56890269   4415056.84
        5.57     1.000000     56890269   4660337.78
        5.57     1.000000     56890269   4934475.29
        5.57     1.000000     56890269   5242880.00
        5.57     1.000000     56890269   5592405.33
        5.57     1.000000     56890269   5991862.86
        5.60     1.000000     56890271   6452775.39
        5.60     1.000000     56890271   6990506.67
        5.60     1.000000     56890271   7626007.28
        5.66     1.000000     56890272   8388608.00
        5.66     1.000000     56890272   8830113.68
        5.66     1.000000     56890272   9320675.55
        5.70     1.000000     56890276   9868950.59
        5.70     1.000000     56890276  10485760.00
        5.70     1.000000     56890276  11184810.67
        5.70     1.000000     56890276  11983725.71
        5.70     1.000000     56890276  12905550.76
        5.70     1.000000     56890276  13981013.34
        5.70     1.000000     56890276  15252014.55
        5.70     1.000000     56890276  16777216.00
        5.70     1.000000     56890276  17660227.38
        5.70     1.000000     56890276  18641351.10
        5.70     1.000000     56890276  19737901.19
        5.70     1.000000     56890276  20971519.98
        5.70     1.000000     56890276  22369621.33
        5.70     1.000000     56890276  23967451.45
        5.70     1.000000     56890276  25811101.52
        5.70     1.000000     56890276  27962026.68
        5.73     1.000000     56890277  30504029.05
        5.73     1.000000     56890277  33554432.00
        5.73     1.000000     56890277  35320454.76
        5.73     1.000000     56890277  37282702.28
        5.73     1.000000     56890277  39475802.28
        5.73     1.000000     56890277  41943039.96
        5.73     1.000000     56890277  44739242.67
        5.73     1.000000     56890277  47934902.91
        5.73     1.000000     56890277  51622203.20
        5.73     1.000000     56890277  55924053.19
        5.79     1.000000     56890278  61008058.10
        5.79     1.000000     56890278          inf
#[Mean    =        2.530, StdDeviation   =        0.677]
#[Max     =        5.791, Total count    =     56890278]
#[Buckets =           20, SubBuckets     =          256]
