       Value   Percentile   TotalCount 1/(1-Percentile)

        0.37     0.000000            2         1.00
        1.85     0.050000      2967623         1.05
        1.90     0.100000      6151776         1.11
        1.92     0.150000      8770742         1.18
        1.94     0.200000     11800129         1.25
        1.97     0.250000     15053545         1.33
        1.98     0.300000     17234936         1.43
        2.01     0.350000     20358145         1.54
        2.03     0.400000     23154783         1.67
        2.06     0.450000     26161652         1.82
        2.10     0.500000     28317567         2.00
        2.13     0.525000     29734328         2.11
        2.19     0.550000     31126050         2.22
        2.86     0.575000     32450333         2.35
        2.99     0.600000     33927223         2.50
        3.06     0.625000     35296944         2.67
        3.10     0.650000     36659680         2.86
        3.15     0.675000     38312644         3.08
        3.18     0.700000     39562336         3.33
        3.21     0.725000     40896919         3.64
        3.25     0.750000     42287821         4.00
        3.26     0.762500     42987945         4.21
        3.28     0.775000     43676191         4.44
        3.29     0.787500     44352092         4.71
        3.33     0.800000     45621685         5.00
        3.34     0.812500     46204008         5.33
        3.36     0.825000     46749568         5.71
        3.38     0.837500     47256427         6.15
        3.41     0.850000     48169965         6.67
        3.42     0.862500     48589113         7.27
        3.46     0.875000     49396796         8.00
        3.47     0.881250     49802280         8.42
        3.49     0.887500     50216220         8.89
        3.50     0.893750     50642971         9.41
        3.52     0.900000     51079307        10.00
        3.52     0.906250     51079307        10.67
        3.54     0.912500     51524639        11.43
        3.55     0.918750     51972075        12.31
        3.57     0.925000     52415597        13.33
        3.58     0.931250     52847240        14.55
        3.58     0.937500     52847240        16.00
        3.60     0.940625     53254342        16.84
        3.60     0.943750     53254342        17.78
        3.62     0.946875     53628911        18.82
        3.62     0.950000     53628911        20.00
        3.63     0.953125     53973885        21.33
        3.63     0.956250     53973885        22.86
        3.65     0.959375     54279292        24.62
        3.65     0.962500     54279292        26.67
        3.66     0.965625     54549884        29.09
        3.66     0.968750     54549884        32.00
        3.68     0.970313     54782934        33.68
        3.68     0.971875     54782934        35.56
        3.69     0.973437     54980983        37.65
        3.69     0.975000     54980983        40.00
        3.69     0.976562     54980983        42.67
        3.71     0.978125     55149685        45.71
        3.71     0.979688     55149685        49.23
        3.73     0.981250     55291347        53.33
        3.74     0.982812     55410530        58.18
        3.76     0.984375     55513956        64.00
        3.76     0.985156     55513956        67.37
        3.76     0.985938     55513956        71.11
        3.77     0.986719     55604375        75.29
        3.77     0.987500     55604375        80.00
        3.79     0.988281     55682079        85.33
        3.79     0.989062     55682079        91.43
        3.81     0.989844     55752925        98.46
        3.82     0.990625     55815139       106.67
        3.82     0.991406     55815139       116.36
        3.84     0.992188     55872968       128.00
        3.85     0.992578     55925495       134.74
        3.85     0.992969     55925495       142.22
        3.85     0.993359     55925495       150.59
        3.87     0.993750     55972860       160.00
        3.87     0.994141     55972860       170.67
        3.89     0.994531     56016560       182.86
        3.89     0.994922     56016560       196.92
        3.90     0.995313     56055552       213.33
        3.90     0.995703     56055552       232.73
        3.92     0.996094     56090060       256.00
        3.92     0.996289     56090060       269.47
        3.94     0.996484     56119868       284.44
        3.94     0.996680     56119868       301.18
        3.94     0.996875     56119868       320.00
        3.95     0.997070     56146206       341.33
        3.95     0.997266     56146206       365.71
        3.97     0.997461     56168663       393.85
        3.97     0.997656     56168663       426.67
        3.98     0.997852     56187775       465.45
        3.98     0.998047     56187775       512.00
        3.98     0.998145     56187775       538.95
        4.00     0.998242     56203934       568.89
        4.00     0.998340     56203934       602.35
        4.00     0.998437     56203934       640.00
        4.01     0.998535     56216884       682.67
        4.01     0.998633     56216884       731.43
        4.03     0.998730     56228120       787.69
        4.03     0.998828     56228120       853.33
        4.05     0.998926     56237062       930.91
        4.05     0.999023     56237062      1024.00
        4.06     0.999072     56244558      1077.89
        4.06     0.999121     56244558      1137.78
        4.06     0.999170     56244558      1204.71
        4.08     0.999219     56250454      1280.00
        4.08     0.999268     56250454      1365.33
        4.09     0.999316     56255452      1462.86
        4.09     0.999365     56255452      1575.38
        4.13     0.999414     56262890      1706.67
        4.13     0.999463     56262890      1861.82
        4.16     0.999512     56267714      2048.00
        4.16     0.999536     56267714      2155.79
        4.16     0.999561     56267714      2275.56
        4.16     0.999585     56267714      2409.41
        4.19     0.999609     56271247      2560.00
        4.19     0.999634     56271247      2730.67
        4.22     0.999658     56273837      2925.71
        4.22     0.999683     56273837      3150.77
        4.25     0.999707     56275754      3413.33
        4.25     0.999731     56275754      3723.64
        4.29     0.999756     56277498      4096.00
        4.32     0.999768     56279021      4311.58
        4.32     0.999780     56279021      4551.11
        4.35     0.999792     56280266      4818.82
        4.35     0.999805     56280266      5120.00
        4.38     0.999817     56281454      5461.33
        4.38     0.999829     56281454      5851.43
        4.42     0.999841     56282519      6301.54
        4.45     0.999854     56283406      6826.67
        4.45     0.999866     56283406      7447.27
        4.48     0.999878     56284225      8192.00
        4.51     0.999884     56284970      8623.16
        4.51     0.999890     56284970      9102.22
        4.51     0.999896     56284970      9637.65
        4.54     0.999902     56285665     10240.00
        4.54     0.999908     56285665     10922.67
        4.58     0.999915     56286227     11702.86
        4.61     0.999921     56286860     12603.08
        4.61     0.999927     56286860     13653.33
        4.64     0.999933     56287354     14894.55
        4.67     0.999939     56287765     16384.00
        4.67     0.999942     56287765     17246.32
        4.67     0.999945     56287765     18204.44
        4.70     0.999948     56288181     19275.29
        4.70     0.999951     56288181     20480.00
        4.74     0.999954     56288498     21845.33
        4.74     0.999957     56288498     23405.71
        4.77     0.999960     56288808     25206.15
        4.77     0.999963     56288808     27306.67
        4.80     0.999966     56289039     29789.09
        4.83     0.999969     56289240     32768.00
        4.83     0.999971     56289240     34492.63
        4.86     0.999973     56289401     36408.89
        4.86     0.999974     56289401     38550.59
        4.89     0.999976     56289548     40960.00
        4.89     0.999977     56289548     43690.67
        4.93     0.999979     56289698     46811.43
        4.93     0.999980     56289698     50412.31
        4.96     0.999982     56289841     54613.33
        4.99     0.999983     56289940     59578.18
        5.02     0.999985     56290041     65536.00
        5.02     0.999986     56290041     68985.26
        5.02     0.999986     56290041     72817.78
        5.05     0.999987     56290150     77101.18
        5.05     0.999988     56290150     81920.00
        5.09     0.999989     56290215     87381.33
        5.09     0.999989     56290215     93622.86
        5.12     0.999990     56290314    100824.62
        5.12     0.999991     56290314    109226.67
        5.15     0.999992     56290373    119156.36
        5.18     0.999992     56290442    131072.00
        5.18     0.999993     56290442    137970.53
        5.18     0.999993     56290442    145635.56
        5.18     0.999994     56290442    154202.35
        5.21     0.999994     56290497    163840.00
        5.21     0.999994     56290497    174762.67
        5.25     0.999995     56290536    187245.71
        5.25     0.999995     56290536    201649.23
        5.28     0.999995     56290582    218453.33
        5.28     0.999996     56290582    238312.73
        5.31     0.999996     56290611    262144.00
        5.31     0.999996     56290611    275941.05
        5.31     0.999997     56290611    291271.11
        5.34     0.999997     56290640    308404.71
        5.34     0.999997     56290640    327680.00
        5.38     0.999997     56290651    349525.33
        5.41     0.999997     56290679    374491.43
        5.41     0.999998     56290679    403298.46
        5.41     0.999998     56290679    436906.67
        5.44     0.999998     56290690    476625.45
        5.47     0.999998     56290702    524288.00
        5.50     0.999998     56290716    551882.11
        5.50     0.999998     56290716    582542.22
        5.50     0.999998     56290716    616809.41
        5.54     0.999998     56290728    655360.00
        5.54     0.999999     56290728    699050.67
        5.57     0.999999     56290746    748982.86
        5.57     0.999999     56290746    806596.92
        5.57     0.999999     56290746    873813.33
        5.57     0.999999     56290746    953250.91
        5.63     0.999999     56290760   1048576.00
        5.63     0.999999     56290760   1103764.21
        5.63     0.999999     56290760   1165084.44
        5.63     0.999999     56290760   1233618.82
        5.66     0.999999     56290763   1310720.00
        5.70     0.999999     56290772   1398101.33
        5.70     0.999999     56290772   1497965.71
        5.70     0.999999     56290772   1613193.85
        5.70     0.999999     56290772   1747626.67
        5.73     0.999999     56290777   1906501.82
        5.76     1.000000     56290782   2097152.00
        5.76     1.000000     56290782   2207528.42
        5.76     1.000000     56290782   2330168.89
        5.76     1.000000     56290782   2467237.65
        5.79     1.000000     56290783   2621440.00
        5.82     1.000000     56290785   2796202.67
        5.86     1.000000     56290787   2995931.43
        5.86     1.000000     56290787   3226387.69
        5.89     1.000000     56290788   3495253.33
        6.59     1.000000     56290793   3813003.64
        6.59     1.000000     56290793   4194304.00
        6.59     1.000000     56290793   4415056.84
        6.59     1.000000     56290793   4660337.78
        6.59     1.000000     56290793   4934475.29
        6.62     1.000000     56290797   5242880.00
        6.62     1.000000     56290797   5592405.33
        6.62     1.000000     56290797   5991862.86
        6.62     1.000000     56290797   6452775.39
        6.62     1.000000     56290797   6990506.67
        6.62     1.000000     56290797   7626007.28
        6.66     1.000000     56290801   8388608.00
        6.66     1.000000     56290801   8830113.68
        6.66     1.000000     56290801   9320675.55
        6.66     1.000000     56290801   9868950.59
        6.66     1.000000     56290801  10485760.00
        6.66     1.000000     56290801  11184810.67
        6.66     1.000000     56290801  11983725.71
        6.66     1.000000     56290801  12905550.76
        6.66     1.000000     56290801  13981013.34
        6.66     1.000000     56290801  15252014.55
        6.66     1.000000     56290801  16777216.00
        6.66     1.000000     56290801  17660227.38
        6.66     1.000000     56290801  18641351.10
        7.01     1.000000     56290802  19737901.19
        7.01     1.000000     56290802  20971519.98
        7.01     1.000000     56290802  22369621.33
        7.01     1.000000     56290802  23967451.45
        7.01     1.000000     56290802  25811101.52
        7.01     1.000000     56290802  27962026.68
        7.04     1.000000     56290803  30504029.05
        7.04     1.000000     56290803  33554432.00
        7.04     1.000000     56290803  35320454.76
        7.04     1.000000     56290803  37282702.28
        7.04     1.000000     56290803  39475802.28
        7.04     1.000000     56290803  41943039.96
        7.04     1.000000     56290803  44739242.67
        7.04     1.000000     56290803  47934902.91
        7.04     1.000000     56290803  51622203.20
        7.04     1.000000     56290803  55924053.19
        7.07     1.000000     56290804  61008058.10
        7.07     1.000000     56290804          inf
#[Mean    =        2.557, StdDeviation   =        0.683]
#[Max     =        7.071, Total count    =     56290804]
#[Buckets =           20, SubBuckets     =          256]
