       Value   Percentile   TotalCount 1/(1-Percentile)

        0.02     0.000000        14823         1.00
        0.34     0.050000      1439098         1.05
        0.57     0.100000      2873497         1.11
        0.66     0.150000      4452931         1.18
        0.68     0.200000      6389622         1.25
        0.69     0.250000      7806974         1.33
        0.69     0.300000      9545723         1.43
        0.70     0.350000     11614476         1.54
        0.70     0.400000     11614476         1.67
        0.71     0.450000     14056308         1.82
        0.72     0.500000     16937016         2.00
        0.72     0.525000     16937016         2.11
        0.72     0.550000     16937016         2.22
        0.72     0.575000     16937016         2.35
        0.72     0.600000     16937016         2.50
        0.73     0.625000     20178657         2.67
        0.73     0.650000     20178657         2.86
        0.73     0.675000     20178657         3.08
        0.73     0.700000     20178657         3.33
        0.73     0.725000     23108481         3.64
        0.73     0.750000     23108481         4.00
        0.73     0.762500     23108481         4.21
        0.73     0.775000     23108481         4.44
        0.73     0.787500     23108481         4.71
        0.73     0.800000     23108481         5.00
        0.73     0.812500     23108481         5.33
        0.74     0.825000     24985400         5.71
        0.74     0.837500     24985400         6.15
        0.74     0.850000     24985400         6.67
        0.74     0.862500     24985400         7.27
        0.74     0.875000     24985400         8.00
        0.74     0.881250     24985400         8.42
        0.75     0.887500     25925650         8.89
        0.75     0.893750     25925650         9.41
        0.75     0.900000     25925650        10.00
        0.75     0.906250     25925650        10.67
        0.75     0.912500     25925650        11.43
        0.75     0.918750     25925650        12.31
        0.76     0.925000     26363001        13.33
        0.76     0.931250     26363001        14.55
        0.77     0.937500     26579836        16.00
        0.77     0.940625     26579836        16.84
        0.78     0.943750     26701355        17.78
        0.78     0.946875     26779329        18.82
        0.79     0.950000     26841294        20.00
        0.80     0.953125     26891112        21.33
        0.81     0.956250     26968637        22.86
        0.84     0.959375     27077584        24.62
        0.85     0.962500     27149474        26.67
        0.89     0.965625     27243807        29.09
        0.93     0.968750     27337095        32.00
        0.94     0.970313     27379821        33.68
        0.96     0.971875     27420666        35.56
        0.97     0.973437     27458135        37.65
        1.00     0.975000     27504343        40.00
        1.04     0.976562     27540972        42.67
        1.18     0.978125     27584917        45.71
        1.29     0.979688     27629444        49.23
        1.33     0.981250     27676572        53.33
        1.36     0.982812     27722906        58.18
        1.38     0.984375     27760636        64.00
        1.39     0.985156     27804710        67.37
        1.39     0.985938     27804710        71.11
        1.40     0.986719     27829365        75.29
        1.41     0.987500     27855763        80.00
        1.42     0.988281     27883816        85.33
        1.42     0.989062     27913320        91.43
        1.43     0.989844     27944793        98.46
        1.43     0.990625     27944793       106.67
        1.44     0.991406     27978488       116.36
        1.45     0.992188     28014644       128.00
        1.45     0.992578     28014644       134.74
        1.45     0.992969     28014644       142.22
        1.45     0.993359     28014644       150.59
        1.46     0.993750     28051273       160.00
        1.46     0.994141     28051273       170.67
        1.46     0.994531     28051273       182.86
        1.46     0.994922     28086329       196.92
        1.46     0.995313     28086329       213.33
        1.46     0.995703     28086329       232.73
        1.47     0.996094     28117042       256.00
        1.47     0.996289     28117042       269.47
        1.47     0.996484     28117042       284.44
        1.47     0.996680     28117042       301.18
        1.47     0.996875     28117042       320.00
        1.48     0.997070     28141482       341.33
        1.48     0.997266     28141482       365.71
        1.48     0.997461     28141482       393.85
        1.48     0.997656     28141482       426.67
        1.48     0.997852     28141482       465.45
        1.49     0.998047     28159511       512.00
        1.49     0.998145     28159511       538.95
        1.49     0.998242     28159511       568.89
        1.49     0.998340     28159511       602.35
        1.49     0.998437     28159511       640.00
        1.50     0.998535     28171623       682.67
        1.50     0.998633     28171623       731.43
        1.50     0.998730     28171623       787.69
        1.50     0.998828     28171623       853.33
        1.50     0.998926     28171623       930.91
        1.50     0.999023     28179656      1024.00
        1.50     0.999072     28179656      1077.89
        1.50     0.999121     28179656      1137.78
        1.50     0.999170     28179656      1204.71
        1.50     0.999219     28179656      1280.00
        1.51     0.999268     28184710      1365.33
        1.51     0.999316     28184710      1462.86
        1.51     0.999365     28184710      1575.38
        1.51     0.999414     28184710      1706.67
        1.52     0.999463     28188030      1861.82
        1.52     0.999512     28188030      2048.00
        1.53     0.999536     28190373      2155.79
        1.53     0.999561     28190373      2275.56
        1.53     0.999585     28190373      2409.41
        1.53     0.999609     28190373      2560.00
        1.53     0.999634     28192098      2730.67
        1.53     0.999658     28192098      2925.71
        1.54     0.999683     28193513      3150.77
        1.54     0.999707     28193513      3413.33
        1.55     0.999731     28194632      3723.64
        1.55     0.999756     28194632      4096.00
        1.55     0.999768     28194632      4311.58
        1.56     0.999780     28195525      4551.11
        1.56     0.999792     28195525      4818.82
        1.57     0.999805     28196302      5120.00
        1.57     0.999817     28196302      5461.33
        1.57     0.999829     28197022      5851.43
        1.57     0.999841     28197022      6301.54
        1.57     0.999854     28197022      6826.67
        1.58     0.999866     28197724      7447.27
        1.58     0.999878     28197724      8192.00
        1.59     0.999884     28198271      8623.16
        1.59     0.999890     28198271      9102.22
        1.59     0.999896     28198271      9637.65
        1.60     0.999902     28198762     10240.00
        1.60     0.999908     28198762     10922.67
        1.60     0.999915     28198762     11702.86
        1.61     0.999921     28199146     12603.08
        1.61     0.999927     28199146     13653.33
        1.61     0.999933     28199456     14894.55
        1.61     0.999939     28199456     16384.00
        1.62     0.999942     28199637     17246.32
        1.62     0.999945     28199637     18204.44
        1.63     0.999948     28199796     19275.29
        1.63     0.999951     28199796     20480.00
        1.64     0.999954     28199885     21845.33
        1.65     0.999957     28199964     23405.71
        1.66     0.999960     28200052     25206.15
        1.68     0.999963     28200114     27306.67
        1.72     0.999966     28200203     29789.09
        1.77     0.999969     28200288     32768.00
        1.79     0.999971     28200334     34492.63
        1.81     0.999973     28200371     36408.89
        1.84     0.999974     28200406     38550.59
        1.87     0.999976     28200450     40960.00
        1.91     0.999977     28200495     43690.67
        1.95     0.999979     28200546     46811.43
        1.98     0.999980     28200580     50412.31
        2.02     0.999982     28200627     54613.33
        2.06     0.999983     28200677     59578.18
        2.10     0.999985     28200725     65536.00
        2.11     0.999986     28200747     68985.26
        2.13     0.999986     28200783     72817.78
        2.13     0.999987     28200783     77101.18
        2.14     0.999988     28200818     81920.00
        2.14     0.999989     28200818     87381.33
        2.17     0.999989     28200860     93622.86
        2.17     0.999990     28200860    100824.62
        2.19     0.999991     28200888    109226.67
        2.21     0.999992     28200913    119156.36
        2.22     0.999992     28200930    131072.00
        2.24     0.999993     28200942    137970.53
        2.25     0.999993     28200960    145635.56
        2.25     0.999994     28200960    154202.35
        2.27     0.999994     28200977    163840.00
        2.27     0.999994     28200977    174762.67
        2.29     0.999995     28200987    187245.71
        2.35     0.999995     28201001    201649.23
        2.45     0.999995     28201009    218453.33
        2.56     0.999996     28201019    238312.73
        2.86     0.999996     28201030    262144.00
        2.99     0.999996     28201035    275941.05
        4.74     0.999997     28201133    291271.11
        4.74     0.999997     28201133    308404.71
        4.74     0.999997     28201133    327680.00
        4.74     0.999997     28201133    349525.33
        4.74     0.999997     28201133    374491.43
        4.74     0.999998     28201133    403298.46
        4.74     0.999998     28201133    436906.67
        4.74     0.999998     28201133    476625.45
        4.74     0.999998     28201133    524288.00
        4.74     0.999998     28201133    551882.11
        4.74     0.999998     28201133    582542.22
        4.74     0.999998     28201133    616809.41
        4.74     0.999998     28201133    655360.00
        4.74     0.999999     28201133    699050.67
        4.74     0.999999     28201133    748982.86
        4.74     0.999999     28201133    806596.92
        4.74     0.999999     28201133    873813.33
        4.74     0.999999     28201133    953250.91
        4.74     0.999999     28201133   1048576.00
        4.74     0.999999     28201133   1103764.21
        4.74     0.999999     28201133   1165084.44
        4.74     0.999999     28201133   1233618.82
        4.74     0.999999     28201133   1310720.00
        4.74     0.999999     28201133   1398101.33
        4.74     0.999999     28201133   1497965.71
        4.74     0.999999     28201133   1613193.85
        4.74     0.999999     28201133   1747626.67
        4.74     0.999999     28201133   1906501.82
        4.74     1.000000     28201133   2097152.00
        4.74     1.000000     28201133   2207528.42
        4.74     1.000000     28201133   2330168.89
        4.74     1.000000     28201133   2467237.65
        4.74     1.000000     28201133   2621440.00
        4.74     1.000000     28201133   2796202.67
        4.74     1.000000     28201133   2995931.43
        4.74     1.000000     28201133   3226387.69
        4.74     1.000000     28201133   3495253.33
        4.74     1.000000     28201133   3813003.64
        4.74     1.000000     28201133   4194304.00
        4.74     1.000000     28201133   4415056.84
        4.74     1.000000     28201133   4660337.78
        4.74     1.000000     28201133   4934475.29
        4.74     1.000000     28201133   5242880.00
        4.74     1.000000     28201133   5592405.33
        4.74     1.000000     28201133   5991862.86
        4.74     1.000000     28201133   6452775.39
        4.74     1.000000     28201133   6990506.67
        5.47     1.000000     28201137   7626007.28
        5.47     1.000000     28201137          inf
#[Mean    =        0.691, StdDeviation   =        0.173]
#[Max     =        5.471, Total count    =     28201137]
#[Buckets =           20, SubBuckets     =          256]
