       Value   Percentile   TotalCount 1/(1-Percentile)

        0.02     0.000000          547         1.00
        0.34     0.050000       128667         1.05
        0.58     0.100000       263099         1.11
        0.68     0.150000       398028         1.18
        0.69     0.200000       539810         1.25
        0.71     0.250000       758161         1.33
        0.72     0.300000       893948         1.43
        0.73     0.350000      1054194         1.54
        0.73     0.400000      1054194         1.67
        0.73     0.450000      1235403         1.82
        0.74     0.500000      1446258         2.00
        0.74     0.525000      1446258         2.11
        0.74     0.550000      1446258         2.22
        0.75     0.575000      1685428         2.35
        0.75     0.600000      1685428         2.50
        0.75     0.625000      1685428         2.67
        0.75     0.650000      1685428         2.86
        0.76     0.675000      1929784         3.08
        0.76     0.700000      1929784         3.33
        0.76     0.725000      1929784         3.64
        0.76     0.750000      1929784         4.00
        0.77     0.762500      2141640         4.21
        0.77     0.775000      2141640         4.44
        0.77     0.787500      2141640         4.71
        0.77     0.800000      2141640         5.00
        0.77     0.812500      2141640         5.33
        0.77     0.825000      2141640         5.71
        0.78     0.837500      2281734         6.15
        0.78     0.850000      2281734         6.67
        0.78     0.862500      2281734         7.27
        0.78     0.875000      2281734         8.00
        0.78     0.881250      2281734         8.42
        0.78     0.887500      2281734         8.89
        0.78     0.893750      2359023         9.41
        0.78     0.900000      2359023        10.00
        0.78     0.906250      2359023        10.67
        0.78     0.912500      2359023        11.43
        0.78     0.918750      2359023        12.31
        0.79     0.925000      2395556        13.33
        0.79     0.931250      2395556        14.55
        0.80     0.937500      2411600        16.00
        0.80     0.940625      2411600        16.84
        0.81     0.943750      2420724        17.78
        0.82     0.946875      2432956        18.82
        0.83     0.950000      2438157        20.00
        0.85     0.953125      2445475        21.33
        0.87     0.956250      2454560        22.86
        0.89     0.959375      2461067        24.62
        0.91     0.962500      2468058        26.67
        0.95     0.965625      2477624        29.09
        0.97     0.968750      2485000        32.00
        0.99     0.970313      2489918        33.68
        1.00     0.971875      2492185        35.56
        1.01     0.973437      2496226        37.65
        1.04     0.975000      2500756        40.00
        1.09     0.976562      2504072        42.67
        1.21     0.978125      2507721        45.71
        1.33     0.979688      2512052        49.23
        1.37     0.981250      2515745        53.33
        1.39     0.982812      2520210        58.18
        1.42     0.984375      2525132        64.00
        1.42     0.985156      2526982        67.37
        1.43     0.985938      2528945        71.11
        1.44     0.986719      2530991        75.29
        1.45     0.987500      2533290        80.00
        1.46     0.988281      2535737        85.33
        1.46     0.989062      2538456        91.43
        1.46     0.989844      2538456        98.46
        1.47     0.990625      2541365       106.67
        1.48     0.991406      2544728       116.36
        1.48     0.992188      2544728       128.00
        1.49     0.992578      2548411       134.74
        1.49     0.992969      2548411       142.22
        1.49     0.993359      2548411       150.59
        1.49     0.993750      2548411       160.00
        1.50     0.994141      2551960       170.67
        1.50     0.994531      2551960       182.86
        1.50     0.994922      2551960       196.92
        1.50     0.995313      2551960       213.33
        1.50     0.995703      2555141       232.73
        1.50     0.996094      2555141       256.00
        1.50     0.996289      2555141       269.47
        1.50     0.996484      2555141       284.44
        1.51     0.996680      2557680       301.18
        1.51     0.996875      2557680       320.00
        1.51     0.997070      2557680       341.33
        1.51     0.997266      2557680       365.71
        1.51     0.997461      2557680       393.85
        1.52     0.997656      2559490       426.67
        1.52     0.997852      2559490       465.45
        1.52     0.998047      2559490       512.00
        1.52     0.998145      2559490       538.95
        1.52     0.998242      2559490       568.89
        1.53     0.998340      2560699       602.35
        1.53     0.998437      2560699       640.00
        1.53     0.998535      2560699       682.67
        1.53     0.998633      2560699       731.43
        1.53     0.998730      2560699       787.69
        1.53     0.998828      2561606       853.33
        1.53     0.998926      2561606       930.91
        1.53     0.999023      2561606      1024.00
        1.53     0.999072      2561606      1077.89
        1.53     0.999121      2561606      1137.78
        1.54     0.999170      2562118      1204.71
        1.54     0.999219      2562118      1280.00
        1.54     0.999268      2562118      1365.33
        1.54     0.999316      2562118      1462.86
        1.55     0.999365      2562457      1575.38
        1.55     0.999414      2562457      1706.67
        1.55     0.999463      2562457      1861.82
        1.56     0.999512      2562670      2048.00
        1.56     0.999536      2562670      2155.79
        1.57     0.999561      2562848      2275.56
        1.57     0.999585      2562848      2409.41
        1.57     0.999609      2562848      2560.00
        1.57     0.999634      2562991      2730.67
        1.57     0.999658      2562991      2925.71
        1.57     0.999683      2562991      3150.77
        1.58     0.999707      2563110      3413.33
        1.58     0.999731      2563110      3723.64
        1.59     0.999756      2563208      4096.00
        1.59     0.999768      2563208      4311.58
        1.60     0.999780      2563299      4551.11
        1.60     0.999792      2563299      4818.82
        1.60     0.999805      2563299      5120.00
        1.61     0.999817      2563369      5461.33
        1.61     0.999829      2563369      5851.43
        1.61     0.999841      2563424      6301.54
        1.61     0.999854      2563424      6826.67
        1.62     0.999866      2563491      7447.27
        1.62     0.999878      2563491      8192.00
        1.63     0.999884      2563556      8623.16
        1.63     0.999890      2563556      9102.22
        1.63     0.999896      2563556      9637.65
        1.63     0.999902      2563556     10240.00
        1.64     0.999908      2563606     10922.67
        1.64     0.999915      2563606     11702.86
        1.64     0.999921      2563606     12603.08
        1.65     0.999927      2563644     13653.33
        1.65     0.999933      2563644     14894.55
        1.65     0.999939      2563644     16384.00
        1.66     0.999942      2563669     17246.32
        1.66     0.999945      2563669     18204.44
        1.66     0.999948      2563669     19275.29
        1.66     0.999951      2563684     20480.00
        1.66     0.999954      2563684     21845.33
        1.67     0.999957      2563692     23405.71
        1.68     0.999960      2563698     25206.15
        1.70     0.999963      2563709     27306.67
        1.70     0.999966      2563713     29789.09
        1.72     0.999969      2563719     32768.00
        1.74     0.999971      2563725     34492.63
        1.74     0.999973      2563729     36408.89
        1.76     0.999974      2563733     38550.59
        1.77     0.999976      2563735     40960.00
        1.80     0.999977      2563740     43690.67
        1.81     0.999979      2563743     46811.43
        1.82     0.999980      2563751     50412.31
        1.82     0.999982      2563751     54613.33
        1.85     0.999983      2563755     59578.18
        1.87     0.999985      2563758     65536.00
        1.89     0.999986      2563760     68985.26
        1.94     0.999986      2563762     72817.78
        1.96     0.999987      2563765     77101.18
        1.99     0.999988      2563766     81920.00
        2.01     0.999989      2563768     87381.33
        2.03     0.999989      2563770     93622.86
        2.08     0.999990      2563772    100824.62
        2.10     0.999991      2563775    109226.67
        2.11     0.999992      2563776    119156.36
        2.13     0.999992      2563778    131072.00
        2.14     0.999993      2563779    137970.53
        2.16     0.999993      2563780    145635.56
        2.17     0.999994      2563784    154202.35
        2.17     0.999994      2563784    163840.00
        2.17     0.999994      2563784    174762.67
        2.17     0.999995      2563784    187245.71
        2.19     0.999995      2563785    201649.23
        2.21     0.999995      2563787    218453.33
        2.21     0.999996      2563787    238312.73
        2.22     0.999996      2563788    262144.00
        2.22     0.999996      2563788    275941.05
        2.24     0.999997      2563791    291271.11
        2.24     0.999997      2563791    308404.71
        2.24     0.999997      2563791    327680.00
        2.24     0.999997      2563791    349525.33
        2.24     0.999997      2563791    374491.43
        2.24     0.999998      2563791    403298.46
        2.25     0.999998      2563793    436906.67
        2.25     0.999998      2563793    476625.45
        2.25     0.999998      2563793    524288.00
        2.25     0.999998      2563793    551882.11
        2.25     0.999998      2563793    582542.22
        2.25     0.999998      2563793    616809.41
        2.30     0.999998      2563794    655360.00
        2.30     0.999999      2563794    699050.67
        2.30     0.999999      2563794    748982.86
        2.30     0.999999      2563794    806596.92
        2.32     0.999999      2563795    873813.33
        2.32     0.999999      2563795    953250.91
        2.32     0.999999      2563795   1048576.00
        2.32     0.999999      2563795   1103764.21
        2.32     0.999999      2563795   1165084.44
        2.32     0.999999      2563795   1233618.82
        2.33     0.999999      2563796   1310720.00
        2.33     0.999999      2563796   1398101.33
        2.33     0.999999      2563796   1497965.71
        2.33     0.999999      2563796   1613193.85
        2.33     0.999999      2563796   1747626.67
        2.33     0.999999      2563796   1906501.82
        2.33     1.000000      2563796   2097152.00
        2.33     1.000000      2563796   2207528.42
        2.33     1.000000      2563796   2330168.89
        2.33     1.000000      2563796   2467237.65
        2.42     1.000000      2563797   2621440.00
        2.42     1.000000      2563797          inf
#[Mean    =        0.716, StdDeviation   =        0.178]
#[Max     =        2.415, Total count    =      2563797]
#[Buckets =           20, SubBuckets     =          256]
