       Value   Percentile   TotalCount 1/(1-Percentile)

        0.02     0.000000        15505         1.00
        0.34     0.050000      1314863         1.05
        0.57     0.100000      2609921         1.11
        0.67     0.150000      3861463         1.18
        0.69     0.200000      5290910         1.25
        0.70     0.250000      7546824         1.33
        0.71     0.300000      8990751         1.43
        0.71     0.350000      8990751         1.54
        0.72     0.400000     10759579         1.67
        0.73     0.450000     12911637         1.82
        0.73     0.500000     12911637         2.00
        0.73     0.525000     15542723         2.11
        0.73     0.550000     15542723         2.22
        0.73     0.575000     15542723         2.35
        0.73     0.600000     15542723         2.50
        0.74     0.625000     18720446         2.67
        0.74     0.650000     18720446         2.86
        0.74     0.675000     18720446         3.08
        0.74     0.700000     18720446         3.33
        0.74     0.725000     18720446         3.64
        0.75     0.750000     21512308         4.00
        0.75     0.762500     21512308         4.21
        0.75     0.775000     21512308         4.44
        0.75     0.787500     21512308         4.71
        0.75     0.800000     21512308         5.00
        0.75     0.812500     21512308         5.33
        0.75     0.825000     21512308         5.71
        0.75     0.837500     21512308         6.15
        0.76     0.850000     23118701         6.67
        0.76     0.862500     23118701         7.27
        0.76     0.875000     23118701         8.00
        0.76     0.881250     23118701         8.42
        0.76     0.887500     23118701         8.89
        0.76     0.893750     23118701         9.41
        0.76     0.900000     23118701        10.00
        0.77     0.906250     23846170        10.67
        0.77     0.912500     23846170        11.43
        0.77     0.918750     23846170        12.31
        0.77     0.925000     23846170        13.33
        0.78     0.931250     24158654        14.55
        0.78     0.937500     24158654        16.00
        0.78     0.940625     24158654        16.84
        0.78     0.943750     24300895        17.78
        0.78     0.946875     24300895        18.82
        0.79     0.950000     24383788        20.00
        0.80     0.953125     24444934        21.33
        0.81     0.956250     24538115        22.86
        0.83     0.959375     24597734        24.62
        0.85     0.962500     24684924        26.67
        0.88     0.965625     24782609        29.09
        0.91     0.968750     24846866        32.00
        0.93     0.970313     24876559        33.68
        0.95     0.971875     24930341        35.56
        0.97     0.973437     24965107        37.65
        0.99     0.975000     25008501        40.00
        1.01     0.976562     25042078        42.67
        1.07     0.978125     25076663        45.71
        1.23     0.979688     25117403        49.23
        1.33     0.981250     25157202        53.33
        1.37     0.982812     25197128        58.18
        1.39     0.984375     25237712        64.00
        1.41     0.985156     25266817        67.37
        1.42     0.985938     25282606        71.11
        1.42     0.986719     25300020        75.29
        1.43     0.987500     25318898        80.00
        1.44     0.988281     25339451        85.33
        1.45     0.989062     25361690        91.43
        1.46     0.989844     25385577        98.46
        1.46     0.990625     25411569       106.67
        1.47     0.991406     25440007       116.36
        1.47     0.992188     25440007       128.00
        1.48     0.992578     25471312       134.74
        1.48     0.992969     25471312       142.22
        1.48     0.993359     25471312       150.59
        1.49     0.993750     25504105       160.00
        1.49     0.994141     25504105       170.67
        1.49     0.994531     25504105       182.86
        1.50     0.994922     25535956       196.92
        1.50     0.995313     25535956       213.33
        1.50     0.995703     25535956       232.73
        1.50     0.996094     25564105       256.00
        1.50     0.996289     25564105       269.47
        1.50     0.996484     25564105       284.44
        1.50     0.996680     25564105       301.18
        1.50     0.996875     25564105       320.00
        1.50     0.997070     25564105       341.33
        1.51     0.997266     25586379       365.71
        1.51     0.997461     25586379       393.85
        1.51     0.997656     25586379       426.67
        1.51     0.997852     25586379       465.45
        1.52     0.998047     25602260       512.00
        1.52     0.998145     25602260       538.95
        1.52     0.998242     25602260       568.89
        1.52     0.998340     25602260       602.35
        1.52     0.998437     25602260       640.00
        1.52     0.998535     25602260       682.67
        1.53     0.998633     25612907       731.43
        1.53     0.998730     25612907       787.69
        1.53     0.998828     25612907       853.33
        1.53     0.998926     25612907       930.91
        1.53     0.999023     25612907      1024.00
        1.53     0.999072     25619733      1077.89
        1.53     0.999121     25619733      1137.78
        1.53     0.999170     25619733      1204.71
        1.53     0.999219     25619733      1280.00
        1.53     0.999268     25619733      1365.33
        1.54     0.999316     25624004      1462.86
        1.54     0.999365     25624004      1575.38
        1.54     0.999414     25624004      1706.67
        1.54     0.999463     25624004      1861.82
        1.55     0.999512     25626718      2048.00
        1.55     0.999536     25626718      2155.79
        1.55     0.999561     25626718      2275.56
        1.56     0.999585     25628506      2409.41
        1.56     0.999609     25628506      2560.00
        1.56     0.999634     25628506      2730.67
        1.57     0.999658     25629831      2925.71
        1.57     0.999683     25629831      3150.77
        1.57     0.999707     25630927      3413.33
        1.57     0.999731     25630927      3723.64
        1.58     0.999756     25631803      4096.00
        1.58     0.999768     25631803      4311.58
        1.59     0.999780     25632550      4551.11
        1.59     0.999792     25632550      4818.82
        1.59     0.999805     25632550      5120.00
        1.60     0.999817     25633297      5461.33
        1.60     0.999829     25633297      5851.43
        1.61     0.999841     25633937      6301.54
        1.61     0.999854     25633937      6826.67
        1.61     0.999866     25634532      7447.27
        1.61     0.999878     25634532      8192.00
        1.61     0.999884     25634532      8623.16
        1.62     0.999890     25635094      9102.22
        1.62     0.999896     25635094      9637.65
        1.62     0.999902     25635094     10240.00
        1.63     0.999908     25635561     10922.67
        1.63     0.999915     25635561     11702.86
        1.63     0.999921     25635561     12603.08
        1.64     0.999927     25635897     13653.33
        1.64     0.999933     25635897     14894.55
        1.65     0.999939     25636138     16384.00
        1.65     0.999942     25636138     17246.32
        1.65     0.999945     25636138     18204.44
        1.66     0.999948     25636331     19275.29
        1.66     0.999951     25636331     20480.00
        1.66     0.999954     25636331     21845.33
        1.66     0.999957     25636458     23405.71
        1.66     0.999960     25636458     25206.15
        1.68     0.999963     25636579     27306.67
        1.69     0.999966     25636623     29789.09
        1.71     0.999969     25636704     32768.00
        1.73     0.999971     25636737     34492.63
        1.74     0.999973     25636772     36408.89
        1.76     0.999974     25636809     38550.59
        1.78     0.999976     25636856     40960.00
        1.80     0.999977     25636892     43690.67
        1.82     0.999979     25636933     46811.43
        1.86     0.999980     25636972     50412.31
        1.91     0.999982     25637004     54613.33
        1.97     0.999983     25637050     59578.18
        2.01     0.999985     25637086     65536.00
        2.02     0.999986     25637106     68985.26
        2.04     0.999986     25637121     72817.78
        2.06     0.999987     25637148     77101.18
        2.08     0.999988     25637166     81920.00
        2.10     0.999989     25637186     87381.33
        2.13     0.999989     25637209     93622.86
        2.14     0.999990     25637231    100824.62
        2.16     0.999991     25637259    109226.67
        2.16     0.999992     25637259    119156.36
        2.19     0.999992     25637301    131072.00
        2.19     0.999993     25637301    137970.53
        2.19     0.999993     25637301    145635.56
        2.21     0.999994     25637323    154202.35
        2.21     0.999994     25637323    163840.00
        2.22     0.999994     25637342    174762.67
        2.22     0.999995     25637342    187245.71
        2.24     0.999995     25637362    201649.23
        2.24     0.999995     25637362    218453.33
        2.25     0.999996     25637379    238312.73
        2.25     0.999996     25637379    262144.00
        2.27     0.999996     25637402    275941.05
        2.27     0.999997     25637402    291271.11
        2.27     0.999997     25637402    308404.71
        2.27     0.999997     25637402    327680.00
        2.27     0.999997     25637402    349525.33
        2.29     0.999997     25637416    374491.43
        2.29     0.999998     25637416    403298.46
        2.29     0.999998     25637416    436906.67
        2.30     0.999998     25637426    476625.45
        2.30     0.999998     25637426    524288.00
        2.32     0.999998     25637442    551882.11
        2.32     0.999998     25637442    582542.22
        2.32     0.999998     25637442    616809.41
        2.32     0.999998     25637442    655360.00
        2.32     0.999999     25637442    699050.67
        2.32     0.999999     25637442    748982.86
        2.32     0.999999     25637442    806596.92
        2.33     0.999999     25637447    873813.33
        2.33     0.999999     25637447    953250.91
        2.35     0.999999     25637451   1048576.00
        2.35     0.999999     25637451   1103764.21
        2.35     0.999999     25637451   1165084.44
        2.37     0.999999     25637456   1233618.82
        2.37     0.999999     25637456   1310720.00
        2.37     0.999999     25637456   1398101.33
        2.37     0.999999     25637456   1497965.71
        2.38     0.999999     25637459   1613193.85
        2.38     0.999999     25637459   1747626.67
        2.40     0.999999     25637463   1906501.82
        2.40     1.000000     25637463   2097152.00
        2.40     1.000000     25637463   2207528.42
        2.40     1.000000     25637463   2330168.89
        2.40     1.000000     25637463   2467237.65
        2.42     1.000000     25637464   2621440.00
        2.42     1.000000     25637464   2796202.67
        2.46     1.000000     25637466   2995931.43
        2.46     1.000000     25637466   3226387.69
        2.46     1.000000     25637466   3495253.33
        2.50     1.000000     25637467   3813003.64
        2.50     1.000000     25637467   4194304.00
        2.56     1.000000     25637468   4415056.84
        2.56     1.000000     25637468   4660337.78
        2.56     1.000000     25637468   4934475.29
        2.65     1.000000     25637469   5242880.00
        2.65     1.000000     25637469   5592405.33
        2.65     1.000000     25637469   5991862.86
        2.75     1.000000     25637470   6452775.39
        2.75     1.000000     25637470   6990506.67
        2.75     1.000000     25637470   7626007.28
        2.75     1.000000     25637470   8388608.00
        2.85     1.000000     25637471   8830113.68
        2.85     1.000000     25637471   9320675.55
        2.85     1.000000     25637471   9868950.59
        2.85     1.000000     25637471  10485760.00
        2.85     1.000000     25637471  11184810.67
        2.85     1.000000     25637471  11983725.71
        3.10     1.000000     25637472  12905550.76
        3.10     1.000000     25637472  13981013.34
        3.10     1.000000     25637472  15252014.55
        3.10     1.000000     25637472  16777216.00
        3.10     1.000000     25637472  17660227.38
        3.10     1.000000     25637472  18641351.10
        3.10     1.000000     25637472  19737901.19
        3.10     1.000000     25637472  20971519.98
        3.10     1.000000     25637472  22369621.33
        3.10     1.000000     25637472  23967451.45
        3.21     1.000000     25637473  25811101.52
        3.21     1.000000     25637473          inf
#[Mean    =        0.702, StdDeviation   =        0.176]
#[Max     =        3.215, Total count    =     25637473]
#[Buckets =           20, SubBuckets     =          256]
