       Value   Percentile   TotalCount 1/(1-Percentile)

        0.02     0.000000        14785         1.00
        0.36     0.050000      1719366         1.05
        0.60     0.100000      3444876         1.11
        0.69     0.150000      5299836         1.18
        0.70     0.200000      7273760         1.25
        0.71     0.250000      8812079         1.33
        0.72     0.300000     10754769         1.43
        0.73     0.350000     13101572         1.54
        0.73     0.400000     15868458         1.67
        0.73     0.450000     15868458         1.82
        0.74     0.500000     18987771         2.00
        0.74     0.525000     18987771         2.11
        0.74     0.550000     18987771         2.22
        0.75     0.575000     22162429         2.35
        0.75     0.600000     22162429         2.50
        0.75     0.625000     22162429         2.67
        0.75     0.650000     22162429         2.86
        0.76     0.675000     24926109         3.08
        0.76     0.700000     24926109         3.33
        0.76     0.725000     24926109         3.64
        0.77     0.750000     26917086         4.00
        0.77     0.762500     26917086         4.21
        0.77     0.775000     26917086         4.44
        0.77     0.787500     26917086         4.71
        0.78     0.800000     28102228         5.00
        0.78     0.812500     28102228         5.33
        0.78     0.825000     28102228         5.71
        0.78     0.837500     28759530         6.15
        0.78     0.850000     28759530         6.67
        0.80     0.862500     29400635         7.27
        0.81     0.875000     29644479         8.00
        0.81     0.881250     29895712         8.42
        0.82     0.887500     30161292         8.89
        0.83     0.893750     30439549         9.41
        0.83     0.900000     30439549        10.00
        0.84     0.906250     30724809        10.67
        0.85     0.912500     31009098        11.43
        0.85     0.918750     31278682        12.31
        0.86     0.925000     31528043        13.33
        0.86     0.931250     31528043        14.55
        0.87     0.937500     31746365        16.00
        0.88     0.940625     31928412        16.84
        0.88     0.943750     31928412        17.78
        0.89     0.946875     32073967        18.82
        0.90     0.950000     32181486        20.00
        0.90     0.953125     32269166        21.33
        0.91     0.956250     32340669        22.86
        0.93     0.959375     32452768        24.62
        0.95     0.962500     32576797        26.67
        0.97     0.965625     32679945        29.09
        1.00     0.968750     32771671        32.00
        1.01     0.970313     32827917        33.68
        1.03     0.971875     32875429        35.56
        1.05     0.973437     32929578        37.65
        1.09     0.975000     32974755        40.00
        1.18     0.976562     33026903        42.67
        1.28     0.978125     33079227        45.71
        1.36     0.979688     33132210        49.23
        1.40     0.981250     33196918        53.33
        1.42     0.982812     33235620        58.18
        1.44     0.984375     33308422        64.00
        1.45     0.985156     33336382        67.37
        1.46     0.985938     33366356        71.11
        1.46     0.986719     33398084        75.29
        1.46     0.987500     33398084        80.00
        1.47     0.988281     33431960        85.33
        1.48     0.989062     33467956        91.43
        1.49     0.989844     33505877        98.46
        1.49     0.990625     33505877       106.67
        1.50     0.991406     33544735       116.36
        1.50     0.992188     33582390       128.00
        1.50     0.992578     33582390       134.74
        1.50     0.992969     33582390       142.22
        1.51     0.993359     33617227       150.59
        1.51     0.993750     33617227       160.00
        1.52     0.994141     33647326       170.67
        1.52     0.994531     33647326       182.86
        1.52     0.994922     33647326       196.92
        1.53     0.995313     33671570       213.33
        1.53     0.995703     33671570       232.73
        1.53     0.996094     33690274       256.00
        1.54     0.996289     33704528       269.47
        1.54     0.996484     33704528       284.44
        1.54     0.996680     33704528       301.18
        1.55     0.996875     33715068       320.00
        1.56     0.997070     33722819       341.33
        1.57     0.997266     33728798       365.71
        1.57     0.997461     33733390       393.85
        1.58     0.997656     33737328       426.67
        1.60     0.997852     33744204       465.45
        1.61     0.998047     33750742       512.00
        1.62     0.998145     33754028       538.95
        1.63     0.998242     33757459       568.89
        1.64     0.998340     33760845       602.35
        1.65     0.998437     33764287       640.00
        1.66     0.998535     33767708       682.67
        1.66     0.998633     33771037       731.43
        1.67     0.998730     33774363       787.69
        1.68     0.998828     33777564       853.33
        1.69     0.998926     33780826       930.91
        1.70     0.999023     33784008      1024.00
        1.70     0.999072     33787186      1077.89
        1.70     0.999121     33787186      1137.78
        1.71     0.999170     33790196      1204.71
        1.71     0.999219     33790196      1280.00
        1.72     0.999268     33793013      1365.33
        1.73     0.999316     33795675      1462.86
        1.73     0.999365     33795675      1575.38
        1.74     0.999414     33798127      1706.67
        1.74     0.999463     33800328      1861.82
        1.74     0.999512     33800328      2048.00
        1.75     0.999536     33802198      2155.79
        1.75     0.999561     33802198      2275.56
        1.76     0.999585     33803773      2409.41
        1.76     0.999609     33803773      2560.00
        1.77     0.999634     33805128      2730.67
        1.77     0.999658     33805128      2925.71
        1.77     0.999683     33806321      3150.77
        1.78     0.999707     33807363      3413.33
        1.78     0.999731     33807363      3723.64
        1.79     0.999756     33808295      4096.00
        1.80     0.999768     33809004      4311.58
        1.80     0.999780     33809004      4551.11
        1.81     0.999792     33809624      4818.82
        1.81     0.999805     33810175      5120.00
        1.82     0.999817     33810688      5461.33
        1.82     0.999829     33810688      5851.43
        1.83     0.999841     33811134      6301.54
        1.84     0.999854     33811572      6826.67
        1.85     0.999866     33811940      7447.27
        1.85     0.999878     33812310      8192.00
        1.86     0.999884     33812610      8623.16
        1.87     0.999890     33812925      9102.22
        1.87     0.999896     33812925      9637.65
        1.88     0.999902     33813190     10240.00
        1.89     0.999908     33813431     10922.67
        1.90     0.999915     33813635     11702.86
        1.90     0.999921     33813807     12603.08
        1.91     0.999927     33814015     13653.33
        1.92     0.999933     33814212     14894.55
        1.93     0.999939     33814368     16384.00
        1.94     0.999942     33814501     17246.32
        1.94     0.999945     33814619     18204.44
        1.95     0.999948     33814728     19275.29
        1.96     0.999951     33814829     20480.00
        1.97     0.999954     33814907     21845.33
        1.98     0.999957     33815053     23405.71
        1.99     0.999960     33815105     25206.15
        2.01     0.999963     33815196     27306.67
        2.02     0.999966     33815320     29789.09
        2.04     0.999969     33815411     32768.00
        2.06     0.999971     33815503     34492.63
        2.06     0.999973     33815503     36408.89
        2.08     0.999974     33815558     38550.59
        2.11     0.999976     33815624     40960.00
        2.14     0.999977     33815682     43690.67
        2.16     0.999979     33815707     46811.43
        2.19     0.999980     33815762     50412.31
        2.22     0.999982     33815820     54613.33
        2.25     0.999983     33815876     59578.18
        2.27     0.999985     33815911     65536.00
        2.30     0.999986     33815952     68985.26
        2.32     0.999986     33815967     72817.78
        2.35     0.999987     33816003     77101.18
        2.37     0.999988     33816017     81920.00
        2.42     0.999989     33816047     87381.33
        2.46     0.999989     33816069     93622.86
        2.54     0.999990     33816091    100824.62
        2.78     0.999991     33816117    109226.67
        2.99     0.999992     33816164    119156.36
        3.01     0.999992     33816217    131072.00
        3.01     0.999993     33816217    137970.53
        3.01     0.999993     33816217    145635.56
        3.01     0.999994     33816217    154202.35
        3.46     0.999994     33816220    163840.00
       73.73     0.999994     33816236    174762.67
       74.24     0.999995     33816263    187245.71
       74.24     0.999995     33816263    201649.23
       74.75     0.999995     33816276    218453.33
       80.38     0.999996     33816315    238312.73
       80.38     0.999996     33816315    262144.00
       80.38     0.999996     33816315    275941.05
       80.38     0.999997     33816315    291271.11
       80.89     0.999997     33816323    308404.71
       80.89     0.999997     33816323    327680.00
      164.86     0.999997     33816421    349525.33
      164.86     0.999997     33816421    374491.43
      164.86     0.999998     33816421    403298.46
      164.86     0.999998     33816421    436906.67
      164.86     0.999998     33816421    476625.45
      164.86     0.999998     33816421    524288.00
      164.86     0.999998     33816421    551882.11
      164.86     0.999998     33816421    582542.22
      164.86     0.999998     33816421    616809.41
      164.86     0.999998     33816421    655360.00
      164.86     0.999999     33816421    699050.67
      164.86     0.999999     33816421    748982.86
      164.86     0.999999     33816421    806596.92
      164.86     0.999999     33816421    873813.33
      164.86     0.999999     33816421    953250.91
      164.86     0.999999     33816421   1048576.00
      164.86     0.999999     33816421   1103764.21
      164.86     0.999999     33816421   1165084.44
      164.86     0.999999     33816421   1233618.82
      164.86     0.999999     33816421   1310720.00
      164.86     0.999999     33816421   1398101.33
      164.86     0.999999     33816421   1497965.71
      164.86     0.999999     33816421   1613193.85
      164.86     0.999999     33816421   1747626.67
      164.86     0.999999     33816421   1906501.82
      164.86     1.000000     33816421   2097152.00
      164.86     1.000000     33816421   2207528.42
      164.86     1.000000     33816421   2330168.89
      164.86     1.000000     33816421   2467237.65
      164.86     1.000000     33816421   2621440.00
      164.86     1.000000     33816421   2796202.67
      164.86     1.000000     33816421   2995931.43
      164.86     1.000000     33816421   3226387.69
      164.86     1.000000     33816421   3495253.33
      164.86     1.000000     33816421   3813003.64
      164.86     1.000000     33816421   4194304.00
      164.86     1.000000     33816421   4415056.84
      164.86     1.000000     33816421   4660337.78
      164.86     1.000000     33816421   4934475.29
      164.86     1.000000     33816421   5242880.00
      164.86     1.000000     33816421   5592405.33
      164.86     1.000000     33816421   5991862.86
      164.86     1.000000     33816421   6452775.39
      169.98     1.000000     33816423   6990506.67
      169.98     1.000000     33816423   7626007.28
      169.98     1.000000     33816423   8388608.00
      169.98     1.000000     33816423   8830113.68
      169.98     1.000000     33816423   9320675.55
      169.98     1.000000     33816423   9868950.59
      169.98     1.000000     33816423  10485760.00
      169.98     1.000000     33816423  11184810.67
      171.01     1.000000     33816426  11983725.71
      171.01     1.000000     33816426          inf
#[Mean    =        0.727, StdDeviation   =        0.362]
#[Max     =      171.007, Total count    =     33816426]
#[Buckets =           20, SubBuckets     =          256]
