       Value   Percentile   TotalCount 1/(1-Percentile)

        0.27     0.000000            1         1.00
        1.81     0.050000      3013371         1.05
        1.85     0.100000      6269969         1.11
        1.88     0.150000      8957421         1.18
        1.90     0.200000     12059011         1.25
        1.93     0.250000     15415061         1.33
        1.94     0.300000     17656010         1.43
        1.97     0.350000     20857209         1.54
        1.99     0.400000     23696825         1.67
        2.02     0.450000     26060373         1.82
        2.06     0.500000     29274388         2.00
        2.10     0.525000     30504934         2.11
        2.16     0.550000     31669484         2.22
        2.83     0.575000     33016700         2.35
        2.94     0.600000     34542076         2.50
        3.01     0.625000     36071327         2.67
        3.06     0.650000     37584690         2.86
        3.09     0.675000     38764688         3.08
        3.13     0.700000     40760595         3.33
        3.17     0.725000     42196448         3.64
        3.20     0.750000     43662816         4.00
        3.21     0.762500     44388001         4.21
        3.23     0.775000     45096645         4.44
        3.25     0.787500     45781423         4.71
        3.26     0.800000     46438403         5.00
        3.28     0.812500     47057127         5.33
        3.29     0.825000     47638422         5.71
        3.31     0.837500     48183216         6.15
        3.34     0.850000     49171645         6.67
        3.36     0.862500     49635899         7.27
        3.39     0.875000     50528525         8.00
        3.41     0.881250     50975267         8.42
        3.41     0.887500     50975267         8.89
        3.42     0.893750     51426957         9.41
        3.44     0.900000     51886084        10.00
        3.46     0.906250     52355177        10.67
        3.46     0.912500     52355177        11.43
        3.47     0.918750     52821204        12.31
        3.49     0.925000     53275720        13.33
        3.50     0.931250     53716195        14.55
        3.52     0.937500     54134661        16.00
        3.52     0.940625     54134661        16.84
        3.52     0.943750     54134661        17.78
        3.54     0.946875     54520174        18.82
        3.54     0.950000     54520174        20.00
        3.55     0.953125     54875486        21.33
        3.55     0.956250     54875486        22.86
        3.57     0.959375     55195657        24.62
        3.58     0.962500     55480603        26.67
        3.58     0.965625     55480603        29.09
        3.60     0.968750     55726461        32.00
        3.60     0.970313     55726461        33.68
        3.62     0.971875     55937881        35.56
        3.62     0.973437     55937881        37.65
        3.62     0.975000     55937881        40.00
        3.63     0.976562     56116529        42.67
        3.63     0.978125     56116529        45.71
        3.65     0.979688     56272526        49.23
        3.66     0.981250     56404406        53.33
        3.66     0.982812     56404406        58.18
        3.68     0.984375     56519717        64.00
        3.68     0.985156     56519717        67.37
        3.69     0.985938     56620022        71.11
        3.69     0.986719     56620022        75.29
        3.71     0.987500     56706164        80.00
        3.71     0.988281     56706164        85.33
        3.73     0.989062     56783076        91.43
        3.73     0.989844     56783076        98.46
        3.74     0.990625     56852246       106.67
        3.76     0.991406     56916083       116.36
        3.76     0.992188     56916083       128.00
        3.77     0.992578     56973949       134.74
        3.77     0.992969     56973949       142.22
        3.79     0.993359     57026055       150.59
        3.79     0.993750     57026055       160.00
        3.79     0.994141     57026055       170.67
        3.81     0.994531     57071806       182.86
        3.81     0.994922     57071806       196.92
        3.82     0.995313     57112978       213.33
        3.82     0.995703     57112978       232.73
        3.84     0.996094     57149498       256.00
        3.84     0.996289     57149498       269.47
        3.85     0.996484     57180795       284.44
        3.85     0.996680     57180795       301.18
        3.85     0.996875     57180795       320.00
        3.87     0.997070     57208086       341.33
        3.87     0.997266     57208086       365.71
        3.89     0.997461     57231029       393.85
        3.89     0.997656     57231029       426.67
        3.90     0.997852     57250830       465.45
        3.90     0.998047     57250830       512.00
        3.90     0.998145     57250830       538.95
        3.92     0.998242     57267300       568.89
        3.92     0.998340     57267300       602.35
        3.92     0.998437     57267300       640.00
        3.94     0.998535     57280235       682.67
        3.94     0.998633     57280235       731.43
        3.95     0.998730     57291323       787.69
        3.95     0.998828     57291323       853.33
        3.97     0.998926     57300385       930.91
        3.97     0.999023     57300385      1024.00
        3.98     0.999072     57307976      1077.89
        3.98     0.999121     57307976      1137.78
        3.98     0.999170     57307976      1204.71
        4.00     0.999219     57314198      1280.00
        4.00     0.999268     57314198      1365.33
        4.01     0.999316     57319157      1462.86
        4.01     0.999365     57319157      1575.38
        4.03     0.999414     57323241      1706.67
        4.05     0.999463     57326476      1861.82
        4.06     0.999512     57329075      2048.00
        4.06     0.999536     57329075      2155.79
        4.08     0.999561     57331239      2275.56
        4.09     0.999585     57333001      2409.41
        4.09     0.999609     57333001      2560.00
        4.13     0.999634     57336084      2730.67
        4.13     0.999658     57336084      2925.71
        4.16     0.999683     57338512      3150.77
        4.16     0.999707     57338512      3413.33
        4.19     0.999731     57340238      3723.64
        4.22     0.999756     57341791      4096.00
        4.25     0.999768     57343186      4311.58
        4.25     0.999780     57343186      4551.11
        4.29     0.999792     57344480      4818.82
        4.29     0.999805     57344480      5120.00
        4.32     0.999817     57345598      5461.33
        4.32     0.999829     57345598      5851.43
        4.35     0.999841     57346627      6301.54
        4.38     0.999854     57347438      6826.67
        4.42     0.999866     57348285      7447.27
        4.42     0.999878     57348285      8192.00
        4.45     0.999884     57349019      8623.16
        4.45     0.999890     57349019      9102.22
        4.48     0.999896     57349733      9637.65
        4.48     0.999902     57349733     10240.00
        4.51     0.999908     57350369     10922.67
        4.51     0.999915     57350369     11702.86
        4.54     0.999921     57350972     12603.08
        4.54     0.999927     57350972     13653.33
        4.58     0.999933     57351461     14894.55
        4.61     0.999939     57351964     16384.00
        4.61     0.999942     57351964     17246.32
        4.64     0.999945     57352400     18204.44
        4.64     0.999948     57352400     19275.29
        4.64     0.999951     57352400     20480.00
        4.67     0.999954     57352747     21845.33
        4.67     0.999957     57352747     23405.71
        4.70     0.999960     57353100     25206.15
        4.70     0.999963     57353100     27306.67
        4.74     0.999966     57353337     29789.09
        4.77     0.999969     57353621     32768.00
        4.77     0.999971     57353621     34492.63
        4.77     0.999973     57353621     36408.89
        4.80     0.999974     57353821     38550.59
        4.80     0.999976     57353821     40960.00
        4.83     0.999977     57354002     43690.67
        4.83     0.999979     57354002     46811.43
        4.86     0.999980     57354168     50412.31
        4.86     0.999982     57354168     54613.33
        4.89     0.999983     57354297     59578.18
        4.89     0.999985     57354297     65536.00
        4.93     0.999986     57354406     68985.26
        4.93     0.999986     57354406     72817.78
        4.96     0.999987     57354488     77101.18
        4.96     0.999988     57354488     81920.00
        4.99     0.999989     57354570     87381.33
        4.99     0.999989     57354570     93622.86
        5.02     0.999990     57354656    100824.62
        5.02     0.999991     57354656    109226.67
        5.05     0.999992     57354734    119156.36
        5.05     0.999992     57354734    131072.00
        5.09     0.999993     57354804    137970.53
        5.09     0.999993     57354804    145635.56
        5.09     0.999994     57354804    154202.35
        5.09     0.999994     57354804    163840.00
        5.12     0.999994     57354872    174762.67
        5.12     0.999995     57354872    187245.71
        5.12     0.999995     57354872    201649.23
        5.15     0.999995     57354919    218453.33
        5.15     0.999996     57354919    238312.73
        5.18     0.999996     57354946    262144.00
        5.18     0.999996     57354946    275941.05
        5.21     0.999997     57354967    291271.11
        5.21     0.999997     57354967    308404.71
        5.25     0.999997     57354983    327680.00
        5.28     0.999997     57355012    349525.33
        5.28     0.999997     57355012    374491.43
        5.28     0.999998     57355012    403298.46
        5.31     0.999998     57355029    436906.67
        5.34     0.999998     57355044    476625.45
        5.34     0.999998     57355044    524288.00
        5.38     0.999998     57355062    551882.11
        5.38     0.999998     57355062    582542.22
        5.38     0.999998     57355062    616809.41
        5.41     0.999998     57355082    655360.00
        5.41     0.999999     57355082    699050.67
        5.41     0.999999     57355082    748982.86
        5.41     0.999999     57355082    806596.92
        5.44     0.999999     57355095    873813.33
        5.44     0.999999     57355095    953250.91
        5.47     0.999999     57355114   1048576.00
        5.47     0.999999     57355114   1103764.21
        5.47     0.999999     57355114   1165084.44
        5.47     0.999999     57355114   1233618.82
        5.47     0.999999     57355114   1310720.00
        5.47     0.999999     57355114   1398101.33
        5.47     0.999999     57355114   1497965.71
        5.54     0.999999     57355120   1613193.85
        5.54     0.999999     57355120   1747626.67
        5.57     0.999999     57355132   1906501.82
        5.57     1.000000     57355132   2097152.00
        5.57     1.000000     57355132   2207528.42
        5.57     1.000000     57355132   2330168.89
        5.57     1.000000     57355132   2467237.65
        5.57     1.000000     57355132   2621440.00
        5.57     1.000000     57355132   2796202.67
        5.60     1.000000     57355141   2995931.43
        5.60     1.000000     57355141   3226387.69
        5.60     1.000000     57355141   3495253.33
        5.60     1.000000     57355141   3813003.64
        5.60     1.000000     57355141   4194304.00
        5.60     1.000000     57355141   4415056.84
        5.60     1.000000     57355141   4660337.78
        5.60     1.000000     57355141   4934475.29
        5.63     1.000000     57355144   5242880.00
        5.63     1.000000     57355144   5592405.33
        5.63     1.000000     57355144   5991862.86
        5.63     1.000000     57355144   6452775.39
        5.63     1.000000     57355144   6990506.67
        5.66     1.000000     57355148   7626007.28
        5.66     1.000000     57355148   8388608.00
        5.66     1.000000     57355148   8830113.68
        5.66     1.000000     57355148   9320675.55
        5.66     1.000000     57355148   9868950.59
        5.66     1.000000     57355148  10485760.00
        5.66     1.000000     57355148  11184810.67
        5.66     1.000000     57355148  11983725.71
        5.66     1.000000     57355148  12905550.76
        5.66     1.000000     57355148  13981013.34
        5.70     1.000000     57355149  15252014.55
        5.70     1.000000     57355149  16777216.00
        5.70     1.000000     57355149  17660227.38
        5.70     1.000000     57355149  18641351.10
        5.73     1.000000     57355151  19737901.19
        5.73     1.000000     57355151  20971519.98
        5.73     1.000000     57355151  22369621.33
        5.73     1.000000     57355151  23967451.45
        5.73     1.000000     57355151  25811101.52
        5.73     1.000000     57355151  27962026.68
        5.73     1.000000     57355151  30504029.05
        5.73     1.000000     57355151  33554432.00
        5.73     1.000000     57355151  35320454.76
        5.73     1.000000     57355151  37282702.28
        5.73     1.000000     57355151  39475802.28
        5.73     1.000000     57355151  41943039.96
        5.73     1.000000     57355151  44739242.67
        5.73     1.000000     57355151  47934902.91
        5.73     1.000000     57355151  51622203.20
        5.73     1.000000     57355151  55924053.19
        5.76     1.000000     57355152  61008058.10
        5.76     1.000000     57355152          inf
#[Mean    =        2.509, StdDeviation   =        0.671]
#[Max     =        5.759, Total count    =     57355152]
#[Buckets =           20, SubBuckets     =          256]
