       Value   Percentile   TotalCount 1/(1-Percentile)

        0.29     0.000000            1         1.00
        1.85     0.050000      3065705         1.05
        1.89     0.100000      6440644         1.11
        1.91     0.150000      9246221         1.18
        1.93     0.200000     11374167         1.25
        1.95     0.250000     14796790         1.33
        1.97     0.300000     17121129         1.43
        1.99     0.350000     20474021         1.54
        2.02     0.400000     23490596         1.67
        2.04     0.450000     26000888         1.82
        2.08     0.500000     28998579         2.00
        2.10     0.525000     29823303         2.11
        2.14     0.550000     31360839         2.22
        2.75     0.575000     32653295         2.35
        2.96     0.600000     34102943         2.50
        3.04     0.625000     35690725         2.67
        3.09     0.650000     37042613         2.86
        3.13     0.675000     38705370         3.08
        3.17     0.700000     39975658         3.33
        3.20     0.725000     41347015         3.64
        3.23     0.750000     42783622         4.00
        3.25     0.762500     43508912         4.21
        3.26     0.775000     44231332         4.44
        3.28     0.787500     44933800         4.71
        3.29     0.800000     45613302         5.00
        3.31     0.812500     46256945         5.33
        3.33     0.825000     46864782         5.71
        3.36     0.837500     47944872         6.15
        3.38     0.850000     48422150         6.67
        3.41     0.862500     49276402         7.27
        3.44     0.875000     50055656         8.00
        3.44     0.881250     50055656         8.42
        3.46     0.887500     50440498         8.89
        3.47     0.893750     50835177         9.41
        3.49     0.900000     51246331        10.00
        3.50     0.906250     51666622        10.67
        3.52     0.912500     52097893        11.43
        3.54     0.918750     52537109        12.31
        3.54     0.925000     52537109        13.33
        3.55     0.931250     52972173        14.55
        3.57     0.937500     53397577        16.00
        3.58     0.940625     53803893        16.84
        3.58     0.943750     53803893        17.78
        3.58     0.946875     53803893        18.82
        3.60     0.950000     54182722        20.00
        3.60     0.953125     54182722        21.33
        3.62     0.956250     54529113        22.86
        3.62     0.959375     54529113        24.62
        3.63     0.962500     54838872        26.67
        3.63     0.965625     54838872        29.09
        3.65     0.968750     55108846        32.00
        3.65     0.970313     55108846        33.68
        3.66     0.971875     55337038        35.56
        3.66     0.973437     55337038        37.65
        3.68     0.975000     55533042        40.00
        3.68     0.976562     55533042        42.67
        3.69     0.978125     55698003        45.71
        3.69     0.979688     55698003        49.23
        3.71     0.981250     55837054        53.33
        3.71     0.982812     55837054        58.18
        3.73     0.984375     55954663        64.00
        3.73     0.985156     55954663        67.37
        3.74     0.985938     56053112        71.11
        3.74     0.986719     56053112        75.29
        3.76     0.987500     56139868        80.00
        3.76     0.988281     56139868        85.33
        3.77     0.989062     56215093        91.43
        3.77     0.989844     56215093        98.46
        3.79     0.990625     56283303       106.67
        3.81     0.991406     56344017       116.36
        3.81     0.992188     56344017       128.00
        3.82     0.992578     56400573       134.74
        3.82     0.992969     56400573       142.22
        3.84     0.993359     56451886       150.59
        3.84     0.993750     56451886       160.00
        3.85     0.994141     56498528       170.67
        3.85     0.994531     56498528       182.86
        3.85     0.994922     56498528       196.92
        3.87     0.995313     56540878       213.33
        3.89     0.995703     56578276       232.73
        3.89     0.996094     56578276       256.00
        3.89     0.996289     56578276       269.47
        3.90     0.996484     56611721       284.44
        3.90     0.996680     56611721       301.18
        3.90     0.996875     56611721       320.00
        3.92     0.997070     56640483       341.33
        3.92     0.997266     56640483       365.71
        3.94     0.997461     56665441       393.85
        3.94     0.997656     56665441       426.67
        3.94     0.997852     56665441       465.45
        3.95     0.998047     56685818       512.00
        3.95     0.998145     56685818       538.95
        3.97     0.998242     56702674       568.89
        3.97     0.998340     56702674       602.35
        3.97     0.998437     56702674       640.00
        3.98     0.998535     56716903       682.67
        3.98     0.998633     56716903       731.43
        3.98     0.998730     56716903       787.69
        4.00     0.998828     56727969       853.33
        4.00     0.998926     56727969       930.91
        4.01     0.999023     56737082      1024.00
        4.01     0.999072     56737082      1077.89
        4.01     0.999121     56737082      1137.78
        4.03     0.999170     56744646      1204.71
        4.03     0.999219     56744646      1280.00
        4.05     0.999268     56750623      1365.33
        4.05     0.999316     56750623      1462.86
        4.06     0.999365     56755421      1575.38
        4.06     0.999414     56755421      1706.67
        4.08     0.999463     56759249      1861.82
        4.08     0.999512     56759249      2048.00
        4.09     0.999536     56762279      2155.79
        4.09     0.999561     56762279      2275.56
        4.13     0.999585     56766497      2409.41
        4.13     0.999609     56766497      2560.00
        4.13     0.999634     56766497      2730.67
        4.16     0.999658     56769234      2925.71
        4.16     0.999683     56769234      3150.77
        4.19     0.999707     56771269      3413.33
        4.22     0.999731     56772901      3723.64
        4.25     0.999756     56774272      4096.00
        4.25     0.999768     56774272      4311.58
        4.29     0.999780     56775517      4551.11
        4.29     0.999792     56775517      4818.82
        4.32     0.999805     56776545      5120.00
        4.32     0.999817     56776545      5461.33
        4.35     0.999829     56777519      5851.43
        4.38     0.999841     56778403      6301.54
        4.42     0.999854     56779125      6826.67
        4.45     0.999866     56779842      7447.27
        4.48     0.999878     56780534      8192.00
        4.48     0.999884     56780534      8623.16
        4.51     0.999890     56781149      9102.22
        4.51     0.999896     56781149      9637.65
        4.54     0.999902     56781777     10240.00
        4.54     0.999908     56781777     10922.67
        4.58     0.999915     56782312     11702.86
        4.58     0.999921     56782312     12603.08
        4.61     0.999927     56782852     13653.33
        4.64     0.999933     56783313     14894.55
        4.67     0.999939     56783727     16384.00
        4.67     0.999942     56783727     17246.32
        4.67     0.999945     56783727     18204.44
        4.70     0.999948     56784123     19275.29
        4.70     0.999951     56784123     20480.00
        4.74     0.999954     56784495     21845.33
        4.74     0.999957     56784495     23405.71
        4.77     0.999960     56784891     25206.15
        4.77     0.999963     56784891     27306.67
        4.80     0.999966     56785100     29789.09
        4.80     0.999969     56785100     32768.00
        4.83     0.999971     56785330     34492.63
        4.83     0.999973     56785330     36408.89
        4.86     0.999974     56785503     38550.59
        4.86     0.999976     56785503     40960.00
        4.89     0.999977     56785661     43690.67
        4.89     0.999979     56785661     46811.43
        4.93     0.999980     56785876     50412.31
        4.93     0.999982     56785876     54613.33
        4.93     0.999983     56785876     59578.18
        4.96     0.999985     56786005     65536.00
        4.96     0.999986     56786005     68985.26
        4.99     0.999986     56786101     72817.78
        4.99     0.999987     56786101     77101.18
        5.02     0.999988     56786186     81920.00
        5.02     0.999989     56786186     87381.33
        5.05     0.999989     56786258     93622.86
        5.05     0.999990     56786258    100824.62
        5.09     0.999991     56786331    109226.67
        5.12     0.999992     56786414    119156.36
        5.12     0.999992     56786414    131072.00
        5.12     0.999993     56786414    137970.53
        5.15     0.999993     56786473    145635.56
        5.15     0.999994     56786473    154202.35
        5.15     0.999994     56786473    163840.00
        5.18     0.999994     56786540    174762.67
        5.18     0.999995     56786540    187245.71
        5.18     0.999995     56786540    201649.23
        5.21     0.999995     56786579    218453.33
        5.21     0.999996     56786579    238312.73
        5.25     0.999996     56786631    262144.00
        5.25     0.999996     56786631    275941.05
        5.25     0.999997     56786631    291271.11
        5.25     0.999997     56786631    308404.71
        5.28     0.999997     56786671    327680.00
        5.28     0.999997     56786671    349525.33
        5.28     0.999997     56786671    374491.43
        5.28     0.999998     56786671    403298.46
        5.31     0.999998     56786699    436906.67
        5.31     0.999998     56786699    476625.45
        5.34     0.999998     56786715    524288.00
        5.34     0.999998     56786715    551882.11
        5.34     0.999998     56786715    582542.22
        5.38     0.999998     56786721    616809.41
        5.41     0.999998     56786734    655360.00
        5.41     0.999999     56786734    699050.67
        5.44     0.999999     56786751    748982.86
        5.44     0.999999     56786751    806596.92
        5.44     0.999999     56786751    873813.33
        5.47     0.999999     56786755    953250.91
        5.50     0.999999     56786772   1048576.00
        5.50     0.999999     56786772   1103764.21
        5.50     0.999999     56786772   1165084.44
        5.50     0.999999     56786772   1233618.82
        5.50     0.999999     56786772   1310720.00
        5.50     0.999999     56786772   1398101.33
        5.54     0.999999     56786781   1497965.71
        5.54     0.999999     56786781   1613193.85
        5.54     0.999999     56786781   1747626.67
        5.57     0.999999     56786786   1906501.82
        5.57     1.000000     56786786   2097152.00
        5.57     1.000000     56786786   2207528.42
        5.60     1.000000     56786792   2330168.89
        5.60     1.000000     56786792   2467237.65
        5.60     1.000000     56786792   2621440.00
        5.60     1.000000     56786792   2796202.67
        5.63     1.000000     56786802   2995931.43
        5.63     1.000000     56786802   3226387.69
        5.63     1.000000     56786802   3495253.33
        5.63     1.000000     56786802   3813003.64
        5.63     1.000000     56786802   4194304.00
        5.63     1.000000     56786802   4415056.84
        5.63     1.000000     56786802   4660337.78
        5.63     1.000000     56786802   4934475.29
        5.63     1.000000     56786802   5242880.00
        5.63     1.000000     56786802   5592405.33
        5.63     1.000000     56786802   5991862.86
        5.66     1.000000     56786805   6452775.39
        5.66     1.000000     56786805   6990506.67
        5.66     1.000000     56786805   7626007.28
        5.66     1.000000     56786805   8388608.00
        5.66     1.000000     56786805   8830113.68
        5.66     1.000000     56786805   9320675.55
        5.73     1.000000     56786806   9868950.59
        5.73     1.000000     56786806  10485760.00
        5.73     1.000000     56786806  11184810.67
        5.76     1.000000     56786809  11983725.71
        5.76     1.000000     56786809  12905550.76
        5.76     1.000000     56786809  13981013.34
        5.76     1.000000     56786809  15252014.55
        5.76     1.000000     56786809  16777216.00
        5.76     1.000000     56786809  17660227.38
        5.76     1.000000     56786809  18641351.10
        5.76     1.000000     56786809  19737901.19
        5.76     1.000000     56786809  20971519.98
        5.76     1.000000     56786809  22369621.33
        5.76     1.000000     56786809  23967451.45
        5.76     1.000000     56786809  25811101.52
        5.76     1.000000     56786809  27962026.68
        5.79     1.000000     56786811  30504029.05
        5.79     1.000000     56786811          inf
#[Mean    =        2.534, StdDeviation   =        0.680]
#[Max     =        5.791, Total count    =     56786811]
#[Buckets =           20, SubBuckets     =          256]
