       Value   Percentile   TotalCount 1/(1-Percentile)

        0.37     0.000000            1         1.00
        1.88     0.050000      2862095         1.05
        1.92     0.100000      6078269         1.11
        1.94     0.150000      8754259         1.18
        1.97     0.200000     11866898         1.25
        1.98     0.250000     14079205         1.33
        2.01     0.300000     17423066         1.43
        2.02     0.350000     19562927         1.54
        2.05     0.400000     22493996         1.67
        2.08     0.450000     25662236         1.82
        2.11     0.500000     27937099         2.00
        2.14     0.525000     29432657         2.11
        2.19     0.550000     30676397         2.22
        2.90     0.575000     32043457         2.35
        3.04     0.600000     33485750         2.50
        3.10     0.625000     34796102         2.67
        3.17     0.650000     36626487         2.86
        3.20     0.675000     37737925         3.08
        3.23     0.700000     38968336         3.33
        3.28     0.725000     40984604         3.64
        3.31     0.750000     42389529         4.00
        3.33     0.762500     43087795         4.21
        3.34     0.775000     43772132         4.44
        3.36     0.787500     44435345         4.71
        3.38     0.800000     45072705         5.00
        3.39     0.812500     45674008         5.33
        3.41     0.825000     46238544         5.71
        3.42     0.837500     46764100         6.15
        3.46     0.850000     47709752         6.67
        3.47     0.862500     48141939         7.27
        3.50     0.875000     48959371         8.00
        3.52     0.881250     49361189         8.42
        3.54     0.887500     49766446         8.89
        3.54     0.893750     49766446         9.41
        3.55     0.900000     50179913        10.00
        3.57     0.906250     50597745        10.67
        3.58     0.912500     51022007        11.43
        3.60     0.918750     51446464        12.31
        3.62     0.925000     51866414        13.33
        3.62     0.931250     51866414        14.55
        3.63     0.937500     52274742        16.00
        3.65     0.940625     52663373        16.84
        3.65     0.943750     52663373        17.78
        3.66     0.946875     53021280        18.82
        3.66     0.950000     53021280        20.00
        3.66     0.953125     53021280        21.33
        3.68     0.956250     53348566        22.86
        3.69     0.959375     53642078        24.62
        3.69     0.962500     53642078        26.67
        3.71     0.965625     53898939        29.09
        3.71     0.968750     53898939        32.00
        3.73     0.970313     54124195        33.68
        3.73     0.971875     54124195        35.56
        3.74     0.973437     54317779        37.65
        3.74     0.975000     54317779        40.00
        3.76     0.976562     54483955        42.67
        3.76     0.978125     54483955        45.71
        3.77     0.979688     54625192        49.23
        3.77     0.981250     54625192        53.33
        3.79     0.982812     54746398        58.18
        3.81     0.984375     54851950        64.00
        3.81     0.985156     54851950        67.37
        3.81     0.985938     54851950        71.11
        3.82     0.986719     54943509        75.29
        3.82     0.987500     54943509        80.00
        3.84     0.988281     55025100        85.33
        3.84     0.989062     55025100        91.43
        3.85     0.989844     55097197        98.46
        3.87     0.990625     55162495       106.67
        3.87     0.991406     55162495       116.36
        3.89     0.992188     55222686       128.00
        3.89     0.992578     55222686       134.74
        3.90     0.992969     55275848       142.22
        3.90     0.993359     55275848       150.59
        3.92     0.993750     55324171       160.00
        3.92     0.994141     55324171       170.67
        3.92     0.994531     55324171       182.86
        3.94     0.994922     55368150       196.92
        3.94     0.995313     55368150       213.33
        3.95     0.995703     55406831       232.73
        3.97     0.996094     55440160       256.00
        3.97     0.996289     55440160       269.47
        3.97     0.996484     55440160       284.44
        3.97     0.996680     55440160       301.18
        3.98     0.996875     55469619       320.00
        3.98     0.997070     55469619       341.33
        4.00     0.997266     55494999       365.71
        4.00     0.997461     55494999       393.85
        4.00     0.997656     55494999       426.67
        4.01     0.997852     55516304       465.45
        4.01     0.998047     55516304       512.00
        4.03     0.998145     55534543       538.95
        4.03     0.998242     55534543       568.89
        4.03     0.998340     55534543       602.35
        4.05     0.998437     55549542       640.00
        4.05     0.998535     55549542       682.67
        4.05     0.998633     55549542       731.43
        4.06     0.998730     55561674       787.69
        4.06     0.998828     55561674       853.33
        4.08     0.998926     55571752       930.91
        4.08     0.999023     55571752      1024.00
        4.09     0.999072     55579997      1077.89
        4.09     0.999121     55579997      1137.78
        4.09     0.999170     55579997      1204.71
        4.13     0.999219     55591999      1280.00
        4.13     0.999268     55591999      1365.33
        4.13     0.999316     55591999      1462.86
        4.13     0.999365     55591999      1575.38
        4.13     0.999414     55591999      1706.67
        4.16     0.999463     55599489      1861.82
        4.16     0.999512     55599489      2048.00
        4.16     0.999536     55599489      2155.79
        4.19     0.999561     55604340      2275.56
        4.19     0.999585     55604340      2409.41
        4.19     0.999609     55604340      2560.00
        4.19     0.999634     55604340      2730.67
        4.22     0.999658     55607545      2925.71
        4.22     0.999683     55607545      3150.77
        4.25     0.999707     55609987      3413.33
        4.25     0.999731     55609987      3723.64
        4.29     0.999756     55611752      4096.00
        4.29     0.999768     55611752      4311.58
        4.32     0.999780     55613315      4551.11
        4.32     0.999792     55613315      4818.82
        4.35     0.999805     55614438      5120.00
        4.35     0.999817     55614438      5461.33
        4.38     0.999829     55615472      5851.43
        4.42     0.999841     55616419      6301.54
        4.42     0.999854     55616419      6826.67
        4.45     0.999866     55617271      7447.27
        4.48     0.999878     55618012      8192.00
        4.48     0.999884     55618012      8623.16
        4.51     0.999890     55618638      9102.22
        4.51     0.999896     55618638      9637.65
        4.54     0.999902     55619270     10240.00
        4.54     0.999908     55619270     10922.67
        4.58     0.999915     55619908     11702.86
        4.58     0.999921     55619908     12603.08
        4.61     0.999927     55620475     13653.33
        4.64     0.999933     55621042     14894.55
        4.64     0.999939     55621042     16384.00
        4.67     0.999942     55621497     17246.32
        4.67     0.999945     55621497     18204.44
        4.67     0.999948     55621497     19275.29
        4.70     0.999951     55621875     20480.00
        4.70     0.999954     55621875     21845.33
        4.74     0.999957     55622271     23405.71
        4.74     0.999960     55622271     25206.15
        4.77     0.999963     55622577     27306.67
        4.77     0.999966     55622577     29789.09
        4.80     0.999969     55622816     32768.00
        4.80     0.999971     55622816     34492.63
        4.80     0.999973     55622816     36408.89
        4.83     0.999974     55623067     38550.59
        4.83     0.999976     55623067     40960.00
        4.83     0.999977     55623067     43690.67
        4.86     0.999979     55623234     46811.43
        4.86     0.999980     55623234     50412.31
        4.89     0.999982     55623350     54613.33
        4.93     0.999983     55623465     59578.18
        4.93     0.999985     55623465     65536.00
        4.96     0.999986     55623562     68985.26
        4.96     0.999986     55623562     72817.78
        4.99     0.999987     55623705     77101.18
        4.99     0.999988     55623705     81920.00
        4.99     0.999989     55623705     87381.33
        5.02     0.999989     55623804     93622.86
        5.02     0.999990     55623804    100824.62
        5.02     0.999991     55623804    109226.67
        5.05     0.999992     55623876    119156.36
        5.09     0.999992     55623904    131072.00
        5.12     0.999993     55623946    137970.53
        5.12     0.999993     55623946    145635.56
        5.15     0.999994     55624001    154202.35
        5.15     0.999994     55624001    163840.00
        5.15     0.999994     55624001    174762.67
        5.18     0.999995     55624030    187245.71
        5.21     0.999995     55624068    201649.23
        5.21     0.999995     55624068    218453.33
        5.25     0.999996     55624117    238312.73
        5.25     0.999996     55624117    262144.00
        5.25     0.999996     55624117    275941.05
        5.28     0.999997     55624142    291271.11
        5.28     0.999997     55624142    308404.71
        5.31     0.999997     55624164    327680.00
        5.31     0.999997     55624164    349525.33
        5.34     0.999997     55624187    374491.43
        5.34     0.999998     55624187    403298.46
        5.34     0.999998     55624187    436906.67
        5.38     0.999998     55624212    476625.45
        5.38     0.999998     55624212    524288.00
        5.41     0.999998     55624241    551882.11
        5.41     0.999998     55624241    582542.22
        5.41     0.999998     55624241    616809.41
        5.41     0.999998     55624241    655360.00
        5.41     0.999999     55624241    699050.67
        5.41     0.999999     55624241    748982.86
        5.44     0.999999     55624251    806596.92
        5.44     0.999999     55624251    873813.33
        5.47     0.999999     55624258    953250.91
        5.50     0.999999     55624267   1048576.00
        5.50     0.999999     55624267   1103764.21
        5.50     0.999999     55624267   1165084.44
        5.54     0.999999     55624276   1233618.82
        5.54     0.999999     55624276   1310720.00
        5.54     0.999999     55624276   1398101.33
        5.54     0.999999     55624276   1497965.71
        5.57     0.999999     55624279   1613193.85
        5.60     0.999999     55624285   1747626.67
        5.60     0.999999     55624285   1906501.82
        5.63     1.000000     55624288   2097152.00
        5.63     1.000000     55624288   2207528.42
        5.66     1.000000     55624296   2330168.89
        5.66     1.000000     55624296   2467237.65
        5.66     1.000000     55624296   2621440.00
        5.66     1.000000     55624296   2796202.67
        5.66     1.000000     55624296   2995931.43
        5.66     1.000000     55624296   3226387.69
        5.73     1.000000     55624304   3495253.33
        5.73     1.000000     55624304   3813003.64
        5.73     1.000000     55624304   4194304.00
        5.73     1.000000     55624304   4415056.84
        5.73     1.000000     55624304   4660337.78
        5.73     1.000000     55624304   4934475.29
        5.73     1.000000     55624304   5242880.00
        5.73     1.000000     55624304   5592405.33
        5.73     1.000000     55624304   5991862.86
        5.76     1.000000     55624308   6452775.39
        5.76     1.000000     55624308   6990506.67
        5.76     1.000000     55624308   7626007.28
        5.76     1.000000     55624308   8388608.00
        5.76     1.000000     55624308   8830113.68
        5.76     1.000000     55624308   9320675.55
        5.76     1.000000     55624308   9868950.59
        5.76     1.000000     55624308  10485760.00
        5.79     1.000000     55624309  11184810.67
        5.79     1.000000     55624309  11983725.71
        5.79     1.000000     55624309  12905550.76
        5.82     1.000000     55624310  13981013.34
        5.82     1.000000     55624310  15252014.55
        5.82     1.000000     55624310  16777216.00
        5.82     1.000000     55624310  17660227.38
        5.89     1.000000     55624311  18641351.10
        5.89     1.000000     55624311  19737901.19
        5.89     1.000000     55624311  20971519.98
        5.89     1.000000     55624311  22369621.33
        5.89     1.000000     55624311  23967451.45
        5.89     1.000000     55624311  25811101.52
        5.92     1.000000     55624312  27962026.68
        5.92     1.000000     55624312  30504029.05
        5.92     1.000000     55624312  33554432.00
        5.92     1.000000     55624312  35320454.76
        5.92     1.000000     55624312  37282702.28
        5.92     1.000000     55624312  39475802.28
        5.92     1.000000     55624312  41943039.96
        5.92     1.000000     55624312  44739242.67
        5.92     1.000000     55624312  47934902.91
        5.92     1.000000     55624312  51622203.20
        6.08     1.000000     55624313  55924053.19
        6.08     1.000000     55624313          inf
#[Mean    =        2.587, StdDeviation   =        0.695]
#[Max     =        6.079, Total count    =     55624313]
#[Buckets =           20, SubBuckets     =          256]
