       Value   Percentile   TotalCount 1/(1-Percentile)

        0.02     0.000000        11119         1.00
        0.39     0.050000       848491         1.05
        0.61     0.100000      1712840         1.11
        0.69     0.150000      2890132         1.18
        0.69     0.200000      3468875         1.25
        0.70     0.250000      4279814         1.33
        0.71     0.300000      5345246         1.43
        0.72     0.350000      6679937         1.54
        0.73     0.400000      8250594         1.67
        0.73     0.450000      8250594         1.82
        0.73     0.500000      9940006         2.00
        0.73     0.525000      9940006         2.11
        0.73     0.550000      9940006         2.22
        0.73     0.575000      9940006         2.35
        0.74     0.600000     11523830         2.50
        0.74     0.625000     11523830         2.67
        0.74     0.650000     11523830         2.86
        0.74     0.675000     11523830         3.08
        0.75     0.700000     12826492         3.33
        0.75     0.725000     12826492         3.64
        0.75     0.750000     12826492         4.00
        0.76     0.762500     13716689         4.21
        0.76     0.775000     13716689         4.44
        0.76     0.787500     13716689         4.71
        0.76     0.800000     13716689         5.00
        0.77     0.812500     14231170         5.33
        0.77     0.825000     14231170         5.71
        0.77     0.837500     14231170         6.15
        0.78     0.850000     14504840         6.67
        0.78     0.862500     14663544         7.27
        0.80     0.875000     14894719         8.00
        0.81     0.881250     15010834         8.42
        0.81     0.887500     15010834         8.89
        0.81     0.893750     15137055         9.41
        0.82     0.900000     15271804        10.00
        0.83     0.906250     15415157        10.67
        0.84     0.912500     15564718        11.43
        0.84     0.918750     15564718        12.31
        0.85     0.925000     15706676        13.33
        0.85     0.931250     15836609        14.55
        0.86     0.937500     15946840        16.00
        0.86     0.940625     15946840        16.84
        0.87     0.943750     16035500        17.78
        0.87     0.946875     16035500        18.82
        0.88     0.950000     16104716        20.00
        0.89     0.953125     16157154        21.33
        0.90     0.956250     16196948        22.86
        0.90     0.959375     16229076        24.62
        0.92     0.962500     16276064        26.67
        0.94     0.965625     16328509        29.09
        0.97     0.968750     16386220        32.00
        0.99     0.970313     16412839        33.68
        1.01     0.971875     16437107        35.56
        1.03     0.973437     16465810        37.65
        1.06     0.975000     16487171        40.00
        1.15     0.976562     16512887        42.67
        1.25     0.978125     16539162        45.71
        1.35     0.979688     16569607        49.23
        1.38     0.981250     16594887        53.33
        1.41     0.982812     16625425        58.18
        1.42     0.984375     16652127        64.00
        1.43     0.985156     16667223        67.37
        1.44     0.985938     16683885        71.11
        1.45     0.986719     16701652        75.29
        1.45     0.987500     16701652        80.00
        1.46     0.988281     16720749        85.33
        1.46     0.989062     16741270        91.43
        1.46     0.989844     16741270        98.46
        1.47     0.990625     16762070       106.67
        1.48     0.991406     16782290       116.36
        1.48     0.992188     16782290       128.00
        1.49     0.992578     16801038       134.74
        1.49     0.992969     16801038       142.22
        1.49     0.993359     16801038       150.59
        1.50     0.993750     16817489       160.00
        1.50     0.994141     16817489       170.67
        1.50     0.994531     16817489       182.86
        1.50     0.994922     16831403       196.92
        1.50     0.995313     16831403       213.33
        1.51     0.995703     16842219       232.73
        1.52     0.996094     16850527       256.00
        1.52     0.996289     16850527       269.47
        1.52     0.996484     16850527       284.44
        1.53     0.996680     16856619       301.18
        1.53     0.996875     16856619       320.00
        1.53     0.997070     16861237       341.33
        1.54     0.997266     16864561       365.71
        1.55     0.997461     16867090       393.85
        1.56     0.997656     16869205       426.67
        1.57     0.997852     16872585       465.45
        1.60     0.998047     16877119       512.00
        1.61     0.998145     16878696       538.95
        1.61     0.998242     16880215       568.89
        1.62     0.998340     16881717       602.35
        1.63     0.998437     16883245       640.00
        1.64     0.998535     16884841       682.67
        1.65     0.998633     16886375       731.43
        1.66     0.998730     16887999       787.69
        1.66     0.998828     16889750       853.33
        1.67     0.998926     16891387       930.91
        1.68     0.999023     16893027      1024.00
        1.69     0.999072     16894624      1077.89
        1.69     0.999121     16894624      1137.78
        1.70     0.999170     16896239      1204.71
        1.70     0.999219     16896239      1280.00
        1.70     0.999268     16897740      1365.33
        1.70     0.999316     16897740      1462.86
        1.71     0.999365     16899079      1575.38
        1.71     0.999414     16899079      1706.67
        1.72     0.999463     16900234      1861.82
        1.73     0.999512     16901269      2048.00
        1.73     0.999536     16901269      2155.79
        1.74     0.999561     16902124      2275.56
        1.74     0.999585     16902124      2409.41
        1.74     0.999609     16902910      2560.00
        1.74     0.999634     16902910      2730.67
        1.75     0.999658     16903601      2925.71
        1.75     0.999683     16903601      3150.77
        1.76     0.999707     16904212      3413.33
        1.77     0.999731     16904704      3723.64
        1.77     0.999756     16904704      4096.00
        1.77     0.999768     16905108      4311.58
        1.77     0.999780     16905108      4551.11
        1.78     0.999792     16905503      4818.82
        1.79     0.999805     16905818      5120.00
        1.79     0.999817     16905818      5461.33
        1.80     0.999829     16906090      5851.43
        1.81     0.999841     16906340      6301.54
        1.81     0.999854     16906340      6826.67
        1.81     0.999866     16906555      7447.27
        1.82     0.999878     16906764      8192.00
        1.83     0.999884     16906964      8623.16
        1.83     0.999890     16906964      9102.22
        1.84     0.999896     16907150      9637.65
        1.85     0.999902     16907326     10240.00
        1.85     0.999908     16907326     10922.67
        1.85     0.999915     16907471     11702.86
        1.86     0.999921     16907606     12603.08
        1.86     0.999927     16907606     13653.33
        1.87     0.999933     16907723     14894.55
        1.88     0.999939     16907821     16384.00
        1.89     0.999942     16907906     17246.32
        1.89     0.999945     16907906     18204.44
        1.90     0.999948     16907987     19275.29
        1.90     0.999951     16908033     20480.00
        1.91     0.999954     16908085     21845.33
        1.92     0.999957     16908129     23405.71
        1.93     0.999960     16908160     25206.15
        1.94     0.999963     16908197     27306.67
        1.95     0.999966     16908248     29789.09
        1.98     0.999969     16908317     32768.00
        1.98     0.999971     16908352     34492.63
        1.98     0.999973     16908352     36408.89
        2.00     0.999974     16908399     38550.59
        2.01     0.999976     16908409     40960.00
        2.02     0.999977     16908432     43690.67
        2.05     0.999979     16908457     46811.43
        2.08     0.999980     16908499     50412.31
        2.10     0.999982     16908519     54613.33
        2.11     0.999983     16908539     59578.18
        2.14     0.999985     16908569     65536.00
        2.14     0.999986     16908569     68985.26
        2.16     0.999986     16908585     72817.78
        2.17     0.999987     16908597     77101.18
        2.19     0.999988     16908613     81920.00
        2.21     0.999989     16908626     87381.33
        2.22     0.999989     16908638     93622.86
        2.24     0.999990     16908649    100824.62
        2.25     0.999991     16908667    109226.67
        2.27     0.999992     16908683    119156.36
        2.29     0.999992     16908691    131072.00
        2.30     0.999993     16908702    137970.53
        2.30     0.999993     16908702    145635.56
        2.32     0.999994     16908708    154202.35
        2.33     0.999994     16908713    163840.00
        2.35     0.999994     16908720    174762.67
        2.37     0.999995     16908724    187245.71
        2.43     0.999995     16908734    201649.23
        2.48     0.999995     16908737    218453.33
        2.54     0.999996     16908744    238312.73
        2.61     0.999996     16908750    262144.00
        2.64     0.999996     16908753    275941.05
        2.90     0.999997     16908756    291271.11
      160.77     0.999997     16908761    308404.71
      166.91     0.999997     16908767    327680.00
      166.91     0.999997     16908767    349525.33
      167.94     0.999997     16908810    374491.43
      167.94     0.999998     16908810    403298.46
      167.94     0.999998     16908810    436906.67
      167.94     0.999998     16908810    476625.45
      167.94     0.999998     16908810    524288.00
      167.94     0.999998     16908810    551882.11
      167.94     0.999998     16908810    582542.22
      167.94     0.999998     16908810    616809.41
      167.94     0.999998     16908810    655360.00
      167.94     0.999999     16908810    699050.67
      167.94     0.999999     16908810    748982.86
      167.94     0.999999     16908810    806596.92
      167.94     0.999999     16908810    873813.33
      167.94     0.999999     16908810    953250.91
      167.94     0.999999     16908810   1048576.00
      167.94     0.999999     16908810   1103764.21
      167.94     0.999999     16908810   1165084.44
      167.94     0.999999     16908810   1233618.82
      167.94     0.999999     16908810   1310720.00
      167.94     0.999999     16908810   1398101.33
      167.94     0.999999     16908810   1497965.71
      167.94     0.999999     16908810   1613193.85
      167.94     0.999999     16908810   1747626.67
      167.94     0.999999     16908810   1906501.82
      167.94     1.000000     16908810   2097152.00
      167.94     1.000000     16908810   2207528.42
      167.94     1.000000     16908810   2330168.89
      167.94     1.000000     16908810   2467237.65
      167.94     1.000000     16908810   2621440.00
      167.94     1.000000     16908810   2796202.67
      167.94     1.000000     16908810   2995931.43
      167.94     1.000000     16908810   3226387.69
      167.94     1.000000     16908810   3495253.33
      167.94     1.000000     16908810   3813003.64
      167.94     1.000000     16908810   4194304.00
      168.96     1.000000     16908814   4415056.84
      168.96     1.000000     16908814          inf
#[Mean    =        0.719, StdDeviation   =        0.352]
#[Max     =      168.959, Total count    =     16908814]
#[Buckets =           20, SubBuckets     =          256]
