       Value   Percentile   TotalCount 1/(1-Percentile)

        0.02     0.000000          460         1.00
        0.34     0.050000       132047         1.05
        0.56     0.100000       260888         1.11
        0.66     0.150000       391850         1.18
        0.67     0.200000       540342         1.25
        0.68     0.250000       655338         1.33
        0.69     0.300000       796126         1.43
        0.69     0.350000       958743         1.54
        0.70     0.400000      1151019         1.67
        0.71     0.450000      1382296         1.82
        0.71     0.500000      1382296         2.00
        0.71     0.525000      1382296         2.11
        0.72     0.550000      1654496         2.22
        0.72     0.575000      1654496         2.35
        0.72     0.600000      1654496         2.50
        0.72     0.625000      1654496         2.67
        0.73     0.650000      1942190         2.86
        0.73     0.675000      1942190         3.08
        0.73     0.700000      1942190         3.33
        0.73     0.725000      1942190         3.64
        0.73     0.750000      1942190         4.00
        0.73     0.762500      2173268         4.21
        0.73     0.775000      2173268         4.44
        0.73     0.787500      2173268         4.71
        0.73     0.800000      2173268         5.00
        0.73     0.812500      2173268         5.33
        0.73     0.825000      2173268         5.71
        0.73     0.837500      2173268         6.15
        0.74     0.850000      2308716         6.67
        0.74     0.862500      2308716         7.27
        0.74     0.875000      2308716         8.00
        0.74     0.881250      2308716         8.42
        0.74     0.887500      2308716         8.89
        0.74     0.893750      2308716         9.41
        0.74     0.900000      2308716        10.00
        0.75     0.906250      2370836        10.67
        0.75     0.912500      2370836        11.43
        0.75     0.918750      2370836        12.31
        0.76     0.925000      2397625        13.33
        0.76     0.931250      2397625        14.55
        0.77     0.937500      2410919        16.00
        0.78     0.940625      2419484        16.84
        0.78     0.943750      2419484        17.78
        0.79     0.946875      2431075        18.82
        0.80     0.950000      2435730        20.00
        0.81     0.953125      2443477        21.33
        0.84     0.956250      2454640        22.86
        0.85     0.959375      2460661        24.62
        0.89     0.962500      2467942        26.67
        0.92     0.965625      2476099        29.09
        0.95     0.968750      2485751        32.00
        0.96     0.970313      2488068        33.68
        0.97     0.971875      2492347        35.56
        0.99     0.973437      2495708        37.65
        1.03     0.975000      2499736        40.00
        1.15     0.976562      2503641        42.67
        1.27     0.978125      2507697        45.71
        1.32     0.979688      2512453        49.23
        1.34     0.981250      2516987        53.33
        1.36     0.982812      2520681        58.18
        1.38     0.984375      2524837        64.00
        1.38     0.985156      2527075        67.37
        1.39     0.985938      2529452        71.11
        1.40     0.986719      2532046        75.29
        1.40     0.987500      2532046        80.00
        1.41     0.988281      2534903        85.33
        1.42     0.989062      2538022        91.43
        1.42     0.989844      2538022        98.46
        1.42     0.990625      2541460       106.67
        1.43     0.991406      2545115       116.36
        1.43     0.992188      2545115       128.00
        1.43     0.992578      2545115       134.74
        1.44     0.992969      2548861       142.22
        1.44     0.993359      2548861       150.59
        1.44     0.993750      2548861       160.00
        1.44     0.994141      2548861       170.67
        1.45     0.994531      2552510       182.86
        1.45     0.994922      2552510       196.92
        1.45     0.995313      2552510       213.33
        1.46     0.995703      2555672       232.73
        1.46     0.996094      2555672       256.00
        1.46     0.996289      2555672       269.47
        1.46     0.996484      2555672       284.44
        1.46     0.996680      2555672       301.18
        1.46     0.996875      2555672       320.00
        1.46     0.997070      2558063       341.33
        1.46     0.997266      2558063       365.71
        1.46     0.997461      2558063       393.85
        1.46     0.997656      2558063       426.67
        1.47     0.997852      2559765       465.45
        1.47     0.998047      2559765       512.00
        1.47     0.998145      2559765       538.95
        1.47     0.998242      2559765       568.89
        1.47     0.998340      2559765       602.35
        1.47     0.998437      2559765       640.00
        1.48     0.998535      2560867       682.67
        1.48     0.998633      2560867       731.43
        1.48     0.998730      2560867       787.69
        1.48     0.998828      2560867       853.33
        1.49     0.998926      2561575       930.91
        1.49     0.999023      2561575      1024.00
        1.49     0.999072      2561575      1077.89
        1.49     0.999121      2561575      1137.78
        1.49     0.999170      2561575      1204.71
        1.50     0.999219      2562053      1280.00
        1.50     0.999268      2562053      1365.33
        1.50     0.999316      2562053      1462.86
        1.50     0.999365      2562053      1575.38
        1.50     0.999414      2562367      1706.67
        1.50     0.999463      2562367      1861.82
        1.51     0.999512      2562591      2048.00
        1.51     0.999536      2562591      2155.79
        1.51     0.999561      2562591      2275.56
        1.51     0.999585      2562591      2409.41
        1.52     0.999609      2562782      2560.00
        1.52     0.999634      2562782      2730.67
        1.52     0.999658      2562782      2925.71
        1.53     0.999683      2562910      3150.77
        1.53     0.999707      2562910      3413.33
        1.53     0.999731      2563007      3723.64
        1.53     0.999756      2563007      4096.00
        1.54     0.999768      2563107      4311.58
        1.54     0.999780      2563107      4551.11
        1.54     0.999792      2563107      4818.82
        1.55     0.999805      2563196      5120.00
        1.55     0.999817      2563196      5461.33
        1.55     0.999829      2563196      5851.43
        1.56     0.999841      2563266      6301.54
        1.56     0.999854      2563266      6826.67
        1.57     0.999866      2563340      7447.27
        1.57     0.999878      2563340      8192.00
        1.57     0.999884      2563340      8623.16
        1.57     0.999890      2563399      9102.22
        1.57     0.999896      2563399      9637.65
        1.57     0.999902      2563399     10240.00
        1.57     0.999908      2563399     10922.67
        1.58     0.999915      2563435     11702.86
        1.58     0.999921      2563435     12603.08
        1.58     0.999927      2563435     13653.33
        1.59     0.999933      2563479     14894.55
        1.59     0.999939      2563479     16384.00
        1.59     0.999942      2563479     17246.32
        1.60     0.999945      2563500     18204.44
        1.60     0.999948      2563500     19275.29
        1.60     0.999951      2563500     20480.00
        1.61     0.999954      2563510     21845.33
        1.61     0.999957      2563524     23405.71
        1.61     0.999960      2563524     25206.15
        1.62     0.999963      2563529     27306.67
        1.64     0.999966      2563539     29789.09
        1.66     0.999969      2563546     32768.00
        1.67     0.999971      2563548     34492.63
        1.69     0.999973      2563552     36408.89
        1.70     0.999974      2563559     38550.59
        1.72     0.999976      2563561     40960.00
        1.74     0.999977      2563565     43690.67
        1.75     0.999979      2563569     46811.43
        1.81     0.999980      2563572     50412.31
        1.89     0.999982      2563576     54613.33
        1.93     0.999983      2563579     59578.18
        2.02     0.999985      2563584     65536.00
        2.03     0.999986      2563585     68985.26
        2.11     0.999986      2563587     72817.78
        2.14     0.999987      2563590     77101.18
        2.19     0.999988      2563591     81920.00
        2.53     0.999989      2563593     87381.33
        4.77     0.999989      2563611     93622.86
        4.77     0.999990      2563611    100824.62
        4.77     0.999991      2563611    109226.67
        4.77     0.999992      2563611    119156.36
        4.77     0.999992      2563611    131072.00
        4.77     0.999993      2563611    137970.53
        4.77     0.999993      2563611    145635.56
        4.77     0.999994      2563611    154202.35
        4.77     0.999994      2563611    163840.00
        4.77     0.999994      2563611    174762.67
        4.77     0.999995      2563611    187245.71
        4.77     0.999995      2563611    201649.23
        4.77     0.999995      2563611    218453.33
        4.80     0.999996      2563613    238312.73
        4.80     0.999996      2563613    262144.00
        4.80     0.999996      2563613    275941.05
        5.54     0.999997      2563614    291271.11
        5.54     0.999997      2563614    308404.71
        7.01     0.999997      2563616    327680.00
        7.01     0.999997      2563616    349525.33
        7.01     0.999997      2563616    374491.43
        7.01     0.999998      2563616    403298.46
        8.38     0.999998      2563619    436906.67
        8.38     0.999998      2563619    476625.45
        8.38     0.999998      2563619    524288.00
        8.38     0.999998      2563619    551882.11
        8.38     0.999998      2563619    582542.22
        8.38     0.999998      2563619    616809.41
        8.38     0.999998      2563619    655360.00
        8.38     0.999999      2563619    699050.67
        8.38     0.999999      2563619    748982.86
        8.38     0.999999      2563619    806596.92
        8.96     0.999999      2563621    873813.33
        8.96     0.999999      2563621    953250.91
        8.96     0.999999      2563621   1048576.00
        8.96     0.999999      2563621   1103764.21
        8.96     0.999999      2563621   1165084.44
        8.96     0.999999      2563621   1233618.82
        8.96     0.999999      2563621   1310720.00
        8.96     0.999999      2563621   1398101.33
        8.96     0.999999      2563621   1497965.71
        8.96     0.999999      2563621   1613193.85
        8.96     0.999999      2563621   1747626.67
        8.96     0.999999      2563621   1906501.82
        8.96     1.000000      2563621   2097152.00
        8.96     1.000000      2563621   2207528.42
        8.96     1.000000      2563621   2330168.89
        8.96     1.000000      2563621   2467237.65
        9.28     1.000000      2563622   2621440.00
        9.28     1.000000      2563622          inf
#[Mean    =        0.688, StdDeviation   =        0.175]
#[Max     =        9.279, Total count    =      2563622]
#[Buckets =           20, SubBuckets     =          256]
