       Value   Percentile   TotalCount 1/(1-Percentile)

        0.02     0.000000          517         1.00
        0.36     0.050000       130270         1.05
        0.57     0.100000       256588         1.11
        0.67     0.150000       426726         1.18
        0.69     0.200000       606272         1.25
        0.69     0.250000       730123         1.33
        0.70     0.300000       876683         1.43
        0.71     0.350000      1047810         1.54
        0.71     0.400000      1047810         1.67
        0.72     0.450000      1247484         1.82
        0.73     0.500000      1476373         2.00
        0.73     0.525000      1476373         2.11
        0.73     0.550000      1476373         2.22
        0.73     0.575000      1476373         2.35
        0.73     0.600000      1732975         2.50
        0.73     0.625000      1732975         2.67
        0.73     0.650000      1732975         2.86
        0.73     0.675000      1732975         3.08
        0.74     0.700000      1987234         3.33
        0.74     0.725000      1987234         3.64
        0.74     0.750000      1987234         4.00
        0.74     0.762500      1987234         4.21
        0.74     0.775000      1987234         4.44
        0.75     0.787500      2189020         4.71
        0.75     0.800000      2189020         5.00
        0.75     0.812500      2189020         5.33
        0.75     0.825000      2189020         5.71
        0.75     0.837500      2189020         6.15
        0.75     0.850000      2189020         6.67
        0.76     0.862500      2312256         7.27
        0.76     0.875000      2312256         8.00
        0.76     0.881250      2312256         8.42
        0.76     0.887500      2312256         8.89
        0.76     0.893750      2312256         9.41
        0.76     0.900000      2312256        10.00
        0.77     0.906250      2372452        10.67
        0.77     0.912500      2372452        11.43
        0.77     0.918750      2372452        12.31
        0.77     0.925000      2372452        13.33
        0.78     0.931250      2398176        14.55
        0.78     0.937500      2410255        16.00
        0.79     0.940625      2418782        16.84
        0.80     0.943750      2424769        17.78
        0.81     0.946875      2429506        18.82
        0.82     0.950000      2437621        20.00
        0.84     0.953125      2443704        21.33
        0.86     0.956250      2453619        22.86
        0.89     0.959375      2461357        24.62
        0.92     0.962500      2468621        26.67
        0.95     0.965625      2477664        29.09
        0.97     0.968750      2485164        32.00
        0.99     0.970313      2489728        33.68
        1.00     0.971875      2491946        35.56
        1.02     0.973437      2496650        37.65
        1.06     0.975000      2499868        40.00
        1.19     0.976562      2503876        42.67
        1.30     0.978125      2508016        45.71
        1.34     0.979688      2512615        49.23
        1.37     0.981250      2517254        53.33
        1.38     0.982812      2520947        58.18
        1.40     0.984375      2525287        64.00
        1.41     0.985156      2527703        67.37
        1.42     0.985938      2530189        71.11
        1.42     0.986719      2530189        75.29
        1.42     0.987500      2532866        80.00
        1.43     0.988281      2535774        85.33
        1.43     0.989062      2535774        91.43
        1.44     0.989844      2538858        98.46
        1.45     0.990625      2542184       106.67
        1.45     0.991406      2542184       116.36
        1.46     0.992188      2545809       128.00
        1.46     0.992578      2545809       134.74
        1.46     0.992969      2545809       142.22
        1.46     0.993359      2549540       150.59
        1.46     0.993750      2549540       160.00
        1.46     0.994141      2549540       170.67
        1.47     0.994531      2552991       182.86
        1.47     0.994922      2552991       196.92
        1.47     0.995313      2552991       213.33
        1.47     0.995703      2552991       232.73
        1.48     0.996094      2555948       256.00
        1.48     0.996289      2555948       269.47
        1.48     0.996484      2555948       284.44
        1.48     0.996680      2555948       301.18
        1.48     0.996875      2555948       320.00
        1.49     0.997070      2558293       341.33
        1.49     0.997266      2558293       365.71
        1.49     0.997461      2558293       393.85
        1.49     0.997656      2558293       426.67
        1.49     0.997852      2558293       465.45
        1.50     0.998047      2559938       512.00
        1.50     0.998145      2559938       538.95
        1.50     0.998242      2559938       568.89
        1.50     0.998340      2559938       602.35
        1.50     0.998437      2559938       640.00
        1.50     0.998535      2561084       682.67
        1.50     0.998633      2561084       731.43
        1.50     0.998730      2561084       787.69
        1.50     0.998828      2561084       853.33
        1.50     0.998926      2561084       930.91
        1.51     0.999023      2561810      1024.00
        1.51     0.999072      2561810      1077.89
        1.51     0.999121      2561810      1137.78
        1.51     0.999170      2561810      1204.71
        1.51     0.999219      2561810      1280.00
        1.52     0.999268      2562238      1365.33
        1.52     0.999316      2562238      1462.86
        1.52     0.999365      2562238      1575.38
        1.53     0.999414      2562533      1706.67
        1.53     0.999463      2562533      1861.82
        1.53     0.999512      2562761      2048.00
        1.53     0.999536      2562761      2155.79
        1.53     0.999561      2562761      2275.56
        1.53     0.999585      2562761      2409.41
        1.54     0.999609      2562941      2560.00
        1.54     0.999634      2562941      2730.67
        1.54     0.999658      2562941      2925.71
        1.55     0.999683      2563060      3150.77
        1.55     0.999707      2563060      3413.33
        1.56     0.999731      2563159      3723.64
        1.57     0.999756      2563246      4096.00
        1.57     0.999768      2563246      4311.58
        1.57     0.999780      2563246      4551.11
        1.57     0.999792      2563317      4818.82
        1.57     0.999805      2563317      5120.00
        1.58     0.999817      2563365      5461.33
        1.58     0.999829      2563365      5851.43
        1.59     0.999841      2563412      6301.54
        1.60     0.999854      2563471      6826.67
        1.60     0.999866      2563471      7447.27
        1.61     0.999878      2563531      8192.00
        1.61     0.999884      2563531      8623.16
        1.61     0.999890      2563531      9102.22
        1.61     0.999896      2563531      9637.65
        1.61     0.999902      2563579     10240.00
        1.61     0.999908      2563579     10922.67
        1.61     0.999915      2563579     11702.86
        1.62     0.999921      2563615     12603.08
        1.62     0.999927      2563615     13653.33
        1.63     0.999933      2563634     14894.55
        1.64     0.999939      2563643     16384.00
        1.65     0.999942      2563653     17246.32
        1.66     0.999945      2563659     18204.44
        1.66     0.999948      2563665     19275.29
        1.68     0.999951      2563670     20480.00
        1.70     0.999954      2563678     21845.33
        1.74     0.999957      2563686     23405.71
        1.79     0.999960      2563694     25206.15
        1.85     0.999963      2563702     27306.67
        1.92     0.999966      2563711     29789.09
        1.96     0.999969      2563717     32768.00
        1.98     0.999971      2563721     34492.63
        2.02     0.999973      2563725     36408.89
        2.06     0.999974      2563732     38550.59
        2.08     0.999976      2563734     40960.00
        2.10     0.999977      2563737     43690.67
        2.13     0.999979      2563742     46811.43
        2.14     0.999980      2563745     50412.31
        2.17     0.999982      2563751     54613.33
        2.19     0.999983      2563753     59578.18
        2.24     0.999985      2563756     65536.00
        2.25     0.999986      2563759     68985.26
        2.27     0.999986      2563760     72817.78
        2.30     0.999987      2563763     77101.18
        2.32     0.999988      2563764     81920.00
        3.95     0.999989      2563766     87381.33
        4.74     0.999989      2563771     93622.86
        4.74     0.999990      2563771    100824.62
        4.77     0.999991      2563792    109226.67
        4.77     0.999992      2563792    119156.36
        4.77     0.999992      2563792    131072.00
        4.77     0.999993      2563792    137970.53
        4.77     0.999993      2563792    145635.56
        4.77     0.999994      2563792    154202.35
        4.77     0.999994      2563792    163840.00
        4.77     0.999994      2563792    174762.67
        4.77     0.999995      2563792    187245.71
        4.77     0.999995      2563792    201649.23
        4.77     0.999995      2563792    218453.33
        4.77     0.999996      2563792    238312.73
        4.77     0.999996      2563792    262144.00
        4.77     0.999996      2563792    275941.05
        4.77     0.999997      2563792    291271.11
        4.77     0.999997      2563792    308404.71
        4.77     0.999997      2563792    327680.00
        4.77     0.999997      2563792    349525.33
        4.77     0.999997      2563792    374491.43
        4.77     0.999998      2563792    403298.46
        4.77     0.999998      2563792    436906.67
        4.77     0.999998      2563792    476625.45
        4.77     0.999998      2563792    524288.00
        4.77     0.999998      2563792    551882.11
        4.77     0.999998      2563792    582542.22
        4.77     0.999998      2563792    616809.41
        4.77     0.999998      2563792    655360.00
        4.77     0.999999      2563792    699050.67
        4.77     0.999999      2563792    748982.86
        4.77     0.999999      2563792    806596.92
        4.80     0.999999      2563795    873813.33
        4.80     1.000000      2563795          inf
#[Mean    =        0.702, StdDeviation   =        0.177]
#[Max     =        4.799, Total count    =      2563795]
#[Buckets =           20, SubBuckets     =          256]
