       Value   Percentile   TotalCount 1/(1-Percentile)

        0.02     0.000000         7415         1.00
        0.46     0.050000       709778         1.05
        0.71     0.100000      1417306         1.11
        0.78     0.150000      2167305         1.18
        0.79     0.200000      2844563         1.25
        0.81     0.250000      3896131         1.33
        0.81     0.300000      4564889         1.43
        0.82     0.350000      5314955         1.54
        0.83     0.400000      6122341         1.67
        0.84     0.450000      6960326         1.82
        0.85     0.500000      7797707         2.00
        0.85     0.525000      7797707         2.11
        0.85     0.550000      7797707         2.22
        0.85     0.575000      8606506         2.35
        0.85     0.600000      8606506         2.50
        0.86     0.625000      9360036         2.67
        0.86     0.650000      9360036         2.86
        0.87     0.675000     10046776         3.08
        0.87     0.700000     10046776         3.33
        0.88     0.725000     10664931         3.64
        0.88     0.750000     10664931         4.00
        0.89     0.762500     11201303         4.21
        0.89     0.775000     11201303         4.44
        0.89     0.787500     11201303         4.71
        0.90     0.800000     11658083         5.00
        0.90     0.812500     11658083         5.33
        0.90     0.825000     11658083         5.71
        0.90     0.837500     12043921         6.15
        0.90     0.850000     12043921         6.67
        0.91     0.862500     12360036         7.27
        0.91     0.875000     12360036         8.00
        0.92     0.881250     12618028         8.42
        0.92     0.887500     12618028         8.89
        0.92     0.893750     12618028         9.41
        0.93     0.900000     12823011        10.00
        0.93     0.906250     12823011        10.67
        0.94     0.912500     12985335        11.43
        0.94     0.918750     12985335        12.31
        0.94     0.925000     13110966        13.33
        0.95     0.931250     13206914        14.55
        0.95     0.937500     13206914        16.00
        0.96     0.940625     13281424        16.84
        0.97     0.943750     13337858        17.78
        0.97     0.946875     13381747        18.82
        0.98     0.950000     13416115        20.00
        0.99     0.953125     13440960        21.33
        1.01     0.956250     13477933        22.86
        1.04     0.959375     13521397        24.62
        1.09     0.962500     13560801        26.67
        1.15     0.965625     13608915        29.09
        1.20     0.968750     13652999        32.00
        1.22     0.970313     13674741        33.68
        1.25     0.971875     13694578        35.56
        1.28     0.973437     13716539        37.65
        1.32     0.975000     13736685        40.00
        1.40     0.976562     13757563        42.67
        1.53     0.978125     13780602        45.71
        1.58     0.979688     13804370        49.23
        1.61     0.981250     13824002        53.33
        1.63     0.982812     13849606        58.18
        1.65     0.984375     13869936        64.00
        1.66     0.985156     13880831        67.37
        1.66     0.985938     13892161        71.11
        1.67     0.986719     13903466        75.29
        1.68     0.987500     13914821        80.00
        1.69     0.988281     13926124        85.33
        1.70     0.989062     13937606        91.43
        1.70     0.989844     13948522        98.46
        1.71     0.990625     13959270       106.67
        1.72     0.991406     13969343       116.36
        1.73     0.992188     13978788       128.00
        1.74     0.992578     13987662       134.74
        1.74     0.992969     13996022       142.22
        1.74     0.993359     13996022       150.59
        1.75     0.993750     14003775       160.00
        1.76     0.994141     14010794       170.67
        1.76     0.994531     14010794       182.86
        1.77     0.994922     14017328       196.92
        1.77     0.995313     14023289       213.33
        1.78     0.995703     14028768       232.73
        1.79     0.996094     14033821       256.00
        1.80     0.996289     14038349       269.47
        1.80     0.996484     14038349       284.44
        1.81     0.996680     14042450       301.18
        1.81     0.996875     14046166       320.00
        1.81     0.997070     14046166       341.33
        1.82     0.997266     14049517       365.71
        1.83     0.997461     14052320       393.85
        1.84     0.997656     14054777       426.67
        1.85     0.997852     14058687       465.45
        1.86     0.998047     14060145       512.00
        1.87     0.998145     14061343       538.95
        1.89     0.998242     14063113       568.89
        1.90     0.998340     14064399       602.35
        1.93     0.998437     14065590       640.00
        1.95     0.998535     14066677       682.67
        1.98     0.998633     14068313       731.43
        1.99     0.998730     14070178       787.69
        2.00     0.998828     14071189       853.33
        2.02     0.998926     14073289       930.91
        2.02     0.999023     14074471      1024.00
        2.02     0.999072     14074471      1077.89
        2.03     0.999121     14075665      1137.78
        2.03     0.999170     14075665      1204.71
        2.04     0.999219     14076769      1280.00
        2.05     0.999268     14077862      1365.33
        2.05     0.999316     14077862      1462.86
        2.06     0.999365     14079977      1575.38
        2.06     0.999414     14079977      1706.67
        2.06     0.999463     14079977      1861.82
        2.08     0.999512     14081647      2048.00
        2.08     0.999536     14081647      2155.79
        2.08     0.999561     14081647      2275.56
        2.08     0.999585     14081647      2409.41
        2.10     0.999609     14082749      2560.00
        2.10     0.999634     14082749      2730.67
        2.10     0.999658     14082749      2925.71
        2.11     0.999683     14083607      3150.77
        2.11     0.999707     14083607      3413.33
        2.11     0.999731     14083607      3723.64
        2.13     0.999756     14084219      4096.00
        2.13     0.999768     14084219      4311.58
        2.13     0.999780     14084219      4551.11
        2.14     0.999792     14084609      4818.82
        2.14     0.999805     14084609      5120.00
        2.16     0.999817     14084731      5461.33
        2.19     0.999829     14084876      5851.43
        2.24     0.999841     14085048      6301.54
        2.30     0.999854     14085204      6826.67
        2.37     0.999866     14085383      7447.27
        2.42     0.999878     14085579      8192.00
        2.43     0.999884     14085635      8623.16
        2.46     0.999890     14085741      9102.22
        2.50     0.999896     14085822      9637.65
        2.53     0.999902     14085881     10240.00
        2.64     0.999908     14085968     10922.67
        2.70     0.999915     14086052     11702.86
        2.78     0.999921     14086144     12603.08
        2.81     0.999927     14086235     13653.33
        2.85     0.999933     14086348     14894.55
        2.86     0.999939     14086409     16384.00
        2.88     0.999942     14086467     17246.32
        2.90     0.999945     14086544     18204.44
        2.90     0.999948     14086544     19275.29
        2.91     0.999951     14086623     20480.00
        2.91     0.999954     14086623     21845.33
        2.93     0.999957     14086694     23405.71
        2.94     0.999960     14086763     25206.15
        2.94     0.999963     14086763     27306.67
        2.96     0.999966     14086811     29789.09
        2.98     0.999969     14086854     32768.00
        2.98     0.999971     14086854     34492.63
        2.99     0.999973     14086908     36408.89
        2.99     0.999974     14086908     38550.59
        3.01     0.999976     14086937     40960.00
        3.01     0.999977     14086937     43690.67
        3.02     0.999979     14086963     46811.43
        3.06     0.999980     14086980     50412.31
        3.13     0.999982     14086997     54613.33
        3.41     0.999983     14087033     59578.18
        3.49     0.999985     14087049     65536.00
        3.50     0.999986     14087054     68985.26
        3.73     0.999986     14087061     72817.78
        3.76     0.999987     14087072     77101.18
        3.79     0.999988     14087091     81920.00
        3.81     0.999989     14087099     87381.33
        4.22     0.999989     14087104     93622.86
        7.13     0.999990     14087116    100824.62
        7.17     0.999991     14087153    109226.67
        7.17     0.999992     14087153    119156.36
        7.17     0.999992     14087153    131072.00
        7.17     0.999993     14087153    137970.53
       13.95     0.999993     14087167    145635.56
       13.95     0.999994     14087167    154202.35
       14.02     0.999994     14087185    163840.00
       14.02     0.999994     14087185    174762.67
       14.02     0.999995     14087185    187245.71
       14.02     0.999995     14087185    201649.23
       14.08     0.999995     14087203    218453.33
       14.08     0.999996     14087203    238312.73
       14.08     0.999996     14087203    262144.00
       14.08     0.999996     14087203    275941.05
       46.59     0.999997     14087252    291271.11
       46.59     0.999997     14087252    308404.71
       46.59     0.999997     14087252    327680.00
       46.59     0.999997     14087252    349525.33
       46.59     0.999997     14087252    374491.43
       46.59     0.999998     14087252    403298.46
       46.59     0.999998     14087252    436906.67
       46.59     0.999998     14087252    476625.45
       46.59     0.999998     14087252    524288.00
       46.59     0.999998     14087252    551882.11
       46.59     0.999998     14087252    582542.22
       46.59     0.999998     14087252    616809.41
       46.59     0.999998     14087252    655360.00
       46.59     0.999999     14087252    699050.67
       46.59     0.999999     14087252    748982.86
       46.59     0.999999     14087252    806596.92
       46.59     0.999999     14087252    873813.33
       46.59     0.999999     14087252    953250.91
       46.59     0.999999     14087252   1048576.00
       46.59     0.999999     14087252   1103764.21
       46.59     0.999999     14087252   1165084.44
       46.59     0.999999     14087252   1233618.82
       46.59     0.999999     14087252   1310720.00
       46.59     0.999999     14087252   1398101.33
       46.59     0.999999     14087252   1497965.71
       46.59     0.999999     14087252   1613193.85
       46.59     0.999999     14087252   1747626.67
       46.59     0.999999     14087252   1906501.82
       46.59     1.000000     14087252   2097152.00
       46.59     1.000000     14087252   2207528.42
       46.59     1.000000     14087252   2330168.89
       46.59     1.000000     14087252   2467237.65
       46.59     1.000000     14087252   2621440.00
       46.59     1.000000     14087252   2796202.67
       46.59     1.000000     14087252   2995931.43
       46.59     1.000000     14087252   3226387.69
       46.59     1.000000     14087252   3495253.33
       46.59     1.000000     14087252   3813003.64
       46.59     1.000000     14087252   4194304.00
       46.59     1.000000     14087252   4415056.84
       46.59     1.000000     14087252   4660337.78
       46.59     1.000000     14087252   4934475.29
       46.59     1.000000     14087252   5242880.00
       46.59     1.000000     14087252   5592405.33
       46.59     1.000000     14087252   5991862.86
       46.59     1.000000     14087252   6452775.39
       46.59     1.000000     14087252   6990506.67
       47.62     1.000000     14087253   7626007.28
       47.62     1.000000     14087253   8388608.00
       47.62     1.000000     14087253   8830113.68
       47.62     1.000000     14087253   9320675.55
       47.62     1.000000     14087253   9868950.59
       47.62     1.000000     14087253  10485760.00
       47.62     1.000000     14087253  11184810.67
       47.62     1.000000     14087253  11983725.71
       47.62     1.000000     14087253  12905550.76
       47.62     1.000000     14087253  13981013.34
       60.16     1.000000     14087254  15252014.55
       60.16     1.000000     14087254          inf
#[Mean    =        0.830, StdDeviation   =        0.230]
#[Max     =       60.159, Total count    =     14087254]
#[Buckets =           20, SubBuckets     =          256]
