       Value   Percentile   TotalCount 1/(1-Percentile)

        0.02     0.000000         4163         1.00
        0.34     0.050000       874196         1.05
        0.58     0.100000      1721980         1.11
        0.69     0.150000      2568372         1.18
        0.71     0.200000      3947872         1.25
        0.72     0.250000      4692063         1.33
        0.73     0.300000      5583332         1.43
        0.73     0.350000      6640142         1.54
        0.74     0.400000      7888898         1.67
        0.74     0.450000      7888898         1.82
        0.75     0.500000      9310797         2.00
        0.75     0.525000      9310797         2.11
        0.75     0.550000      9310797         2.22
        0.76     0.575000     10845996         2.35
        0.76     0.600000     10845996         2.50
        0.76     0.625000     10845996         2.67
        0.77     0.650000     12276250         2.86
        0.77     0.675000     12276250         3.08
        0.77     0.700000     12276250         3.33
        0.77     0.725000     12276250         3.64
        0.78     0.750000     13343583         4.00
        0.78     0.762500     13343583         4.21
        0.78     0.775000     13343583         4.44
        0.78     0.787500     13343583         4.71
        0.78     0.800000     13997736         5.00
        0.78     0.812500     13997736         5.33
        0.78     0.825000     13997736         5.71
        0.79     0.837500     14345605         6.15
        0.80     0.850000     14538800         6.67
        0.81     0.862500     14671794         7.27
        0.82     0.875000     14902496         8.00
        0.82     0.881250     14902496         8.42
        0.83     0.887500     15019603         8.89
        0.84     0.893750     15142992         9.41
        0.85     0.900000     15274693        10.00
        0.85     0.906250     15411420        10.67
        0.86     0.912500     15550841        11.43
        0.86     0.918750     15550841        12.31
        0.87     0.925000     15681836        13.33
        0.88     0.931250     15805364        14.55
        0.89     0.937500     15907860        16.00
        0.89     0.940625     15907860        16.84
        0.90     0.943750     15990220        17.78
        0.90     0.946875     16053735        18.82
        0.91     0.950000     16104085        20.00
        0.92     0.953125     16144622        21.33
        0.93     0.956250     16177715        22.86
        0.94     0.959375     16234270        24.62
        0.96     0.962500     16278480        26.67
        0.98     0.965625     16334728        29.09
        1.01     0.968750     16384306        32.00
        1.02     0.970313     16412376        33.68
        1.04     0.971875     16436046        35.56
        1.06     0.973437     16463359        37.65
        1.09     0.975000     16484536        40.00
        1.18     0.976562     16510433        42.67
        1.27     0.978125     16537668        45.71
        1.36     0.979688     16564089        49.23
        1.40     0.981250     16594114        53.33
        1.42     0.982812     16620086        58.18
        1.45     0.984375     16651925        64.00
        1.46     0.985156     16664131        67.37
        1.46     0.985938     16677157        71.11
        1.47     0.986719     16690753        75.29
        1.48     0.987500     16705362        80.00
        1.49     0.988281     16720988        85.33
        1.50     0.989062     16737534        91.43
        1.50     0.989844     16737534        98.46
        1.50     0.990625     16754909       106.67
        1.51     0.991406     16772929       116.36
        1.52     0.992188     16790790       128.00
        1.52     0.992578     16790790       134.74
        1.52     0.992969     16790790       142.22
        1.53     0.993359     16807245       150.59
        1.53     0.993750     16807245       160.00
        1.53     0.994141     16821819       170.67
        1.53     0.994531     16821819       182.86
        1.53     0.994922     16821819       196.92
        1.54     0.995313     16833756       213.33
        1.55     0.995703     16843272       232.73
        1.55     0.996094     16843272       256.00
        1.56     0.996289     16850436       269.47
        1.56     0.996484     16850436       284.44
        1.56     0.996680     16850436       301.18
        1.57     0.996875     16855990       320.00
        1.57     0.997070     16860088       341.33
        1.58     0.997266     16863186       365.71
        1.59     0.997461     16865643       393.85
        1.60     0.997656     16867756       426.67
        1.61     0.997852     16871198       465.45
        1.63     0.998047     16874193       512.00
        1.64     0.998145     16875755       538.95
        1.65     0.998242     16877305       568.89
        1.66     0.998340     16878781       602.35
        1.66     0.998437     16880248       640.00
        1.68     0.998535     16883137       682.67
        1.69     0.998633     16884573       731.43
        1.70     0.998730     16886036       787.69
        1.70     0.998828     16887513       853.33
        1.71     0.998926     16889005       930.91
        1.72     0.999023     16890447      1024.00
        1.73     0.999072     16891899      1077.89
        1.73     0.999121     16891899      1137.78
        1.74     0.999170     16893398      1204.71
        1.74     0.999219     16893398      1280.00
        1.74     0.999268     16894813      1365.33
        1.75     0.999316     16896188      1462.86
        1.75     0.999365     16896188      1575.38
        1.76     0.999414     16897387      1706.67
        1.77     0.999463     16898442      1861.82
        1.77     0.999512     16898442      2048.00
        1.77     0.999536     16899392      2155.79
        1.77     0.999561     16899392      2275.56
        1.78     0.999585     16900190      2409.41
        1.78     0.999609     16900190      2560.00
        1.79     0.999634     16900909      2730.67
        1.79     0.999658     16900909      2925.71
        1.80     0.999683     16901528      3150.77
        1.81     0.999707     16902034      3413.33
        1.81     0.999731     16902034      3723.64
        1.82     0.999756     16902830      4096.00
        1.82     0.999768     16902830      4311.58
        1.83     0.999780     16903169      4551.11
        1.83     0.999792     16903169      4818.82
        1.84     0.999805     16903490      5120.00
        1.84     0.999817     16903490      5461.33
        1.85     0.999829     16903768      5851.43
        1.85     0.999841     16904008      6301.54
        1.86     0.999854     16904233      6826.67
        1.87     0.999866     16904444      7447.27
        1.88     0.999878     16904648      8192.00
        1.88     0.999884     16904648      8623.16
        1.89     0.999890     16904826      9102.22
        1.89     0.999896     16904826      9637.65
        1.90     0.999902     16904989     10240.00
        1.90     0.999908     16905115     10922.67
        1.91     0.999915     16905240     11702.86
        1.91     0.999921     16905240     12603.08
        1.92     0.999927     16905336     13653.33
        1.94     0.999933     16905521     14894.55
        1.94     0.999939     16905605     16384.00
        1.94     0.999942     16905605     17246.32
        1.95     0.999945     16905683     18204.44
        1.96     0.999948     16905764     19275.29
        1.96     0.999951     16905764     20480.00
        1.97     0.999954     16905830     21845.33
        1.98     0.999957     16905887     23405.71
        1.98     0.999960     16905929     25206.15
        1.99     0.999963     16905977     27306.67
        2.00     0.999966     16906013     29789.09
        2.01     0.999969     16906051     32768.00
        2.02     0.999971     16906090     34492.63
        2.02     0.999973     16906120     36408.89
        2.03     0.999974     16906147     38550.59
        2.04     0.999976     16906169     40960.00
        2.05     0.999977     16906180     43690.67
        2.08     0.999979     16906222     46811.43
        2.10     0.999980     16906233     50412.31
        2.13     0.999982     16906261     54613.33
        2.17     0.999983     16906291     59578.18
        2.21     0.999985     16906316     65536.00
        2.22     0.999986     16906322     68985.26
        2.25     0.999986     16906344     72817.78
        2.27     0.999987     16906361     77101.18
        2.27     0.999988     16906361     81920.00
        2.29     0.999989     16906374     87381.33
        2.30     0.999989     16906387     93622.86
        2.32     0.999990     16906400    100824.62
        2.35     0.999991     16906415    109226.67
        2.37     0.999992     16906425    119156.36
        2.40     0.999992     16906438    131072.00
        2.42     0.999993     16906443    137970.53
        2.43     0.999993     16906450    145635.56
        2.46     0.999994     16906456    154202.35
        2.50     0.999994     16906465    163840.00
        2.56     0.999994     16906469    174762.67
        2.65     0.999995     16906475    187245.71
        2.96     0.999995     16906482    201649.23
       83.97     0.999995     16906488    218453.33
       84.99     0.999996     16906505    238312.73
       84.99     0.999996     16906505    262144.00
       84.99     0.999996     16906505    275941.05
       85.50     0.999997     16906507    291271.11
      179.20     0.999997     16906562    308404.71
      179.20     0.999997     16906562    327680.00
      179.20     0.999997     16906562    349525.33
      179.20     0.999997     16906562    374491.43
      179.20     0.999998     16906562    403298.46
      179.20     0.999998     16906562    436906.67
      179.20     0.999998     16906562    476625.45
      179.20     0.999998     16906562    524288.00
      179.20     0.999998     16906562    551882.11
      179.20     0.999998     16906562    582542.22
      179.20     0.999998     16906562    616809.41
      179.20     0.999998     16906562    655360.00
      179.20     0.999999     16906562    699050.67
      179.20     0.999999     16906562    748982.86
      179.20     0.999999     16906562    806596.92
      179.20     0.999999     16906562    873813.33
      179.20     0.999999     16906562    953250.91
      179.20     0.999999     16906562   1048576.00
      179.20     0.999999     16906562   1103764.21
      179.20     0.999999     16906562   1165084.44
      179.20     0.999999     16906562   1233618.82
      179.20     0.999999     16906562   1310720.00
      179.20     0.999999     16906562   1398101.33
      179.20     0.999999     16906562   1497965.71
      179.20     0.999999     16906562   1613193.85
      179.20     0.999999     16906562   1747626.67
      179.20     0.999999     16906562   1906501.82
      179.20     1.000000     16906562   2097152.00
      179.20     1.000000     16906562   2207528.42
      179.20     1.000000     16906562   2330168.89
      179.20     1.000000     16906562   2467237.65
      179.20     1.000000     16906562   2621440.00
      179.20     1.000000     16906562   2796202.67
      179.20     1.000000     16906562   2995931.43
      179.20     1.000000     16906562   3226387.69
      179.20     1.000000     16906562   3495253.33
      179.20     1.000000     16906562   3813003.64
      179.20     1.000000     16906562   4194304.00
      179.20     1.000000     16906562   4415056.84
      179.20     1.000000     16906562   4660337.78
      179.20     1.000000     16906562   4934475.29
      179.20     1.000000     16906562   5242880.00
      179.20     1.000000     16906562   5592405.33
      180.22     1.000000     16906565   5991862.86
      180.22     1.000000     16906565          inf
#[Mean    =        0.732, StdDeviation   =        0.393]
#[Max     =      180.223, Total count    =     16906565]
#[Buckets =           20, SubBuckets     =          256]
