       Value   Percentile   TotalCount 1/(1-Percentile)

        0.02     0.000000         1348         1.00
        0.46     0.050000       705437         1.05
        0.71     0.100000      1425279         1.11
        0.78     0.150000      2116375         1.18
        0.80     0.200000      3183867         1.25
        0.81     0.250000      3728594         1.33
        0.81     0.300000      4364011         1.43
        0.82     0.350000      5081229         1.54
        0.83     0.400000      5858052         1.67
        0.84     0.450000      6671637         1.82
        0.85     0.500000      7490400         2.00
        0.85     0.525000      7490400         2.11
        0.85     0.550000      8293726         2.22
        0.85     0.575000      8293726         2.35
        0.86     0.600000      9060569         2.50
        0.86     0.625000      9060569         2.67
        0.87     0.650000      9763802         2.86
        0.87     0.675000      9763802         3.08
        0.88     0.700000     10392408         3.33
        0.88     0.725000     10392408         3.64
        0.89     0.750000     10941514         4.00
        0.89     0.762500     10941514         4.21
        0.89     0.775000     10941514         4.44
        0.90     0.787500     11414305         4.71
        0.90     0.800000     11414305         5.00
        0.90     0.812500     11817200         5.33
        0.90     0.825000     11817200         5.71
        0.90     0.837500     11817200         6.15
        0.91     0.850000     12155779         6.67
        0.91     0.862500     12155779         7.27
        0.92     0.875000     12436961         8.00
        0.92     0.881250     12436961         8.42
        0.93     0.887500     12664526         8.89
        0.93     0.893750     12664526         9.41
        0.94     0.900000     12849601        10.00
        0.94     0.906250     12849601        10.67
        0.94     0.912500     12990661        11.43
        0.94     0.918750     12990661        12.31
        0.95     0.925000     13100747        13.33
        0.96     0.931250     13184750        14.55
        0.97     0.937500     13250057        16.00
        0.97     0.940625     13301302        16.84
        0.97     0.943750     13301302        17.78
        0.98     0.946875     13339981        18.82
        1.00     0.950000     13393260        20.00
        1.01     0.953125     13427039        21.33
        1.05     0.956250     13476190        22.86
        1.10     0.959375     13515061        24.62
        1.16     0.962500     13566025        26.67
        1.20     0.965625     13610428        29.09
        1.24     0.968750     13653476        32.00
        1.26     0.970313     13674937        33.68
        1.29     0.971875     13693199        35.56
        1.33     0.973437     13716042        37.65
        1.39     0.975000     13736516        40.00
        1.52     0.976562     13758368        42.67
        1.57     0.978125     13782895        45.71
        1.60     0.979688     13801471        49.23
        1.62     0.981250     13825840        53.33
        1.64     0.982812     13845354        58.18
        1.66     0.984375     13878246        64.00
        1.66     0.985156     13878246        67.37
        1.67     0.985938     13889874        71.11
        1.68     0.986719     13901598        75.29
        1.69     0.987500     13913222        80.00
        1.70     0.988281     13924679        85.33
        1.70     0.989062     13935864        91.43
        1.71     0.989844     13946920        98.46
        1.72     0.990625     13957428       106.67
        1.73     0.991406     13967605       116.36
        1.74     0.992188     13977090       128.00
        1.74     0.992578     13986018       134.74
        1.75     0.992969     13994532       142.22
        1.75     0.993359     13994532       150.59
        1.76     0.993750     14002372       160.00
        1.77     0.994141     14009582       170.67
        1.77     0.994531     14016123       182.86
        1.77     0.994922     14016123       196.92
        1.78     0.995313     14022212       213.33
        1.79     0.995703     14027912       232.73
        1.80     0.996094     14033199       256.00
        1.81     0.996289     14037747       269.47
        1.81     0.996484     14037747       284.44
        1.81     0.996680     14041868       301.18
        1.82     0.996875     14045473       320.00
        1.83     0.997070     14048668       341.33
        1.83     0.997266     14048668       365.71
        1.84     0.997461     14051562       393.85
        1.85     0.997656     14054171       426.67
        1.86     0.997852     14058242       465.45
        1.87     0.998047     14059732       512.00
        1.88     0.998145     14060978       538.95
        1.90     0.998242     14062906       568.89
        1.91     0.998340     14064210       602.35
        1.93     0.998437     14065046       640.00
        1.96     0.998535     14066607       682.67
        1.98     0.998633     14068351       731.43
        2.00     0.998730     14069977       787.69
        2.01     0.998828     14071182       853.33
        2.02     0.998926     14072419       930.91
        2.02     0.999023     14073707      1024.00
        2.03     0.999072     14075098      1077.89
        2.03     0.999121     14075098      1137.78
        2.04     0.999170     14076501      1204.71
        2.04     0.999219     14076501      1280.00
        2.05     0.999268     14077908      1365.33
        2.05     0.999316     14077908      1462.86
        2.06     0.999365     14079958      1575.38
        2.06     0.999414     14079958      1706.67
        2.06     0.999463     14079958      1861.82
        2.08     0.999512     14081886      2048.00
        2.08     0.999536     14081886      2155.79
        2.08     0.999561     14081886      2275.56
        2.08     0.999585     14081886      2409.41
        2.08     0.999609     14081886      2560.00
        2.08     0.999634     14081886      2730.67
        2.10     0.999658     14083360      2925.71
        2.10     0.999683     14083360      3150.77
        2.10     0.999707     14083360      3413.33
        2.10     0.999731     14083360      3723.64
        2.11     0.999756     14084009      4096.00
        2.11     0.999768     14084009      4311.58
        2.11     0.999780     14084009      4551.11
        2.13     0.999792     14084302      4818.82
        2.13     0.999805     14084302      5120.00
        2.14     0.999817     14084566      5461.33
        2.16     0.999829     14084659      5851.43
        2.17     0.999841     14084829      6301.54
        2.21     0.999854     14084983      6826.67
        2.32     0.999866     14085134      7447.27
        2.38     0.999878     14085296      8192.00
        2.42     0.999884     14085441      8623.16
        2.43     0.999890     14085506      9102.22
        2.45     0.999896     14085573      9637.65
        2.46     0.999902     14085646     10240.00
        2.50     0.999908     14085726     10922.67
        2.54     0.999915     14085815     11702.86
        2.72     0.999921     14085895     12603.08
        2.80     0.999927     14086007     13653.33
        2.83     0.999933     14086096     14894.55
        2.85     0.999939     14086163     16384.00
        2.86     0.999942     14086228     17246.32
        2.88     0.999945     14086296     18204.44
        2.88     0.999948     14086296     19275.29
        2.90     0.999951     14086385     20480.00
        2.90     0.999954     14086385     21845.33
        2.91     0.999957     14086473     23405.71
        2.91     0.999960     14086473     25206.15
        2.93     0.999963     14086549     27306.67
        2.93     0.999966     14086549     29789.09
        2.94     0.999969     14086617     32768.00
        2.94     0.999971     14086617     34492.63
        2.96     0.999973     14086675     36408.89
        2.96     0.999974     14086675     38550.59
        2.96     0.999976     14086675     40960.00
        2.98     0.999977     14086724     43690.67
        2.98     0.999979     14086724     46811.43
        2.99     0.999980     14086769     50412.31
        2.99     0.999982     14086769     54613.33
        3.01     0.999983     14086800     59578.18
        3.01     0.999985     14086800     65536.00
        3.02     0.999986     14086821     68985.26
        3.02     0.999986     14086821     72817.78
        3.04     0.999987     14086842     77101.18
        3.04     0.999988     14086842     81920.00
        3.07     0.999989     14086858     87381.33
        3.10     0.999989     14086862     93622.86
        3.76     0.999990     14086883    100824.62
        3.79     0.999991     14086896    109226.67
        3.79     0.999992     14086896    119156.36
        3.81     0.999992     14086909    131072.00
        3.89     0.999993     14086910    137970.53
       28.67     0.999993     14086925    145635.56
       28.67     0.999994     14086925    154202.35
       28.80     0.999994     14086957    163840.00
       28.80     0.999994     14086957    174762.67
       28.80     0.999995     14086957    187245.71
       28.80     0.999995     14086957    201649.23
       28.80     0.999995     14086957    218453.33
       28.80     0.999996     14086957    238312.73
       29.70     0.999996     14086959    262144.00
       32.64     0.999996     14087010    275941.05
       32.64     0.999997     14087010    291271.11
       32.64     0.999997     14087010    308404.71
       32.64     0.999997     14087010    327680.00
       32.64     0.999997     14087010    349525.33
       32.64     0.999997     14087010    374491.43
       32.64     0.999998     14087010    403298.46
       32.64     0.999998     14087010    436906.67
       32.64     0.999998     14087010    476625.45
       32.64     0.999998     14087010    524288.00
       32.64     0.999998     14087010    551882.11
       32.64     0.999998     14087010    582542.22
       32.64     0.999998     14087010    616809.41
       32.64     0.999998     14087010    655360.00
       32.64     0.999999     14087010    699050.67
       32.64     0.999999     14087010    748982.86
       32.64     0.999999     14087010    806596.92
       32.64     0.999999     14087010    873813.33
       32.64     0.999999     14087010    953250.91
       32.64     0.999999     14087010   1048576.00
       32.64     0.999999     14087010   1103764.21
       32.64     0.999999     14087010   1165084.44
       32.64     0.999999     14087010   1233618.82
       32.64     0.999999     14087010   1310720.00
       32.64     0.999999     14087010   1398101.33
       32.64     0.999999     14087010   1497965.71
       32.64     0.999999     14087010   1613193.85
       32.64     0.999999     14087010   1747626.67
       32.64     0.999999     14087010   1906501.82
       32.64     1.000000     14087010   2097152.00
       32.64     1.000000     14087010   2207528.42
       32.64     1.000000     14087010   2330168.89
       32.64     1.000000     14087010   2467237.65
       32.64     1.000000     14087010   2621440.00
       32.64     1.000000     14087010   2796202.67
       32.64     1.000000     14087010   2995931.43
       32.64     1.000000     14087010   3226387.69
       32.64     1.000000     14087010   3495253.33
       32.64     1.000000     14087010   3813003.64
       32.64     1.000000     14087010   4194304.00
       32.64     1.000000     14087010   4415056.84
       32.64     1.000000     14087010   4660337.78
       32.64     1.000000     14087010   4934475.29
       32.64     1.000000     14087010   5242880.00
       32.64     1.000000     14087010   5592405.33
       32.64     1.000000     14087010   5991862.86
       32.64     1.000000     14087010   6452775.39
       32.64     1.000000     14087010   6990506.67
       33.53     1.000000     14087011   7626007.28
       33.53     1.000000     14087011   8388608.00
       33.53     1.000000     14087011   8830113.68
       33.53     1.000000     14087011   9320675.55
       33.53     1.000000     14087011   9868950.59
       33.53     1.000000     14087011  10485760.00
       33.53     1.000000     14087011  11184810.67
       33.53     1.000000     14087011  11983725.71
       33.53     1.000000     14087011  12905550.76
       33.53     1.000000     14087011  13981013.34
       61.44     1.000000     14087012  15252014.55
       61.44     1.000000     14087012          inf
#[Mean    =        0.835, StdDeviation   =        0.229]
#[Max     =       61.439, Total count    =     14087012]
#[Buckets =           20, SubBuckets     =          256]
