latency|histogram
calls
1
histogram_usec
132
1
latency|latest
calls
2
histogram_usec
4
1
8
2
ping
calls
1
histogram_usec
16
1
get
calls
14090310
histogram_usec
1
10312436
2
13850871
4
14081655
8
14088968
16
14089959
33
14090291
66
14090305
132
14090307
264
14090308
528
14090310
info
calls
2
histogram_usec
264
2
dbsize
calls
1
histogram_usec
2
1
setex
calls
14090370
histogram_usec
1
5747593
2
11976276
4
13955442
8
14074718
16
14086522
33
14090047
66
14090354
132
14090366
264
14090367
528
14090368
2113
14090369
4227
14090370
