       Value   Percentile   TotalCount 1/(1-Percentile)

        0.02     0.000000          503         1.00
        0.34     0.050000       128718         1.05
        0.57     0.100000       260330         1.11
        0.66     0.150000       420482         1.18
        0.68     0.200000       606223         1.25
        0.69     0.250000       733030         1.33
        0.69     0.300000       881981         1.43
        0.70     0.350000      1057401         1.54
        0.70     0.400000      1057401         1.67
        0.71     0.450000      1262406         1.82
        0.72     0.500000      1514912         2.00
        0.72     0.525000      1514912         2.11
        0.72     0.550000      1514912         2.22
        0.72     0.575000      1514912         2.35
        0.73     0.600000      1808855         2.50
        0.73     0.625000      1808855         2.67
        0.73     0.650000      1808855         2.86
        0.73     0.675000      1808855         3.08
        0.73     0.700000      1808855         3.33
        0.73     0.725000      2077960         3.64
        0.73     0.750000      2077960         4.00
        0.73     0.762500      2077960         4.21
        0.73     0.775000      2077960         4.44
        0.73     0.787500      2077960         4.71
        0.73     0.800000      2077960         5.00
        0.74     0.812500      2255857         5.33
        0.74     0.825000      2255857         5.71
        0.74     0.837500      2255857         6.15
        0.74     0.850000      2255857         6.67
        0.74     0.862500      2255857         7.27
        0.74     0.875000      2255857         8.00
        0.75     0.881250      2351522         8.42
        0.75     0.887500      2351522         8.89
        0.75     0.893750      2351522         9.41
        0.75     0.900000      2351522        10.00
        0.75     0.906250      2351522        10.67
        0.75     0.912500      2351522        11.43
        0.76     0.918750      2392572        12.31
        0.76     0.925000      2392572        13.33
        0.76     0.931250      2392572        14.55
        0.77     0.937500      2409958        16.00
        0.78     0.940625      2419373        16.84
        0.78     0.943750      2426068        17.78
        0.79     0.946875      2431755        18.82
        0.80     0.950000      2436234        20.00
        0.81     0.953125      2443570        21.33
        0.84     0.956250      2454003        22.86
        0.85     0.959375      2460690        24.62
        0.89     0.962500      2468745        26.67
        0.92     0.965625      2476343        29.09
        0.95     0.968750      2485482        32.00
        0.97     0.970313      2489648        33.68
        0.98     0.971875      2493324        35.56
        1.00     0.973437      2496221        37.65
        1.05     0.975000      2499898        40.00
        1.18     0.976562      2503793        42.67
        1.29     0.978125      2507748        45.71
        1.33     0.979688      2512289        49.23
        1.35     0.981250      2517156        53.33
        1.37     0.982812      2520827        58.18
        1.38     0.984375      2524868        64.00
        1.39     0.985156      2527197        67.37
        1.40     0.985938      2529591        71.11
        1.41     0.986719      2532145        75.29
        1.41     0.987500      2532145        80.00
        1.42     0.988281      2534968        85.33
        1.42     0.989062      2538036        91.43
        1.42     0.989844      2538036        98.46
        1.43     0.990625      2541455       106.67
        1.44     0.991406      2545186       116.36
        1.44     0.992188      2545186       128.00
        1.44     0.992578      2545186       134.74
        1.45     0.992969      2549053       142.22
        1.45     0.993359      2549053       150.59
        1.45     0.993750      2549053       160.00
        1.45     0.994141      2549053       170.67
        1.46     0.994531      2552769       182.86
        1.46     0.994922      2552769       196.92
        1.46     0.995313      2552769       213.33
        1.46     0.995703      2552769       232.73
        1.46     0.996094      2556068       256.00
        1.46     0.996289      2556068       269.47
        1.46     0.996484      2556068       284.44
        1.46     0.996680      2556068       301.18
        1.46     0.996875      2556068       320.00
        1.47     0.997070      2558545       341.33
        1.47     0.997266      2558545       365.71
        1.47     0.997461      2558545       393.85
        1.47     0.997656      2558545       426.67
        1.47     0.997852      2558545       465.45
        1.48     0.998047      2560172       512.00
        1.48     0.998145      2560172       538.95
        1.48     0.998242      2560172       568.89
        1.48     0.998340      2560172       602.35
        1.48     0.998437      2560172       640.00
        1.48     0.998535      2560172       682.67
        1.49     0.998633      2561266       731.43
        1.49     0.998730      2561266       787.69
        1.49     0.998828      2561266       853.33
        1.49     0.998926      2561266       930.91
        1.49     0.999023      2561266      1024.00
        1.50     0.999072      2561882      1077.89
        1.50     0.999121      2561882      1137.78
        1.50     0.999170      2561882      1204.71
        1.50     0.999219      2561882      1280.00
        1.50     0.999268      2561882      1365.33
        1.50     0.999316      2562240      1462.86
        1.50     0.999365      2562240      1575.38
        1.50     0.999414      2562240      1706.67
        1.51     0.999463      2562498      1861.82
        1.51     0.999512      2562498      2048.00
        1.52     0.999536      2562670      2155.79
        1.52     0.999561      2562670      2275.56
        1.52     0.999585      2562670      2409.41
        1.53     0.999609      2562835      2560.00
        1.53     0.999634      2562835      2730.67
        1.53     0.999658      2562960      2925.71
        1.53     0.999683      2562960      3150.77
        1.54     0.999707      2563069      3413.33
        1.54     0.999731      2563069      3723.64
        1.55     0.999756      2563151      4096.00
        1.55     0.999768      2563151      4311.58
        1.56     0.999780      2563231      4551.11
        1.56     0.999792      2563231      4818.82
        1.56     0.999805      2563231      5120.00
        1.57     0.999817      2563301      5461.33
        1.57     0.999829      2563301      5851.43
        1.57     0.999841      2563379      6301.54
        1.57     0.999854      2563379      6826.67
        1.57     0.999866      2563379      7447.27
        1.58     0.999878      2563441      8192.00
        1.58     0.999884      2563441      8623.16
        1.58     0.999890      2563441      9102.22
        1.59     0.999896      2563481      9637.65
        1.59     0.999902      2563481     10240.00
        1.60     0.999908      2563510     10922.67
        1.60     0.999915      2563510     11702.86
        1.61     0.999921      2563523     12603.08
        1.61     0.999927      2563534     13653.33
        1.62     0.999933      2563547     14894.55
        1.65     0.999939      2563565     16384.00
        1.66     0.999942      2563571     17246.32
        1.67     0.999945      2563577     18204.44
        1.71     0.999948      2563584     19275.29
        1.75     0.999951      2563591     20480.00
        1.81     0.999954      2563600     21845.33
        1.88     0.999957      2563607     23405.71
        2.03     0.999960      2563615     25206.15
        2.10     0.999963      2563623     27306.67
        2.14     0.999966      2563631     29789.09
        2.30     0.999969      2563638     32768.00
        2.42     0.999971      2563642     34492.63
        2.54     0.999973      2563646     36408.89
        3.63     0.999974      2563657     38550.59
        3.63     0.999976      2563657     40960.00
        3.65     0.999977      2563660     43690.67
        3.66     0.999979      2563666     46811.43
        3.66     0.999980      2563666     50412.31
        4.35     0.999982      2563671     54613.33
        4.58     0.999983      2563673     59578.18
        6.40     0.999985      2563698     65536.00
        6.40     0.999986      2563698     68985.26
        6.40     0.999986      2563698     72817.78
        6.40     0.999987      2563698     77101.18
        6.40     0.999988      2563698     81920.00
        6.40     0.999989      2563698     87381.33
        6.40     0.999989      2563698     93622.86
        6.40     0.999990      2563698    100824.62
        6.40     0.999991      2563698    109226.67
        6.40     0.999992      2563698    119156.36
        6.40     0.999992      2563698    131072.00
        6.40     0.999993      2563698    137970.53
        6.43     0.999993      2563700    145635.56
        6.43     0.999994      2563700    154202.35
        6.46     0.999994      2563701    163840.00
        6.50     0.999994      2563708    174762.67
        6.50     0.999995      2563708    187245.71
        6.50     0.999995      2563708    201649.23
        6.50     0.999995      2563708    218453.33
        6.50     0.999996      2563708    238312.73
        6.50     0.999996      2563708    262144.00
        6.50     0.999996      2563708    275941.05
        6.50     0.999997      2563708    291271.11
        6.50     0.999997      2563708    308404.71
        6.53     0.999997      2563711    327680.00
        6.53     0.999997      2563711    349525.33
        6.53     0.999997      2563711    374491.43
        6.53     0.999998      2563711    403298.46
        6.53     0.999998      2563711    436906.67
        6.53     0.999998      2563711    476625.45
        6.56     0.999998      2563712    524288.00
        6.56     0.999998      2563712    551882.11
        6.56     0.999998      2563712    582542.22
        6.56     0.999998      2563712    616809.41
        6.59     0.999998      2563714    655360.00
        6.59     0.999999      2563714    699050.67
        6.59     0.999999      2563714    748982.86
        6.59     0.999999      2563714    806596.92
        6.59     0.999999      2563714    873813.33
        6.59     0.999999      2563714    953250.91
        6.59     0.999999      2563714   1048576.00
        6.59     0.999999      2563714   1103764.21
        6.59     0.999999      2563714   1165084.44
        6.59     0.999999      2563714   1233618.82
        6.62     0.999999      2563715   1310720.00
        6.62     0.999999      2563715   1398101.33
        6.62     0.999999      2563715   1497965.71
        6.62     0.999999      2563715   1613193.85
        6.62     0.999999      2563715   1747626.67
        6.62     0.999999      2563715   1906501.82
        6.62     1.000000      2563715   2097152.00
        6.62     1.000000      2563715   2207528.42
        6.62     1.000000      2563715   2330168.89
        6.62     1.000000      2563715   2467237.65
        7.10     1.000000      2563716   2621440.00
        7.10     1.000000      2563716          inf
#[Mean    =        0.693, StdDeviation   =        0.176]
#[Max     =        7.103, Total count    =      2563716]
#[Buckets =           20, SubBuckets     =          256]
