       Value   Percentile   TotalCount 1/(1-Percentile)

        0.02     0.000000        16715         1.00
        0.34     0.050000      1314076         1.05
        0.57     0.100000      2616464         1.11
        0.66     0.150000      3857864         1.18
        0.67     0.200000      5450331         1.25
        0.68     0.250000      6640419         1.33
        0.69     0.300000      8042833         1.43
        0.69     0.350000      9694329         1.54
        0.70     0.400000     11698344         1.67
        0.70     0.450000     11698344         1.82
        0.71     0.500000     14144343         2.00
        0.71     0.525000     14144343         2.11
        0.71     0.550000     14144343         2.22
        0.72     0.575000     17168832         2.35
        0.72     0.600000     17168832         2.50
        0.72     0.625000     17168832         2.67
        0.72     0.650000     17168832         2.86
        0.73     0.675000     20316139         3.08
        0.73     0.700000     20316139         3.33
        0.73     0.725000     20316139         3.64
        0.73     0.750000     20316139         4.00
        0.73     0.762500     20316139         4.21
        0.73     0.775000     20316139         4.44
        0.73     0.787500     20316139         4.71
        0.73     0.800000     22546775         5.00
        0.73     0.812500     22546775         5.33
        0.73     0.825000     22546775         5.71
        0.73     0.837500     22546775         6.15
        0.73     0.850000     22546775         6.67
        0.73     0.862500     22546775         7.27
        0.73     0.875000     22546775         8.00
        0.74     0.881250     23622844         8.42
        0.74     0.887500     23622844         8.89
        0.74     0.893750     23622844         9.41
        0.74     0.900000     23622844        10.00
        0.74     0.906250     23622844        10.67
        0.74     0.912500     23622844        11.43
        0.74     0.918750     23622844        12.31
        0.75     0.925000     24046364        13.33
        0.75     0.931250     24046364        14.55
        0.75     0.937500     24046364        16.00
        0.76     0.940625     24223527        16.84
        0.76     0.943750     24223527        17.78
        0.77     0.946875     24317930        18.82
        0.78     0.950000     24385099        20.00
        0.78     0.953125     24440963        21.33
        0.80     0.956250     24524671        22.86
        0.82     0.959375     24620348        24.62
        0.84     0.962500     24692263        26.67
        0.86     0.965625     24768972        29.09
        0.90     0.968750     24845849        32.00
        0.92     0.970313     24882351        33.68
        0.94     0.971875     24920237        35.56
        0.96     0.973437     24968730        37.65
        0.98     0.975000     25006810        40.00
        1.02     0.976562     25039202        42.67
        1.16     0.978125     25077708        45.71
        1.29     0.979688     25120919        49.23
        1.33     0.981250     25166206        53.33
        1.35     0.982812     25209918        58.18
        1.37     0.984375     25243412        64.00
        1.38     0.985156     25261947        67.37
        1.38     0.985938     25281694        71.11
        1.39     0.986719     25302655        75.29
        1.40     0.987500     25325094        80.00
        1.41     0.988281     25349261        85.33
        1.42     0.989062     25375795        91.43
        1.42     0.989844     25404521        98.46
        1.42     0.990625     25404521       106.67
        1.43     0.991406     25436139       116.36
        1.44     0.992188     25470530       128.00
        1.44     0.992578     25470530       134.74
        1.44     0.992969     25470530       142.22
        1.44     0.993359     25470530       150.59
        1.45     0.993750     25506138       160.00
        1.45     0.994141     25506138       170.67
        1.45     0.994531     25506138       182.86
        1.46     0.994922     25540226       196.92
        1.46     0.995313     25540226       213.33
        1.46     0.995703     25540226       232.73
        1.46     0.996094     25540226       256.00
        1.46     0.996289     25569358       269.47
        1.46     0.996484     25569358       284.44
        1.46     0.996680     25569358       301.18
        1.46     0.996875     25569358       320.00
        1.46     0.997070     25569358       341.33
        1.46     0.997266     25569358       365.71
        1.47     0.997461     25591695       393.85
        1.47     0.997656     25591695       426.67
        1.47     0.997852     25591695       465.45
        1.47     0.998047     25591695       512.00
        1.47     0.998145     25591695       538.95
        1.48     0.998242     25606644       568.89
        1.48     0.998340     25606644       602.35
        1.48     0.998437     25606644       640.00
        1.48     0.998535     25606644       682.67
        1.48     0.998633     25606644       731.43
        1.48     0.998730     25606644       787.69
        1.49     0.998828     25615877       853.33
        1.49     0.998926     25615877       930.91
        1.49     0.999023     25615877      1024.00
        1.49     0.999072     25615877      1077.89
        1.49     0.999121     25615877      1137.78
        1.49     0.999170     25615877      1204.71
        1.50     0.999219     25621366      1280.00
        1.50     0.999268     25621366      1365.33
        1.50     0.999316     25621366      1462.86
        1.50     0.999365     25621366      1575.38
        1.50     0.999414     25624693      1706.67
        1.50     0.999463     25624693      1861.82
        1.50     0.999512     25624693      2048.00
        1.51     0.999536     25626800      2155.79
        1.51     0.999561     25626800      2275.56
        1.51     0.999585     25626800      2409.41
        1.51     0.999609     25626800      2560.00
        1.52     0.999634     25628333      2730.67
        1.52     0.999658     25628333      2925.71
        1.53     0.999683     25629532      3150.77
        1.53     0.999707     25629532      3413.33
        1.53     0.999731     25630498      3723.64
        1.54     0.999756     25631373      4096.00
        1.54     0.999768     25631373      4311.58
        1.54     0.999780     25631373      4551.11
        1.55     0.999792     25632154      4818.82
        1.55     0.999805     25632154      5120.00
        1.55     0.999817     25632154      5461.33
        1.56     0.999829     25632795      5851.43
        1.56     0.999841     25632795      6301.54
        1.57     0.999854     25633434      6826.67
        1.57     0.999866     25633434      7447.27
        1.57     0.999878     25633997      8192.00
        1.57     0.999884     25633997      8623.16
        1.57     0.999890     25633997      9102.22
        1.58     0.999896     25634470      9637.65
        1.58     0.999902     25634470     10240.00
        1.58     0.999908     25634470     10922.67
        1.59     0.999915     25634781     11702.86
        1.59     0.999921     25634781     12603.08
        1.60     0.999927     25635018     13653.33
        1.61     0.999933     25635194     14894.55
        1.61     0.999939     25635301     16384.00
        1.61     0.999942     25635301     17246.32
        1.62     0.999945     25635377     18204.44
        1.64     0.999948     25635468     19275.29
        1.66     0.999951     25635526     20480.00
        1.68     0.999954     25635607     21845.33
        1.70     0.999957     25635716     23405.71
        1.73     0.999960     25635756     25206.15
        1.79     0.999963     25635843     27306.67
        1.86     0.999966     25635916     29789.09
        1.95     0.999969     25635990     32768.00
        2.00     0.999971     25636033     34492.63
        2.05     0.999973     25636076     36408.89
        2.10     0.999974     25636116     38550.59
        2.13     0.999976     25636147     40960.00
        2.17     0.999977     25636192     43690.67
        2.21     0.999979     25636227     46811.43
        2.25     0.999980     25636264     50412.31
        2.42     0.999982     25636303     54613.33
        3.47     0.999983     25636341     59578.18
        3.66     0.999985     25636384     65536.00
        3.69     0.999986     25636404     68985.26
        4.35     0.999986     25636488     72817.78
        4.35     0.999987     25636488     77101.18
        4.35     0.999988     25636488     81920.00
        4.35     0.999989     25636488     87381.33
        4.38     0.999989     25636507     93622.86
        4.54     0.999990     25636528    100824.62
        4.58     0.999991     25636604    109226.67
        4.58     0.999992     25636604    119156.36
        4.58     0.999992     25636604    131072.00
        4.58     0.999993     25636604    137970.53
        4.58     0.999993     25636604    145635.56
        5.05     0.999994     25636605    154202.35
        6.40     0.999994     25636661    163840.00
        6.40     0.999994     25636661    174762.67
        6.40     0.999995     25636661    187245.71
        6.40     0.999995     25636661    201649.23
        6.40     0.999995     25636661    218453.33
        6.46     0.999996     25636665    238312.73
        8.64     0.999996     25636674    262144.00
        8.70     0.999996     25636767    275941.05
        8.70     0.999997     25636767    291271.11
        8.70     0.999997     25636767    308404.71
        8.70     0.999997     25636767    327680.00
        8.70     0.999997     25636767    349525.33
        8.70     0.999997     25636767    374491.43
        8.70     0.999998     25636767    403298.46
        8.70     0.999998     25636767    436906.67
        8.70     0.999998     25636767    476625.45
        8.70     0.999998     25636767    524288.00
        8.70     0.999998     25636767    551882.11
        8.70     0.999998     25636767    582542.22
        8.70     0.999998     25636767    616809.41
        8.70     0.999998     25636767    655360.00
        8.70     0.999999     25636767    699050.67
        8.70     0.999999     25636767    748982.86
        8.70     0.999999     25636767    806596.92
        8.70     0.999999     25636767    873813.33
        8.70     0.999999     25636767    953250.91
        8.70     0.999999     25636767   1048576.00
        8.70     0.999999     25636767   1103764.21
        8.70     0.999999     25636767   1165084.44
        8.70     0.999999     25636767   1233618.82
        8.70     0.999999     25636767   1310720.00
        8.70     0.999999     25636767   1398101.33
        8.70     0.999999     25636767   1497965.71
        8.70     0.999999     25636767   1613193.85
        8.70     0.999999     25636767   1747626.67
        8.70     0.999999     25636767   1906501.82
        8.70     1.000000     25636767   2097152.00
        8.70     1.000000     25636767   2207528.42
        8.70     1.000000     25636767   2330168.89
        8.70     1.000000     25636767   2467237.65
        8.70     1.000000     25636767   2621440.00
        8.70     1.000000     25636767   2796202.67
        8.70     1.000000     25636767   2995931.43
        8.70     1.000000     25636767   3226387.69
        8.70     1.000000     25636767   3495253.33
        8.70     1.000000     25636767   3813003.64
        8.70     1.000000     25636767   4194304.00
        8.70     1.000000     25636767   4415056.84
        8.70     1.000000     25636767   4660337.78
        8.70     1.000000     25636767   4934475.29
        8.70     1.000000     25636767   5242880.00
        8.70     1.000000     25636767   5592405.33
        8.70     1.000000     25636767   5991862.86
        9.41     1.000000     25636771   6452775.39
        9.41     1.000000     25636771          inf
#[Mean    =        0.685, StdDeviation   =        0.173]
#[Max     =        9.407, Total count    =     25636771]
#[Buckets =           20, SubBuckets     =          256]
