       Value   Percentile   TotalCount 1/(1-Percentile)

        0.02     0.000000        16779         1.00
        0.34     0.050000      1429423         1.05
        0.57     0.100000      2845732         1.11
        0.66     0.150000      4319324         1.18
        0.68     0.200000      5997698         1.25
        0.69     0.250000      7177113         1.33
        0.69     0.300000      8547863         1.43
        0.70     0.350000     10155809         1.54
        0.71     0.400000     12075490         1.67
        0.72     0.450000     14389197         1.82
        0.72     0.500000     14389197         2.00
        0.73     0.525000     17274347         2.11
        0.73     0.550000     17274347         2.22
        0.73     0.575000     17274347         2.35
        0.73     0.600000     17274347         2.50
        0.73     0.625000     20692595         2.67
        0.73     0.650000     20692595         2.86
        0.73     0.675000     20692595         3.08
        0.73     0.700000     20692595         3.33
        0.73     0.725000     20692595         3.64
        0.74     0.750000     23512962         4.00
        0.74     0.762500     23512962         4.21
        0.74     0.775000     23512962         4.44
        0.74     0.787500     23512962         4.71
        0.74     0.800000     23512962         5.00
        0.74     0.812500     23512962         5.33
        0.74     0.825000     23512962         5.71
        0.75     0.837500     25165905         6.15
        0.75     0.850000     25165905         6.67
        0.75     0.862500     25165905         7.27
        0.75     0.875000     25165905         8.00
        0.75     0.881250     25165905         8.42
        0.75     0.887500     25165905         8.89
        0.76     0.893750     25996448         9.41
        0.76     0.900000     25996448        10.00
        0.76     0.906250     25996448        10.67
        0.76     0.912500     25996448        11.43
        0.76     0.918750     25996448        12.31
        0.77     0.925000     26391824        13.33
        0.77     0.931250     26391824        14.55
        0.78     0.937500     26588793        16.00
        0.78     0.940625     26588793        16.84
        0.78     0.943750     26701469        17.78
        0.79     0.946875     26781323        18.82
        0.80     0.950000     26843441        20.00
        0.81     0.953125     26893651        21.33
        0.82     0.956250     26974118        22.86
        0.85     0.959375     27091640        24.62
        0.86     0.962500     27168983        26.67
        0.89     0.965625     27238443        29.09
        0.92     0.968750     27322331        32.00
        0.94     0.970313     27369744        33.68
        0.95     0.971875     27415252        35.56
        0.97     0.973437     27455046        37.65
        0.99     0.975000     27502106        40.00
        1.03     0.976562     27545841        42.67
        1.14     0.978125     27585302        45.71
        1.27     0.979688     27628506        49.23
        1.33     0.981250     27672339        53.33
        1.36     0.982812     27726462        58.18
        1.38     0.984375     27775098        64.00
        1.39     0.985156     27792384        67.37
        1.40     0.985938     27810817        71.11
        1.41     0.986719     27830586        75.29
        1.42     0.987500     27851989        80.00
        1.42     0.988281     27875147        85.33
        1.43     0.989062     27899936        91.43
        1.44     0.989844     27927037        98.46
        1.45     0.990625     27956180       106.67
        1.46     0.991406     27988916       116.36
        1.46     0.992188     27988916       128.00
        1.46     0.992578     28024964       134.74
        1.46     0.992969     28024964       142.22
        1.46     0.993359     28024964       150.59
        1.46     0.993750     28024964       160.00
        1.47     0.994141     28062045       170.67
        1.47     0.994531     28062045       182.86
        1.47     0.994922     28062045       196.92
        1.48     0.995313     28097036       213.33
        1.48     0.995703     28097036       232.73
        1.48     0.996094     28097036       256.00
        1.48     0.996289     28097036       269.47
        1.49     0.996484     28126326       284.44
        1.49     0.996680     28126326       301.18
        1.49     0.996875     28126326       320.00
        1.49     0.997070     28126326       341.33
        1.49     0.997266     28126326       365.71
        1.50     0.997461     28148424       393.85
        1.50     0.997656     28148424       426.67
        1.50     0.997852     28148424       465.45
        1.50     0.998047     28148424       512.00
        1.50     0.998145     28163848       538.95
        1.50     0.998242     28163848       568.89
        1.50     0.998340     28163848       602.35
        1.50     0.998437     28163848       640.00
        1.50     0.998535     28163848       682.67
        1.50     0.998633     28163848       731.43
        1.51     0.998730     28173952       787.69
        1.51     0.998828     28173952       853.33
        1.51     0.998926     28173952       930.91
        1.51     0.999023     28173952      1024.00
        1.52     0.999072     28180451      1077.89
        1.52     0.999121     28180451      1137.78
        1.52     0.999170     28180451      1204.71
        1.52     0.999219     28180451      1280.00
        1.52     0.999268     28180451      1365.33
        1.53     0.999316     28184606      1462.86
        1.53     0.999365     28184606      1575.38
        1.53     0.999414     28184606      1706.67
        1.53     0.999463     28187383      1861.82
        1.53     0.999512     28187383      2048.00
        1.54     0.999536     28189433      2155.79
        1.54     0.999561     28189433      2275.56
        1.54     0.999585     28189433      2409.41
        1.55     0.999609     28191025      2560.00
        1.55     0.999634     28191025      2730.67
        1.56     0.999658     28192197      2925.71
        1.56     0.999683     28192197      3150.77
        1.57     0.999707     28193227      3413.33
        1.57     0.999731     28194190      3723.64
        1.57     0.999756     28194190      4096.00
        1.58     0.999768     28195109      4311.58
        1.58     0.999780     28195109      4551.11
        1.59     0.999792     28195912      4818.82
        1.59     0.999805     28195912      5120.00
        1.59     0.999817     28195912      5461.33
        1.60     0.999829     28196672      5851.43
        1.60     0.999841     28196672      6301.54
        1.61     0.999854     28197325      6826.67
        1.61     0.999866     28197325      7447.27
        1.61     0.999878     28197807      8192.00
        1.61     0.999884     28197807      8623.16
        1.62     0.999890     28198176      9102.22
        1.62     0.999896     28198176      9637.65
        1.63     0.999902     28198462     10240.00
        1.63     0.999908     28198462     10922.67
        1.64     0.999915     28198689     11702.86
        1.65     0.999921     28198841     12603.08
        1.66     0.999927     28198954     13653.33
        1.67     0.999933     28199134     14894.55
        1.70     0.999939     28199307     16384.00
        1.71     0.999942     28199416     17246.32
        1.72     0.999945     28199459     18204.44
        1.74     0.999948     28199543     19275.29
        1.75     0.999951     28199612     20480.00
        1.77     0.999954     28199713     21845.33
        1.80     0.999957     28199785     23405.71
        1.83     0.999960     28199877     25206.15
        1.87     0.999963     28199966     27306.67
        1.91     0.999966     28200047     29789.09
        1.96     0.999969     28200135     32768.00
        1.99     0.999971     28200178     34492.63
        2.02     0.999973     28200221     36408.89
        2.06     0.999974     28200268     38550.59
        2.10     0.999976     28200304     40960.00
        2.13     0.999977     28200344     43690.67
        2.16     0.999979     28200388     46811.43
        2.19     0.999980     28200439     50412.31
        2.22     0.999982     28200480     54613.33
        2.24     0.999983     28200516     59578.18
        2.29     0.999985     28200581     65536.00
        2.29     0.999986     28200581     68985.26
        2.32     0.999986     28200619     72817.78
        2.33     0.999987     28200627     77101.18
        2.38     0.999988     28200646     81920.00
        2.48     0.999989     28200669     87381.33
        2.59     0.999989     28200692     93622.86
        2.64     0.999990     28200712    100824.62
        2.73     0.999991     28200732    109226.67
        2.86     0.999992     28200753    119156.36
        3.07     0.999992     28200774    131072.00
        3.21     0.999993     28200785    137970.53
        5.12     0.999993     28200882    145635.56
        5.12     0.999994     28200882    154202.35
        5.12     0.999994     28200882    163840.00
        5.12     0.999994     28200882    174762.67
        5.12     0.999995     28200882    187245.71
        5.12     0.999995     28200882    201649.23
        5.12     0.999995     28200882    218453.33
        5.12     0.999996     28200882    238312.73
        5.12     0.999996     28200882    262144.00
        5.82     0.999996     28200887    275941.05
        7.10     0.999997     28200916    291271.11
        7.10     0.999997     28200916    308404.71
        7.10     0.999997     28200916    327680.00
        7.10     0.999997     28200916    349525.33
        7.10     0.999997     28200916    374491.43
        7.13     0.999998     28200985    403298.46
        7.13     0.999998     28200985    436906.67
        7.13     0.999998     28200985    476625.45
        7.13     0.999998     28200985    524288.00
        7.13     0.999998     28200985    551882.11
        7.13     0.999998     28200985    582542.22
        7.13     0.999998     28200985    616809.41
        7.13     0.999998     28200985    655360.00
        7.13     0.999999     28200985    699050.67
        7.13     0.999999     28200985    748982.86
        7.13     0.999999     28200985    806596.92
        7.13     0.999999     28200985    873813.33
        7.13     0.999999     28200985    953250.91
        7.13     0.999999     28200985   1048576.00
        7.13     0.999999     28200985   1103764.21
        7.13     0.999999     28200985   1165084.44
        7.13     0.999999     28200985   1233618.82
        7.13     0.999999     28200985   1310720.00
        7.13     0.999999     28200985   1398101.33
        7.13     0.999999     28200985   1497965.71
        7.13     0.999999     28200985   1613193.85
        7.13     0.999999     28200985   1747626.67
        7.13     0.999999     28200985   1906501.82
        7.13     1.000000     28200985   2097152.00
        7.13     1.000000     28200985   2207528.42
        7.13     1.000000     28200985   2330168.89
        7.13     1.000000     28200985   2467237.65
        7.13     1.000000     28200985   2621440.00
        7.13     1.000000     28200985   2796202.67
        7.13     1.000000     28200985   2995931.43
        7.13     1.000000     28200985   3226387.69
        7.13     1.000000     28200985   3495253.33
        7.13     1.000000     28200985   3813003.64
        7.13     1.000000     28200985   4194304.00
        7.13     1.000000     28200985   4415056.84
        7.13     1.000000     28200985   4660337.78
        7.13     1.000000     28200985   4934475.29
        7.13     1.000000     28200985   5242880.00
        7.13     1.000000     28200985   5592405.33
        7.13     1.000000     28200985   5991862.86
        7.13     1.000000     28200985   6452775.39
        7.13     1.000000     28200985   6990506.67
        7.84     1.000000     28200988   7626007.28
        7.84     1.000000     28200988   8388608.00
        7.84     1.000000     28200988   8830113.68
        7.84     1.000000     28200988   9320675.55
        7.84     1.000000     28200988   9868950.59
        7.84     1.000000     28200988  10485760.00
        7.84     1.000000     28200988  11184810.67
        7.84     1.000000     28200988  11983725.71
        7.84     1.000000     28200988  12905550.76
        7.84     1.000000     28200988  13981013.34
        7.84     1.000000     28200988  15252014.55
        7.84     1.000000     28200988  16777216.00
        7.84     1.000000     28200988  17660227.38
        7.84     1.000000     28200988  18641351.10
        7.84     1.000000     28200988  19737901.19
        7.84     1.000000     28200988  20971519.98
        7.84     1.000000     28200988  22369621.33
        7.84     1.000000     28200988  23967451.45
        7.84     1.000000     28200988  25811101.52
        7.84     1.000000     28200988  27962026.68
        7.87     1.000000     28200989  30504029.05
        7.87     1.000000     28200989          inf
#[Mean    =        0.696, StdDeviation   =        0.175]
#[Max     =        7.871, Total count    =     28200989]
#[Buckets =           20, SubBuckets     =          256]
