       Value   Percentile   TotalCount 1/(1-Percentile)

        0.10     0.000000            1         1.00
        0.69     0.050000      1546928         1.05
        0.69     0.100000      4371362         1.11
        0.69     0.150000      4371362         1.18
        0.70     0.200000      9809317         1.25
        0.70     0.250000      9809317         1.33
        0.70     0.300000      9809317         1.43
        0.70     0.350000      9809317         1.54
        0.70     0.400000      9809317         1.67
        0.71     0.450000     15711046         1.82
        0.71     0.500000     15711046         2.00
        0.71     0.525000     15711046         2.11
        0.71     0.550000     15711046         2.22
        0.71     0.575000     15711046         2.35
        0.71     0.600000     15711046         2.50
        0.71     0.625000     15711046         2.67
        0.71     0.650000     15711046         2.86
        0.71     0.675000     15711046         3.08
        0.72     0.700000     19221326         3.33
        0.72     0.725000     19221326         3.64
        0.72     0.750000     19221326         4.00
        0.72     0.762500     19221326         4.21
        0.72     0.775000     19221326         4.44
        0.72     0.787500     19221326         4.71
        0.72     0.800000     19221326         5.00
        0.72     0.812500     19221326         5.33
        0.72     0.825000     19221326         5.71
        0.72     0.837500     19221326         6.15
        0.72     0.850000     19221326         6.67
        0.73     0.862500     20671773         7.27
        0.73     0.875000     20671773         8.00
        0.73     0.881250     20671773         8.42
        0.73     0.887500     20671773         8.89
        0.73     0.893750     20671773         9.41
        0.73     0.900000     20671773        10.00
        0.73     0.906250     20671773        10.67
        0.73     0.912500     20671773        11.43
        0.73     0.918750     21182611        12.31
        0.73     0.925000     21182611        13.33
        0.73     0.931250     21182611        14.55
        0.73     0.937500     21182611        16.00
        0.74     0.940625     21392582        16.84
        0.74     0.943750     21392582        17.78
        0.74     0.946875     21392582        18.82
        0.75     0.950000     21504864        20.00
        0.76     0.953125     21579919        21.33
        0.77     0.956250     21634752        22.86
        0.78     0.959375     21674254        24.62
        0.80     0.962500     21731753        26.67
        0.82     0.965625     21806156        29.09
        0.84     0.968750     21882477        32.00
        0.85     0.970313     21899332        33.68
        0.90     0.971875     21934851        35.56
        0.96     0.973437     21979355        37.65
        0.98     0.975000     22007998        40.00
        1.31     0.976562     22040721        42.67
        1.38     0.978125     22089078        45.71
        1.38     0.979688     22119450        49.23
        1.39     0.981250     22163532        53.33
        1.40     0.982812     22222901        58.18
        1.40     0.984375     22222901        64.00
        1.41     0.985156     22293826        67.37
        1.41     0.985938     22293826        71.11
        1.41     0.986719     22293826        75.29
        1.41     0.987500     22293826        80.00
        1.42     0.988281     22367020        85.33
        1.42     0.989062     22367020        91.43
        1.42     0.989844     22367020        98.46
        1.42     0.990625     22367020       106.67
        1.42     0.991406     22431026       116.36
        1.42     0.992188     22431026       128.00
        1.42     0.992578     22431026       134.74
        1.42     0.992969     22431026       142.22
        1.42     0.993359     22431026       150.59
        1.42     0.993750     22431026       160.00
        1.43     0.994141     22479123       170.67
        1.43     0.994531     22479123       182.86
        1.43     0.994922     22479123       196.92
        1.43     0.995313     22479123       213.33
        1.43     0.995703     22479123       232.73
        1.44     0.996094     22510578       256.00
        1.44     0.996289     22510578       269.47
        1.44     0.996484     22510578       284.44
        1.44     0.996680     22510578       301.18
        1.44     0.996875     22510578       320.00
        1.44     0.997070     22510578       341.33
        1.44     0.997266     22510578       365.71
        1.45     0.997461     22529541       393.85
        1.45     0.997656     22529541       426.67
        1.45     0.997852     22529541       465.45
        1.45     0.998047     22529541       512.00
        1.45     0.998145     22529541       538.95
        1.45     0.998242     22529541       568.89
        1.46     0.998340     22540417       602.35
        1.46     0.998437     22540417       640.00
        1.46     0.998535     22540417       682.67
        1.46     0.998633     22540417       731.43
        1.46     0.998730     22540417       787.69
        1.46     0.998828     22546551       853.33
        1.46     0.998926     22546551       930.91
        1.47     0.999023     22550388      1024.00
        1.47     0.999072     22550388      1077.89
        1.47     0.999121     22550388      1137.78
        1.47     0.999170     22550388      1204.71
        1.48     0.999219     22553047      1280.00
        1.48     0.999268     22553047      1365.33
        1.49     0.999316     22555121      1462.86
        1.49     0.999365     22555121      1575.38
        1.50     0.999414     22556708      1706.67
        1.50     0.999463     22558050      1861.82
        1.50     0.999512     22558050      2048.00
        1.51     0.999536     22559214      2155.79
        1.51     0.999561     22559214      2275.56
        1.52     0.999585     22560300      2409.41
        1.52     0.999609     22560300      2560.00
        1.53     0.999634     22561428      2730.67
        1.53     0.999658     22561428      2925.71
        1.53     0.999683     22562621      3150.77
        1.53     0.999707     22562621      3413.33
        1.54     0.999731     22563775      3723.64
        1.54     0.999756     22563775      4096.00
        1.54     0.999768     22563775      4311.58
        1.55     0.999780     22564720      4551.11
        1.55     0.999792     22564720      4818.82
        1.55     0.999805     22564720      5120.00
        1.56     0.999817     22565430      5461.33
        1.56     0.999829     22565430      5851.43
        1.56     0.999841     22565430      6301.54
        1.57     0.999854     22565957      6826.67
        1.57     0.999866     22565957      7447.27
        1.57     0.999878     22566307      8192.00
        1.58     0.999884     22566535      8623.16
        1.58     0.999890     22566535      9102.22
        1.59     0.999896     22566751      9637.65
        1.59     0.999902     22566751     10240.00
        1.60     0.999908     22566887     10922.67
        1.61     0.999915     22567074     11702.86
        1.62     0.999921     22567154     12603.08
        1.65     0.999927     22567299     13653.33
        1.69     0.999933     22567455     14894.55
        1.73     0.999939     22567571     16384.00
        1.75     0.999942     22567643     17246.32
        1.78     0.999945     22567717     18204.44
        1.81     0.999948     22567778     19275.29
        1.85     0.999951     22567851     20480.00
        1.89     0.999954     22567913     21845.33
        1.92     0.999957     22568018     23405.71
        1.93     0.999960     22568077     25206.15
        1.94     0.999963     22568143     27306.67
        1.96     0.999966     22568192     29789.09
        2.03     0.999969     22568261     32768.00
        2.06     0.999971     22568299     34492.63
        2.08     0.999973     22568351     36408.89
        2.10     0.999974     22568378     38550.59
        2.11     0.999976     22568428     40960.00
        2.11     0.999977     22568428     43690.67
        2.13     0.999979     22568460     46811.43
        2.16     0.999980     22568501     50412.31
        2.19     0.999982     22568545     54613.33
        2.22     0.999983     22568569     59578.18
        2.30     0.999985     22568596     65536.00
        2.35     0.999986     22568617     68985.26
        2.42     0.999986     22568632     72817.78
        2.51     0.999987     22568650     77101.18
        2.61     0.999988     22568665     81920.00
        2.70     0.999989     22568682     87381.33
        2.81     0.999989     22568699     93622.86
        2.91     0.999990     22568717    100824.62
        2.99     0.999991     22568734    109226.67
        3.21     0.999992     22568751    119156.36
        3.68     0.999992     22568769    131072.00
        3.74     0.999993     22568777    137970.53
        3.79     0.999993     22568789    145635.56
        3.85     0.999994     22568797    154202.35
        3.87     0.999994     22568803    163840.00
        3.90     0.999994     22568811    174762.67
        3.94     0.999995     22568820    187245.71
        4.19     0.999995     22568829    201649.23
        4.70     0.999995     22568837    218453.33
        4.80     0.999996     22568848    238312.73
        4.86     0.999996     22568854    262144.00
        6.08     0.999996     22568861    275941.05
        6.11     0.999997     22568863    291271.11
        6.24     0.999997     22568867    308404.71
        6.30     0.999997     22568872    327680.00
        6.37     0.999997     22568877    349525.33
        7.46     0.999997     22568891    374491.43
        7.46     0.999998     22568891    403298.46
        7.46     0.999998     22568891    436906.67
        7.49     0.999998     22568899    476625.45
        7.49     0.999998     22568899    524288.00
        7.74     0.999998     22568902    551882.11
        7.74     0.999998     22568902    582542.22
        7.78     0.999998     22568906    616809.41
        7.78     0.999998     22568906    655360.00
        7.81     0.999999     22568916    699050.67
        7.81     0.999999     22568916    748982.86
        7.81     0.999999     22568916    806596.92
        7.81     0.999999     22568916    873813.33
        7.84     0.999999     22568917    953250.91
        7.87     0.999999     22568919   1048576.00
        7.90     0.999999     22568924   1103764.21
        7.90     0.999999     22568924   1165084.44
        7.90     0.999999     22568924   1233618.82
        7.90     0.999999     22568924   1310720.00
        7.90     0.999999     22568924   1398101.33
        7.93     0.999999     22568925   1497965.71
        8.03     0.999999     22568927   1613193.85
        8.06     0.999999     22568930   1747626.67
        8.06     0.999999     22568930   1906501.82
        8.06     1.000000     22568930   2097152.00
        8.06     1.000000     22568930   2207528.42
        8.10     1.000000     22568933   2330168.89
        8.10     1.000000     22568933   2467237.65
        8.10     1.000000     22568933   2621440.00
        8.10     1.000000     22568933   2796202.67
        8.10     1.000000     22568933   2995931.43
        8.13     1.000000     22568935   3226387.69
        8.13     1.000000     22568935   3495253.33
        8.13     1.000000     22568935   3813003.64
        8.13     1.000000     22568935   4194304.00
        8.13     1.000000     22568935   4415056.84
        8.16     1.000000     22568938   4660337.78
        8.16     1.000000     22568938   4934475.29
        8.16     1.000000     22568938   5242880.00
        8.16     1.000000     22568938   5592405.33
        8.16     1.000000     22568938   5991862.86
        8.16     1.000000     22568938   6452775.39
        8.16     1.000000     22568938   6990506.67
        8.16     1.000000     22568938   7626007.28
        8.16     1.000000     22568938   8388608.00
        8.16     1.000000     22568938   8830113.68
        8.16     1.000000     22568938   9320675.55
        8.16     1.000000     22568938   9868950.59
        8.16     1.000000     22568938  10485760.00
        8.16     1.000000     22568938  11184810.67
        8.45     1.000000     22568940  11983725.71
        8.45     1.000000     22568940          inf
#[Mean    =        0.725, StdDeviation   =        0.112]
#[Max     =        8.447, Total count    =     22568940]
#[Buckets =           20, SubBuckets     =          256]
