info
calls
2
histogram_usec
264
2
latency|latest
calls
2
histogram_usec
4
1
8
2
latency|histogram
calls
1
histogram_usec
132
1
dbsize
calls
1
histogram_usec
1
1
ping
calls
1
histogram_usec
16
1
setex
calls
14082713
histogram_usec
1
5192525
2
11622946
4
13919925
8
14065377
16
14078479
33
14082337
66
14082690
132
14082703
264
14082706
528
14082709
1056
14082711
2113
14082712
8454
14082713
get
calls
14082669
histogram_usec
1
9861785
2
13780533
4
14072364
8
14081107
16
14082313
33
14082651
66
14082666
132
14082668
528
14082669
