       Value   Percentile   TotalCount 1/(1-Percentile)

        0.33     0.000000            1         1.00
        1.88     0.050000      3006245         1.05
        1.92     0.100000      6344854         1.11
        1.94     0.150000      9121492         1.18
        1.96     0.200000     11225196         1.25
        1.98     0.250000     14605211         1.33
        2.00     0.300000     16902274         1.43
        2.02     0.350000     20209633         1.54
        2.05     0.400000     23158404         1.67
        2.08     0.450000     26328264         1.82
        2.11     0.500000     28565228         2.00
        2.13     0.525000     29372986         2.11
        2.17     0.550000     30899626         2.22
        2.61     0.575000     32134765         2.35
        3.01     0.600000     33626597         2.50
        3.09     0.625000     35104135         2.67
        3.13     0.650000     36368004         2.86
        3.18     0.675000     37928115         3.08
        3.21     0.700000     39121321         3.33
        3.26     0.725000     41096574         3.64
        3.29     0.750000     42478119         4.00
        3.31     0.762500     43166943         4.21
        3.33     0.775000     43845867         4.44
        3.34     0.787500     44501869         4.71
        3.36     0.800000     45130365         5.00
        3.38     0.812500     45724996         5.33
        3.39     0.825000     46285485         5.71
        3.41     0.837500     46806804         6.15
        3.44     0.850000     47730477         6.67
        3.47     0.862500     48545202         7.27
        3.49     0.875000     48928422         8.00
        3.50     0.881250     49311759         8.42
        3.52     0.887500     49693101         8.89
        3.54     0.893750     50085602         9.41
        3.55     0.900000     50488127        10.00
        3.57     0.906250     50902598        10.67
        3.58     0.912500     51326480        11.43
        3.60     0.918750     51746663        12.31
        3.60     0.925000     51746663        13.33
        3.62     0.931250     52164136        14.55
        3.63     0.937500     52565145        16.00
        3.63     0.940625     52565145        16.84
        3.65     0.943750     52941663        17.78
        3.65     0.946875     52941663        18.82
        3.66     0.950000     53297265        20.00
        3.66     0.953125     53297265        21.33
        3.68     0.956250     53622146        22.86
        3.68     0.959375     53622146        24.62
        3.69     0.962500     53910045        26.67
        3.71     0.965625     54166416        29.09
        3.71     0.968750     54166416        32.00
        3.73     0.970313     54387744        33.68
        3.73     0.971875     54387744        35.56
        3.74     0.973437     54580393        37.65
        3.74     0.975000     54580393        40.00
        3.74     0.976562     54580393        42.67
        3.76     0.978125     54745382        45.71
        3.77     0.979688     54884564        49.23
        3.77     0.981250     54884564        53.33
        3.79     0.982812     55005391        58.18
        3.81     0.984375     55110258        64.00
        3.81     0.985156     55110258        67.37
        3.81     0.985938     55110258        71.11
        3.82     0.986719     55199919        75.29
        3.82     0.987500     55199919        80.00
        3.84     0.988281     55278748        85.33
        3.84     0.989062     55278748        91.43
        3.85     0.989844     55350413        98.46
        3.87     0.990625     55414471       106.67
        3.87     0.991406     55414471       116.36
        3.89     0.992188     55473161       128.00
        3.89     0.992578     55473161       134.74
        3.90     0.992969     55525991       142.22
        3.90     0.993359     55525991       150.59
        3.92     0.993750     55574334       160.00
        3.92     0.994141     55574334       170.67
        3.94     0.994531     55617385       182.86
        3.94     0.994922     55617385       196.92
        3.95     0.995313     55655740       213.33
        3.95     0.995703     55655740       232.73
        3.97     0.996094     55690024       256.00
        3.97     0.996289     55690024       269.47
        3.97     0.996484     55690024       284.44
        3.98     0.996680     55719435       301.18
        3.98     0.996875     55719435       320.00
        3.98     0.997070     55719435       341.33
        4.00     0.997266     55744764       365.71
        4.00     0.997461     55744764       393.85
        4.01     0.997656     55765958       426.67
        4.01     0.997852     55765958       465.45
        4.03     0.998047     55784127       512.00
        4.03     0.998145     55784127       538.95
        4.03     0.998242     55784127       568.89
        4.05     0.998340     55799422       602.35
        4.05     0.998437     55799422       640.00
        4.06     0.998535     55812111       682.67
        4.06     0.998633     55812111       731.43
        4.06     0.998730     55812111       787.69
        4.08     0.998828     55822422       853.33
        4.08     0.998926     55822422       930.91
        4.09     0.999023     55831021      1024.00
        4.09     0.999072     55831021      1077.89
        4.13     0.999121     55843642      1137.78
        4.13     0.999170     55843642      1204.71
        4.13     0.999219     55843642      1280.00
        4.13     0.999268     55843642      1365.33
        4.16     0.999316     55852016      1462.86
        4.16     0.999365     55852016      1575.38
        4.16     0.999414     55852016      1706.67
        4.19     0.999463     55857735      1861.82
        4.19     0.999512     55857735      2048.00
        4.19     0.999536     55857735      2155.79
        4.22     0.999561     55861765      2275.56
        4.22     0.999585     55861765      2409.41
        4.22     0.999609     55861765      2560.00
        4.25     0.999634     55864521      2730.67
        4.25     0.999658     55864521      2925.71
        4.29     0.999683     55866703      3150.77
        4.29     0.999707     55866703      3413.33
        4.32     0.999731     55868606      3723.64
        4.35     0.999756     55870067      4096.00
        4.35     0.999768     55870067      4311.58
        4.35     0.999780     55870067      4551.11
        4.38     0.999792     55871386      4818.82
        4.42     0.999805     55872535      5120.00
        4.42     0.999817     55872535      5461.33
        4.45     0.999829     55873529      5851.43
        4.45     0.999841     55873529      6301.54
        4.48     0.999854     55874503      6826.67
        4.51     0.999866     55875364      7447.27
        4.54     0.999878     55876108      8192.00
        4.54     0.999884     55876108      8623.16
        4.58     0.999890     55876852      9102.22
        4.58     0.999896     55876852      9637.65
        4.58     0.999902     55876852     10240.00
        4.61     0.999908     55877398     10922.67
        4.64     0.999915     55877893     11702.86
        4.64     0.999921     55877893     12603.08
        4.67     0.999927     55878382     13653.33
        4.70     0.999933     55878846     14894.55
        4.74     0.999939     55879328     16384.00
        4.74     0.999942     55879328     17246.32
        4.74     0.999945     55879328     18204.44
        4.77     0.999948     55879689     19275.29
        4.77     0.999951     55879689     20480.00
        4.80     0.999954     55880082     21845.33
        4.80     0.999957     55880082     23405.71
        4.83     0.999960     55880367     25206.15
        4.83     0.999963     55880367     27306.67
        4.86     0.999966     55880616     29789.09
        4.86     0.999969     55880616     32768.00
        4.89     0.999971     55880774     34492.63
        4.89     0.999973     55880774     36408.89
        4.93     0.999974     55880970     38550.59
        4.93     0.999976     55880970     40960.00
        4.96     0.999977     55881138     43690.67
        4.96     0.999979     55881138     46811.43
        4.99     0.999980     55881315     50412.31
        4.99     0.999982     55881315     54613.33
        5.02     0.999983     55881474     59578.18
        5.02     0.999985     55881474     65536.00
        5.05     0.999986     55881552     68985.26
        5.05     0.999986     55881552     72817.78
        5.09     0.999987     55881685     77101.18
        5.09     0.999988     55881685     81920.00
        5.09     0.999989     55881685     87381.33
        5.12     0.999989     55881793     93622.86
        5.12     0.999990     55881793    100824.62
        5.12     0.999991     55881793    109226.67
        5.15     0.999992     55881867    119156.36
        5.18     0.999992     55881963    131072.00
        5.18     0.999993     55881963    137970.53
        5.18     0.999993     55881963    145635.56
        5.18     0.999994     55881963    154202.35
        5.18     0.999994     55881963    163840.00
        5.21     0.999994     55882016    174762.67
        5.21     0.999995     55882016    187245.71
        5.25     0.999995     55882048    201649.23
        5.28     0.999995     55882077    218453.33
        5.28     0.999996     55882077    238312.73
        5.31     0.999996     55882109    262144.00
        5.31     0.999996     55882109    275941.05
        5.34     0.999997     55882136    291271.11
        5.34     0.999997     55882136    308404.71
        5.34     0.999997     55882136    327680.00
        5.38     0.999997     55882145    349525.33
        5.41     0.999997     55882178    374491.43
        5.41     0.999998     55882178    403298.46
        5.41     0.999998     55882178    436906.67
        5.44     0.999998     55882198    476625.45
        5.44     0.999998     55882198    524288.00
        5.47     0.999998     55882210    551882.11
        5.47     0.999998     55882210    582542.22
        5.50     0.999998     55882237    616809.41
        5.50     0.999998     55882237    655360.00
        5.50     0.999999     55882237    699050.67
        5.50     0.999999     55882237    748982.86
        5.50     0.999999     55882237    806596.92
        5.54     0.999999     55882246    873813.33
        5.54     0.999999     55882246    953250.91
        5.57     0.999999     55882254   1048576.00
        5.57     0.999999     55882254   1103764.21
        5.60     0.999999     55882261   1165084.44
        5.60     0.999999     55882261   1233618.82
        5.63     0.999999     55882273   1310720.00
        5.63     0.999999     55882273   1398101.33
        5.63     0.999999     55882273   1497965.71
        5.63     0.999999     55882273   1613193.85
        5.63     0.999999     55882273   1747626.67
        5.66     0.999999     55882284   1906501.82
        5.66     1.000000     55882284   2097152.00
        5.66     1.000000     55882284   2207528.42
        5.66     1.000000     55882284   2330168.89
        5.66     1.000000     55882284   2467237.65
        5.66     1.000000     55882284   2621440.00
        5.70     1.000000     55882292   2796202.67
        5.70     1.000000     55882292   2995931.43
        5.70     1.000000     55882292   3226387.69
        5.70     1.000000     55882292   3495253.33
        5.70     1.000000     55882292   3813003.64
        5.70     1.000000     55882292   4194304.00
        5.70     1.000000     55882292   4415056.84
        5.73     1.000000     55882296   4660337.78
        5.73     1.000000     55882296   4934475.29
        5.73     1.000000     55882296   5242880.00
        5.73     1.000000     55882296   5592405.33
        5.73     1.000000     55882296   5991862.86
        5.73     1.000000     55882296   6452775.39
        5.76     1.000000     55882297   6990506.67
        5.76     1.000000     55882297   7626007.28
        5.79     1.000000     55882300   8388608.00
        5.79     1.000000     55882300   8830113.68
        5.79     1.000000     55882300   9320675.55
        5.79     1.000000     55882300   9868950.59
        5.79     1.000000     55882300  10485760.00
        5.79     1.000000     55882300  11184810.67
        5.79     1.000000     55882300  11983725.71
        5.79     1.000000     55882300  12905550.76
        5.82     1.000000     55882302  13981013.34
        5.82     1.000000     55882302  15252014.55
        5.82     1.000000     55882302  16777216.00
        5.82     1.000000     55882302  17660227.38
        5.82     1.000000     55882302  18641351.10
        5.82     1.000000     55882302  19737901.19
        5.82     1.000000     55882302  20971519.98
        5.82     1.000000     55882302  22369621.33
        5.82     1.000000     55882302  23967451.45
        5.82     1.000000     55882302  25811101.52
        5.95     1.000000     55882303  27962026.68
        5.95     1.000000     55882303  30504029.05
        5.95     1.000000     55882303  33554432.00
        5.95     1.000000     55882303  35320454.76
        5.95     1.000000     55882303  37282702.28
        5.95     1.000000     55882303  39475802.28
        5.95     1.000000     55882303  41943039.96
        5.95     1.000000     55882303  44739242.67
        5.95     1.000000     55882303  47934902.91
        5.95     1.000000     55882303  51622203.20
        6.01     1.000000     55882304  55924053.19
        6.01     1.000000     55882304          inf
#[Mean    =        2.575, StdDeviation   =        0.693]
#[Max     =        6.015, Total count    =     55882304]
#[Buckets =           20, SubBuckets     =          256]
