       Value   Percentile   TotalCount 1/(1-Percentile)

        0.34     0.000000            3         1.00
        1.82     0.050000      3115795         1.05
        1.86     0.100000      6504097         1.11
        1.89     0.150000      9285817         1.18
        1.91     0.200000     12480698         1.25
        1.93     0.250000     14736313         1.33
        1.95     0.300000     18108041         1.43
        1.97     0.350000     20248492         1.54
        1.99     0.400000     23142409         1.67
        2.02     0.450000     26255157         1.82
        2.06     0.500000     28903420         2.00
        2.10     0.525000     30187641         2.11
        2.17     0.550000     31525218         2.22
        2.86     0.575000     32976642         2.35
        2.96     0.600000     34496669         2.50
        3.02     0.625000     36139797         2.67
        3.06     0.650000     37173684         2.86
        3.10     0.675000     38975530         3.08
        3.13     0.700000     40331517         3.33
        3.17     0.725000     41775946         3.64
        3.20     0.750000     43264528         4.00
        3.21     0.762500     44008481         4.21
        3.23     0.775000     44737206         4.44
        3.25     0.787500     45443605         4.71
        3.26     0.800000     46122158         5.00
        3.28     0.812500     46765279         5.33
        3.29     0.825000     47368085         5.71
        3.31     0.837500     47931577         6.15
        3.34     0.850000     48946020         6.67
        3.36     0.862500     49406370         7.27
        3.39     0.875000     50284781         8.00
        3.41     0.881250     50718860         8.42
        3.42     0.887500     51161074         8.89
        3.42     0.893750     51161074         9.41
        3.44     0.900000     51614646        10.00
        3.46     0.906250     52075582        10.67
        3.47     0.912500     52543025        11.43
        3.47     0.918750     52543025        12.31
        3.49     0.925000     53010483        13.33
        3.50     0.931250     53469226        14.55
        3.52     0.937500     53912015        16.00
        3.52     0.940625     53912015        16.84
        3.54     0.943750     54325011        17.78
        3.54     0.946875     54325011        18.82
        3.54     0.950000     54325011        20.00
        3.55     0.953125     54704973        21.33
        3.55     0.956250     54704973        22.86
        3.57     0.959375     55046778        24.62
        3.57     0.962500     55046778        26.67
        3.58     0.965625     55344315        29.09
        3.60     0.968750     55601205        32.00
        3.60     0.970313     55601205        33.68
        3.60     0.971875     55601205        35.56
        3.62     0.973437     55818973        37.65
        3.62     0.975000     55818973        40.00
        3.63     0.976562     56003142        42.67
        3.63     0.978125     56003142        45.71
        3.65     0.979688     56155573        49.23
        3.65     0.981250     56155573        53.33
        3.66     0.982812     56282647        58.18
        3.66     0.984375     56282647        64.00
        3.68     0.985156     56388777        67.37
        3.68     0.985938     56388777        71.11
        3.69     0.986719     56479432        75.29
        3.69     0.987500     56479432        80.00
        3.71     0.988281     56556463        85.33
        3.71     0.989062     56556463        91.43
        3.73     0.989844     56625861        98.46
        3.74     0.990625     56688106       106.67
        3.74     0.991406     56688106       116.36
        3.76     0.992188     56745721       128.00
        3.77     0.992578     56799612       134.74
        3.77     0.992969     56799612       142.22
        3.77     0.993359     56799612       150.59
        3.79     0.993750     56849041       160.00
        3.79     0.994141     56849041       170.67
        3.81     0.994531     56893984       182.86
        3.81     0.994922     56893984       196.92
        3.82     0.995313     56934554       213.33
        3.82     0.995703     56934554       232.73
        3.84     0.996094     56972013       256.00
        3.84     0.996289     56972013       269.47
        3.85     0.996484     57004590       284.44
        3.85     0.996680     57004590       301.18
        3.85     0.996875     57004590       320.00
        3.87     0.997070     57031745       341.33
        3.87     0.997266     57031745       365.71
        3.87     0.997461     57031745       393.85
        3.89     0.997656     57055119       426.67
        3.89     0.997852     57055119       465.45
        3.90     0.998047     57074654       512.00
        3.90     0.998145     57074654       538.95
        3.92     0.998242     57090951       568.89
        3.92     0.998340     57090951       602.35
        3.92     0.998437     57090951       640.00
        3.94     0.998535     57104300       682.67
        3.94     0.998633     57104300       731.43
        3.94     0.998730     57104300       787.69
        3.95     0.998828     57114955       853.33
        3.95     0.998926     57114955       930.91
        3.97     0.999023     57123748      1024.00
        3.97     0.999072     57123748      1077.89
        3.98     0.999121     57130638      1137.78
        3.98     0.999170     57130638      1204.71
        4.00     0.999219     57136002      1280.00
        4.00     0.999268     57136002      1365.33
        4.01     0.999316     57140463      1462.86
        4.01     0.999365     57140463      1575.38
        4.03     0.999414     57143987      1706.67
        4.05     0.999463     57146779      1861.82
        4.06     0.999512     57149209      2048.00
        4.06     0.999536     57149209      2155.79
        4.08     0.999561     57151132      2275.56
        4.09     0.999585     57152848      2409.41
        4.13     0.999609     57155391      2560.00
        4.13     0.999634     57155391      2730.67
        4.16     0.999658     57157422      2925.71
        4.16     0.999683     57157422      3150.77
        4.19     0.999707     57159086      3413.33
        4.22     0.999731     57160357      3723.64
        4.25     0.999756     57161642      4096.00
        4.29     0.999768     57162737      4311.58
        4.32     0.999780     57163763      4551.11
        4.32     0.999792     57163763      4818.82
        4.35     0.999805     57164626      5120.00
        4.38     0.999817     57165438      5461.33
        4.42     0.999829     57166154      5851.43
        4.45     0.999841     57166851      6301.54
        4.48     0.999854     57167516      6826.67
        4.51     0.999866     57168146      7447.27
        4.54     0.999878     57168752      8192.00
        4.58     0.999884     57169188      8623.16
        4.58     0.999890     57169188      9102.22
        4.61     0.999896     57169698      9637.65
        4.64     0.999902     57170016     10240.00
        4.67     0.999908     57170386     10922.67
        4.70     0.999915     57170709     11702.86
        4.74     0.999921     57170944     12603.08
        4.80     0.999927     57171355     13653.33
        4.86     0.999933     57171690     14894.55
        4.96     0.999939     57171982     16384.00
        5.02     0.999942     57172161     17246.32
        5.09     0.999945     57172275     18204.44
        5.18     0.999948     57172510     19275.29
        5.25     0.999951     57172693     20480.00
        5.31     0.999954     57172832     21845.33
        5.41     0.999957     57172990     23405.71
        5.54     0.999960     57173172     25206.15
        5.70     0.999963     57173347     27306.67
        5.82     0.999966     57173507     29789.09
        6.21     0.999969     57173675     32768.00
        6.56     0.999971     57173754     34492.63
        6.88     0.999973     57173845     36408.89
        8.70     0.999974     57173942     38550.59
        8.96     0.999976     57174027     40960.00
        9.15     0.999977     57174127     43690.67
        9.28     0.999979     57174191     46811.43
        9.41     0.999980     57174306     50412.31
        9.54     0.999982     57174366     54613.33
        9.66     0.999983     57174461     59578.18
        9.79     0.999985     57174567     65536.00
        9.86     0.999986     57174638     68985.26
        9.86     0.999986     57174638     72817.78
        9.92     0.999987     57174699     77101.18
        9.98     0.999988     57174779     81920.00
        9.98     0.999989     57174779     87381.33
       10.05     0.999989     57174902     93622.86
       10.05     0.999990     57174902    100824.62
       10.05     0.999991     57174902    109226.67
       10.11     0.999992     57174991    119156.36
       10.11     0.999992     57174991    131072.00
       10.18     0.999993     57175096    137970.53
       10.18     0.999993     57175096    145635.56
       10.18     0.999994     57175096    154202.35
       10.18     0.999994     57175096    163840.00
       10.18     0.999994     57175096    174762.67
       10.24     0.999995     57175169    187245.71
       10.24     0.999995     57175169    201649.23
       10.24     0.999995     57175169    218453.33
       10.30     0.999996     57175219    238312.73
       10.30     0.999996     57175219    262144.00
       10.30     0.999996     57175219    275941.05
       10.30     0.999997     57175219    291271.11
       10.37     0.999997     57175252    308404.71
       10.37     0.999997     57175252    327680.00
       10.37     0.999997     57175252    349525.33
       10.43     0.999997     57175281    374491.43
       10.43     0.999998     57175281    403298.46
       10.43     0.999998     57175281    436906.67
       10.49     0.999998     57175298    476625.45
       10.56     0.999998     57175310    524288.00
       10.56     0.999998     57175310    551882.11
       10.62     0.999998     57175326    582542.22
       10.62     0.999998     57175326    616809.41
       10.62     0.999998     57175326    655360.00
       10.75     0.999999     57175329    699050.67
       12.54     0.999999     57175339    748982.86
       13.95     0.999999     57175342    806596.92
       16.77     0.999999     57175350    873813.33
       16.89     0.999999     57175362    953250.91
       16.89     0.999999     57175362   1048576.00
       16.89     0.999999     57175362   1103764.21
       16.89     0.999999     57175362   1165084.44
       17.02     0.999999     57175378   1233618.82
       17.02     0.999999     57175378   1310720.00
       17.02     0.999999     57175378   1398101.33
       17.02     0.999999     57175378   1497965.71
       17.02     0.999999     57175378   1613193.85
       17.02     0.999999     57175378   1747626.67
       17.15     0.999999     57175382   1906501.82
       17.28     1.000000     57175386   2097152.00
       17.28     1.000000     57175386   2207528.42
       17.28     1.000000     57175386   2330168.89
       17.41     1.000000     57175396   2467237.65
       17.41     1.000000     57175396   2621440.00
       17.41     1.000000     57175396   2796202.67
       17.41     1.000000     57175396   2995931.43
       17.41     1.000000     57175396   3226387.69
       17.41     1.000000     57175396   3495253.33
       17.41     1.000000     57175396   3813003.64
       17.54     1.000000     57175402   4194304.00
       17.54     1.000000     57175402   4415056.84
       17.54     1.000000     57175402   4660337.78
       17.54     1.000000     57175402   4934475.29
       17.54     1.000000     57175402   5242880.00
       17.54     1.000000     57175402   5592405.33
       17.54     1.000000     57175402   5991862.86
       17.54     1.000000     57175402   6452775.39
       17.54     1.000000     57175402   6990506.67
       17.66     1.000000     57175408   7626007.28
       17.66     1.000000     57175408   8388608.00
       17.66     1.000000     57175408   8830113.68
       17.66     1.000000     57175408   9320675.55
       17.66     1.000000     57175408   9868950.59
       17.66     1.000000     57175408  10485760.00
       17.66     1.000000     57175408  11184810.67
       17.66     1.000000     57175408  11983725.71
       17.66     1.000000     57175408  12905550.76
       17.66     1.000000     57175408  13981013.34
       17.66     1.000000     57175408  15252014.55
       17.66     1.000000     57175408  16777216.00
       17.66     1.000000     57175408  17660227.38
       17.66     1.000000     57175408  18641351.10
       17.66     1.000000     57175408  19737901.19
       17.66     1.000000     57175408  20971519.98
       17.66     1.000000     57175408  22369621.33
       17.66     1.000000     57175408  23967451.45
       17.66     1.000000     57175408  25811101.52
       17.66     1.000000     57175408  27962026.68
       17.79     1.000000     57175409  30504029.05
       17.79     1.000000     57175409  33554432.00
       17.79     1.000000     57175409  35320454.76
       17.79     1.000000     57175409  37282702.28
       17.79     1.000000     57175409  39475802.28
       17.79     1.000000     57175409  41943039.96
       17.79     1.000000     57175409  44739242.67
       17.79     1.000000     57175409  47934902.91
       17.79     1.000000     57175409  51622203.20
       17.79     1.000000     57175409  55924053.19
       18.18     1.000000     57175410  61008058.10
       18.18     1.000000     57175410          inf
#[Mean    =        2.517, StdDeviation   =        0.672]
#[Max     =       18.175, Total count    =     57175410]
#[Buckets =           20, SubBuckets     =          256]
