       Value   Percentile   TotalCount 1/(1-Percentile)

        0.34     0.000000            3         1.00
        1.82     0.050000      3115853         1.05
        1.86     0.100000      6504299         1.11
        1.89     0.150000      9286203         1.18
        1.91     0.200000     12481360         1.25
        1.93     0.250000     14737185         1.33
        1.95     0.300000     18109243         1.43
        1.97     0.350000     20249920         1.54
        1.99     0.400000     23144145         1.67
        2.02     0.450000     26257221         1.82
        2.06     0.500000     28905528         2.00
        2.10     0.525000     30189569         2.11
        2.17     0.550000     31526514         2.22
        2.86     0.575000     32976843         2.35
        2.96     0.600000     34496756         2.50
        3.02     0.625000     36139710         2.67
        3.06     0.650000     37173486         2.86
        3.10     0.675000     38975110         3.08
        3.13     0.700000     40330954         3.33
        3.17     0.725000     41775248         3.64
        3.20     0.750000     43263717         4.00
        3.21     0.762500     44007605         4.21
        3.23     0.775000     44736279         4.44
        3.25     0.787500     45442636         4.71
        3.26     0.800000     46121161         5.00
        3.28     0.812500     46764247         5.33
        3.29     0.825000     47367045         5.71
        3.31     0.837500     47930519         6.15
        3.34     0.850000     48944982         6.67
        3.36     0.862500     49405352         7.27
        3.39     0.875000     50283892         8.00
        3.41     0.881250     50718035         8.42
        3.42     0.887500     51160342         8.89
        3.42     0.893750     51160342         9.41
        3.44     0.900000     51613990        10.00
        3.46     0.906250     52075038        10.67
        3.47     0.912500     52542563        11.43
        3.47     0.918750     52542563        12.31
        3.49     0.925000     53010116        13.33
        3.50     0.931250     53468969        14.55
        3.52     0.937500     53911827        16.00
        3.52     0.940625     53911827        16.84
        3.54     0.943750     54324894        17.78
        3.54     0.946875     54324894        18.82
        3.54     0.950000     54324894        20.00
        3.55     0.953125     54704912        21.33
        3.55     0.956250     54704912        22.86
        3.57     0.959375     55046766        24.62
        3.57     0.962500     55046766        26.67
        3.58     0.965625     55344371        29.09
        3.60     0.968750     55601268        32.00
        3.60     0.970313     55601268        33.68
        3.60     0.971875     55601268        35.56
        3.62     0.973437     55819048        37.65
        3.62     0.975000     55819048        40.00
        3.63     0.976562     56003228        42.67
        3.63     0.978125     56003228        45.71
        3.65     0.979688     56155689        49.23
        3.65     0.981250     56155689        53.33
        3.66     0.982812     56282788        58.18
        3.66     0.984375     56282788        64.00
        3.68     0.985156     56388939        67.37
        3.68     0.985938     56388939        71.11
        3.69     0.986719     56479569        75.29
        3.69     0.987500     56479569        80.00
        3.71     0.988281     56556587        85.33
        3.71     0.989062     56556587        91.43
        3.73     0.989844     56625967        98.46
        3.74     0.990625     56688206       106.67
        3.74     0.991406     56688206       116.36
        3.76     0.992188     56745823       128.00
        3.77     0.992578     56799726       134.74
        3.77     0.992969     56799726       142.22
        3.77     0.993359     56799726       150.59
        3.79     0.993750     56849168       160.00
        3.79     0.994141     56849168       170.67
        3.81     0.994531     56894107       182.86
        3.81     0.994922     56894107       196.92
        3.82     0.995313     56934681       213.33
        3.82     0.995703     56934681       232.73
        3.84     0.996094     56972128       256.00
        3.84     0.996289     56972128       269.47
        3.85     0.996484     57004708       284.44
        3.85     0.996680     57004708       301.18
        3.85     0.996875     57004708       320.00
        3.87     0.997070     57031847       341.33
        3.87     0.997266     57031847       365.71
        3.87     0.997461     57031847       393.85
        3.89     0.997656     57055214       426.67
        3.89     0.997852     57055214       465.45
        3.90     0.998047     57074751       512.00
        3.90     0.998145     57074751       538.95
        3.92     0.998242     57091050       568.89
        3.92     0.998340     57091050       602.35
        3.92     0.998437     57091050       640.00
        3.94     0.998535     57104405       682.67
        3.94     0.998633     57104405       731.43
        3.94     0.998730     57104405       787.69
        3.95     0.998828     57115053       853.33
        3.95     0.998926     57115053       930.91
        3.97     0.999023     57123847      1024.00
        3.97     0.999072     57123847      1077.89
        3.98     0.999121     57130740      1137.78
        3.98     0.999170     57130740      1204.71
        4.00     0.999219     57136101      1280.00
        4.00     0.999268     57136101      1365.33
        4.01     0.999316     57140563      1462.86
        4.01     0.999365     57140563      1575.38
        4.03     0.999414     57144097      1706.67
        4.05     0.999463     57146891      1861.82
        4.06     0.999512     57149324      2048.00
        4.06     0.999536     57149324      2155.79
        4.08     0.999561     57151250      2275.56
        4.09     0.999585     57152969      2409.41
        4.13     0.999609     57155513      2560.00
        4.13     0.999634     57155513      2730.67
        4.16     0.999658     57157539      2925.71
        4.16     0.999683     57157539      3150.77
        4.19     0.999707     57159202      3413.33
        4.22     0.999731     57160472      3723.64
        4.25     0.999756     57161759      4096.00
        4.29     0.999768     57162853      4311.58
        4.32     0.999780     57163880      4551.11
        4.32     0.999792     57163880      4818.82
        4.35     0.999805     57164743      5120.00
        4.38     0.999817     57165553      5461.33
        4.42     0.999829     57166266      5851.43
        4.45     0.999841     57166963      6301.54
        4.48     0.999854     57167627      6826.67
        4.51     0.999866     57168257      7447.27
        4.54     0.999878     57168863      8192.00
        4.58     0.999884     57169299      8623.16
        4.58     0.999890     57169299      9102.22
        4.61     0.999896     57169809      9637.65
        4.64     0.999902     57170127     10240.00
        4.67     0.999908     57170497     10922.67
        4.70     0.999915     57170820     11702.86
        4.74     0.999921     57171056     12603.08
        4.80     0.999927     57171464     13653.33
        4.86     0.999933     57171796     14894.55
        4.96     0.999939     57172085     16384.00
        5.02     0.999942     57172263     17246.32
        5.09     0.999945     57172376     18204.44
        5.18     0.999948     57172611     19275.29
        5.25     0.999951     57172794     20480.00
        5.31     0.999954     57172933     21845.33
        5.41     0.999957     57173091     23405.71
        5.54     0.999960     57173273     25206.15
        5.66     0.999963     57173417     27306.67
        5.82     0.999966     57173608     29789.09
        6.21     0.999969     57173775     32768.00
        6.56     0.999971     57173854     34492.63
        6.88     0.999973     57173945     36408.89
        8.70     0.999974     57174042     38550.59
        8.96     0.999976     57174127     40960.00
        9.15     0.999977     57174227     43690.67
        9.28     0.999979     57174291     46811.43
        9.41     0.999980     57174406     50412.31
        9.54     0.999982     57174466     54613.33
        9.66     0.999983     57174561     59578.18
        9.79     0.999985     57174667     65536.00
        9.86     0.999986     57174738     68985.26
        9.86     0.999986     57174738     72817.78
        9.92     0.999987     57174799     77101.18
        9.98     0.999988     57174879     81920.00
        9.98     0.999989     57174879     87381.33
       10.05     0.999989     57175002     93622.86
       10.05     0.999990     57175002    100824.62
       10.05     0.999991     57175002    109226.67
       10.11     0.999992     57175091    119156.36
       10.11     0.999992     57175091    131072.00
       10.18     0.999993     57175196    137970.53
       10.18     0.999993     57175196    145635.56
       10.18     0.999994     57175196    154202.35
       10.18     0.999994     57175196    163840.00
       10.18     0.999994     57175196    174762.67
       10.24     0.999995     57175269    187245.71
       10.24     0.999995     57175269    201649.23
       10.24     0.999995     57175269    218453.33
       10.30     0.999996     57175319    238312.73
       10.30     0.999996     57175319    262144.00
       10.30     0.999996     57175319    275941.05
       10.30     0.999997     57175319    291271.11
       10.37     0.999997     57175352    308404.71
       10.37     0.999997     57175352    327680.00
       10.37     0.999997     57175352    349525.33
       10.43     0.999997     57175381    374491.43
       10.43     0.999998     57175381    403298.46
       10.43     0.999998     57175381    436906.67
       10.49     0.999998     57175398    476625.45
       10.56     0.999998     57175410    524288.00
       10.56     0.999998     57175410    551882.11
       10.62     0.999998     57175426    582542.22
       10.62     0.999998     57175426    616809.41
       10.62     0.999998     57175426    655360.00
       10.75     0.999999     57175429    699050.67
       12.54     0.999999     57175439    748982.86
       13.95     0.999999     57175442    806596.92
       16.77     0.999999     57175450    873813.33
       16.89     0.999999     57175462    953250.91
       16.89     0.999999     57175462   1048576.00
       16.89     0.999999     57175462   1103764.21
       16.89     0.999999     57175462   1165084.44
       17.02     0.999999     57175478   1233618.82
       17.02     0.999999     57175478   1310720.00
       17.02     0.999999     57175478   1398101.33
       17.02     0.999999     57175478   1497965.71
       17.02     0.999999     57175478   1613193.85
       17.02     0.999999     57175478   1747626.67
       17.15     0.999999     57175482   1906501.82
       17.28     1.000000     57175486   2097152.00
       17.28     1.000000     57175486   2207528.42
       17.28     1.000000     57175486   2330168.89
       17.41     1.000000     57175496   2467237.65
       17.41     1.000000     57175496   2621440.00
       17.41     1.000000     57175496   2796202.67
       17.41     1.000000     57175496   2995931.43
       17.41     1.000000     57175496   3226387.69
       17.41     1.000000     57175496   3495253.33
       17.41     1.000000     57175496   3813003.64
       17.54     1.000000     57175502   4194304.00
       17.54     1.000000     57175502   4415056.84
       17.54     1.000000     57175502   4660337.78
       17.54     1.000000     57175502   4934475.29
       17.54     1.000000     57175502   5242880.00
       17.54     1.000000     57175502   5592405.33
       17.54     1.000000     57175502   5991862.86
       17.54     1.000000     57175502   6452775.39
       17.54     1.000000     57175502   6990506.67
       17.66     1.000000     57175508   7626007.28
       17.66     1.000000     57175508   8388608.00
       17.66     1.000000     57175508   8830113.68
       17.66     1.000000     57175508   9320675.55
       17.66     1.000000     57175508   9868950.59
       17.66     1.000000     57175508  10485760.00
       17.66     1.000000     57175508  11184810.67
       17.66     1.000000     57175508  11983725.71
       17.66     1.000000     57175508  12905550.76
       17.66     1.000000     57175508  13981013.34
       17.66     1.000000     57175508  15252014.55
       17.66     1.000000     57175508  16777216.00
       17.66     1.000000     57175508  17660227.38
       17.66     1.000000     57175508  18641351.10
       17.66     1.000000     57175508  19737901.19
       17.66     1.000000     57175508  20971519.98
       17.66     1.000000     57175508  22369621.33
       17.66     1.000000     57175508  23967451.45
       17.66     1.000000     57175508  25811101.52
       17.66     1.000000     57175508  27962026.68
       17.79     1.000000     57175509  30504029.05
       17.79     1.000000     57175509  33554432.00
       17.79     1.000000     57175509  35320454.76
       17.79     1.000000     57175509  37282702.28
       17.79     1.000000     57175509  39475802.28
       17.79     1.000000     57175509  41943039.96
       17.79     1.000000     57175509  44739242.67
       17.79     1.000000     57175509  47934902.91
       17.79     1.000000     57175509  51622203.20
       17.79     1.000000     57175509  55924053.19
       18.18     1.000000     57175510  61008058.10
       18.18     1.000000     57175510          inf
#[Mean    =        2.517, StdDeviation   =        0.672]
#[Max     =       18.175, Total count    =     57175510]
#[Buckets =           20, SubBuckets     =          256]
