       Value   Percentile   TotalCount 1/(1-Percentile)

        0.02     0.000000        16831         1.00
        0.34     0.050000      1300289         1.05
        0.57     0.100000      2632080         1.11
        0.67     0.150000      4178271         1.18
        0.69     0.200000      6013719         1.25
        0.69     0.250000      7225934         1.33
        0.70     0.300000      8635087         1.43
        0.71     0.350000     10346621         1.54
        0.71     0.400000     10346621         1.67
        0.72     0.450000     12457370         1.82
        0.73     0.500000     15086172         2.00
        0.73     0.525000     15086172         2.11
        0.73     0.550000     15086172         2.22
        0.73     0.575000     15086172         2.35
        0.73     0.600000     18357020         2.50
        0.73     0.625000     18357020         2.67
        0.73     0.650000     18357020         2.86
        0.73     0.675000     18357020         3.08
        0.73     0.700000     18357020         3.33
        0.74     0.725000     21344773         3.64
        0.74     0.750000     21344773         4.00
        0.74     0.762500     21344773         4.21
        0.74     0.775000     21344773         4.44
        0.74     0.787500     21344773         4.71
        0.74     0.800000     21344773         5.00
        0.74     0.812500     21344773         5.33
        0.74     0.825000     21344773         5.71
        0.75     0.837500     23040611         6.15
        0.75     0.850000     23040611         6.67
        0.75     0.862500     23040611         7.27
        0.75     0.875000     23040611         8.00
        0.75     0.881250     23040611         8.42
        0.75     0.887500     23040611         8.89
        0.75     0.893750     23040611         9.41
        0.76     0.900000     23788302        10.00
        0.76     0.906250     23788302        10.67
        0.76     0.912500     23788302        11.43
        0.76     0.918750     23788302        12.31
        0.76     0.925000     23788302        13.33
        0.77     0.931250     24102859        14.55
        0.77     0.937500     24102859        16.00
        0.78     0.940625     24255703        16.84
        0.78     0.943750     24255703        17.78
        0.78     0.946875     24346311        18.82
        0.79     0.950000     24411587        20.00
        0.80     0.953125     24465348        21.33
        0.81     0.956250     24546101        22.86
        0.83     0.959375     24605016        24.62
        0.85     0.962500     24703375        26.67
        0.87     0.965625     24765977        29.09
        0.91     0.968750     24843990        32.00
        0.93     0.970313     24876718        33.68
        0.95     0.971875     24932950        35.56
        0.97     0.973437     24966425        37.65
        0.99     0.975000     25008216        40.00
        1.01     0.976562     25038749        42.67
        1.10     0.978125     25076996        45.71
        1.26     0.979688     25117602        49.23
        1.33     0.981250     25159980        53.33
        1.37     0.982812     25209032        58.18
        1.38     0.984375     25238467        64.00
        1.40     0.985156     25270120        67.37
        1.41     0.985938     25287491        71.11
        1.42     0.986719     25306092        75.29
        1.42     0.987500     25326704        80.00
        1.43     0.988281     25349020        85.33
        1.44     0.989062     25373094        91.43
        1.45     0.989844     25399324        98.46
        1.45     0.990625     25399324       106.67
        1.46     0.991406     25428266       116.36
        1.46     0.992188     25460111       128.00
        1.46     0.992578     25460111       134.74
        1.46     0.992969     25460111       142.22
        1.47     0.993359     25494770       150.59
        1.47     0.993750     25494770       160.00
        1.47     0.994141     25494770       170.67
        1.48     0.994531     25529326       182.86
        1.48     0.994922     25529326       196.92
        1.48     0.995313     25529326       213.33
        1.48     0.995703     25529326       232.73
        1.49     0.996094     25559324       256.00
        1.49     0.996289     25559324       269.47
        1.49     0.996484     25559324       284.44
        1.49     0.996680     25559324       301.18
        1.49     0.996875     25559324       320.00
        1.50     0.997070     25582828       341.33
        1.50     0.997266     25582828       365.71
        1.50     0.997461     25582828       393.85
        1.50     0.997656     25582828       426.67
        1.50     0.997852     25582828       465.45
        1.50     0.998047     25599688       512.00
        1.50     0.998145     25599688       538.95
        1.50     0.998242     25599688       568.89
        1.50     0.998340     25599688       602.35
        1.50     0.998437     25599688       640.00
        1.50     0.998535     25599688       682.67
        1.51     0.998633     25611174       731.43
        1.51     0.998730     25611174       787.69
        1.51     0.998828     25611174       853.33
        1.51     0.998926     25611174       930.91
        1.52     0.999023     25618413      1024.00
        1.52     0.999072     25618413      1077.89
        1.52     0.999121     25618413      1137.78
        1.52     0.999170     25618413      1204.71
        1.52     0.999219     25618413      1280.00
        1.52     0.999268     25618413      1365.33
        1.53     0.999316     25622903      1462.86
        1.53     0.999365     25622903      1575.38
        1.53     0.999414     25622903      1706.67
        1.53     0.999463     25625664      1861.82
        1.53     0.999512     25625664      2048.00
        1.53     0.999536     25625664      2155.79
        1.53     0.999561     25625664      2275.56
        1.54     0.999585     25627581      2409.41
        1.54     0.999609     25627581      2560.00
        1.54     0.999634     25627581      2730.67
        1.55     0.999658     25629078      2925.71
        1.55     0.999683     25629078      3150.77
        1.56     0.999707     25630254      3413.33
        1.56     0.999731     25630254      3723.64
        1.57     0.999756     25631136      4096.00
        1.57     0.999768     25631136      4311.58
        1.57     0.999780     25631956      4551.11
        1.57     0.999792     25631956      4818.82
        1.57     0.999805     25631956      5120.00
        1.58     0.999817     25632634      5461.33
        1.58     0.999829     25632634      5851.43
        1.59     0.999841     25633291      6301.54
        1.59     0.999854     25633291      6826.67
        1.60     0.999866     25633930      7447.27
        1.60     0.999878     25633930      8192.00
        1.61     0.999884     25634459      8623.16
        1.61     0.999890     25634459      9102.22
        1.61     0.999896     25634459      9637.65
        1.61     0.999902     25634459     10240.00
        1.61     0.999908     25634904     10922.67
        1.61     0.999915     25634904     11702.86
        1.61     0.999921     25634904     12603.08
        1.62     0.999927     25635277     13653.33
        1.62     0.999933     25635277     14894.55
        1.63     0.999939     25635539     16384.00
        1.63     0.999942     25635539     17246.32
        1.63     0.999945     25635539     18204.44
        1.64     0.999948     25635713     19275.29
        1.64     0.999951     25635713     20480.00
        1.65     0.999954     25635848     21845.33
        1.65     0.999957     25635848     23405.71
        1.66     0.999960     25635940     25206.15
        1.66     0.999963     25636001     27306.67
        1.68     0.999966     25636085     29789.09
        1.70     0.999969     25636133     32768.00
        1.71     0.999971     25636177     34492.63
        1.73     0.999973     25636208     36408.89
        1.76     0.999974     25636253     38550.59
        1.79     0.999976     25636288     40960.00
        1.83     0.999977     25636330     43690.67
        1.86     0.999979     25636366     46811.43
        1.91     0.999980     25636408     50412.31
        1.97     0.999982     25636444     54613.33
        2.05     0.999983     25636483     59578.18
        2.11     0.999985     25636524     65536.00
        2.13     0.999986     25636544     68985.26
        2.16     0.999986     25636569     72817.78
        2.17     0.999987     25636585     77101.18
        2.19     0.999988     25636603     81920.00
        2.21     0.999989     25636622     87381.33
        2.25     0.999989     25636647     93622.86
        2.27     0.999990     25636660    100824.62
        2.30     0.999991     25636678    109226.67
        2.38     0.999992     25636696    119156.36
        2.85     0.999992     25636716    131072.00
        3.20     0.999993     25636729    137970.53
        3.21     0.999993     25636770    145635.56
        3.21     0.999994     25636770    154202.35
        3.21     0.999994     25636770    163840.00
        3.21     0.999994     25636770    174762.67
        3.23     0.999995     25636802    187245.71
        3.23     0.999995     25636802    201649.23
        3.23     0.999995     25636802    218453.33
        3.47     0.999996     25636804    238312.73
        8.77     0.999996     25636854    262144.00
        8.77     0.999996     25636854    275941.05
        8.77     0.999997     25636854    291271.11
        8.77     0.999997     25636854    308404.71
        8.77     0.999997     25636854    327680.00
        8.77     0.999997     25636854    349525.33
        8.77     0.999997     25636854    374491.43
        8.77     0.999998     25636854    403298.46
        8.77     0.999998     25636854    436906.67
        8.83     0.999998     25636908    476625.45
        8.83     0.999998     25636908    524288.00
        8.83     0.999998     25636908    551882.11
        8.83     0.999998     25636908    582542.22
        8.83     0.999998     25636908    616809.41
        8.83     0.999998     25636908    655360.00
        8.83     0.999999     25636908    699050.67
        8.83     0.999999     25636908    748982.86
        8.83     0.999999     25636908    806596.92
        8.83     0.999999     25636908    873813.33
        8.83     0.999999     25636908    953250.91
        8.83     0.999999     25636908   1048576.00
        8.83     0.999999     25636908   1103764.21
        8.83     0.999999     25636908   1165084.44
        8.83     0.999999     25636908   1233618.82
        8.83     0.999999     25636908   1310720.00
        8.83     0.999999     25636908   1398101.33
        8.83     0.999999     25636908   1497965.71
        8.83     0.999999     25636908   1613193.85
        8.83     0.999999     25636908   1747626.67
        8.83     0.999999     25636908   1906501.82
        8.83     1.000000     25636908   2097152.00
        8.83     1.000000     25636908   2207528.42
        8.83     1.000000     25636908   2330168.89
        8.83     1.000000     25636908   2467237.65
        8.83     1.000000     25636908   2621440.00
        8.83     1.000000     25636908   2796202.67
        8.83     1.000000     25636908   2995931.43
        8.83     1.000000     25636908   3226387.69
        8.83     1.000000     25636908   3495253.33
        8.83     1.000000     25636908   3813003.64
        8.83     1.000000     25636908   4194304.00
        8.83     1.000000     25636908   4415056.84
        8.83     1.000000     25636908   4660337.78
        8.83     1.000000     25636908   4934475.29
        8.83     1.000000     25636908   5242880.00
        8.83     1.000000     25636908   5592405.33
        8.83     1.000000     25636908   5991862.86
        8.83     1.000000     25636908   6452775.39
        8.83     1.000000     25636908   6990506.67
        8.83     1.000000     25636908   7626007.28
        8.83     1.000000     25636908   8388608.00
        9.54     1.000000     25636911   8830113.68
        9.54     1.000000     25636911          inf
#[Mean    =        0.697, StdDeviation   =        0.175]
#[Max     =        9.535, Total count    =     25636911]
#[Buckets =           20, SubBuckets     =          256]
