       Value   Percentile   TotalCount 1/(1-Percentile)

        0.02     0.000000          563         1.00
        0.35     0.050000       129152         1.05
        0.58     0.100000       257981         1.11
        0.68     0.150000       435753         1.18
        0.69     0.200000       515756         1.25
        0.70     0.250000       731319         1.33
        0.71     0.300000       867126         1.43
        0.72     0.350000      1023758         1.54
        0.73     0.400000      1204938         1.67
        0.73     0.450000      1204938         1.82
        0.73     0.500000      1418983         2.00
        0.73     0.525000      1418983         2.11
        0.73     0.550000      1418983         2.22
        0.74     0.575000      1669111         2.35
        0.74     0.600000      1669111         2.50
        0.74     0.625000      1669111         2.67
        0.74     0.650000      1669111         2.86
        0.75     0.675000      1920494         3.08
        0.75     0.700000      1920494         3.33
        0.75     0.725000      1920494         3.64
        0.76     0.750000      2135463         4.00
        0.76     0.762500      2135463         4.21
        0.76     0.775000      2135463         4.44
        0.76     0.787500      2135463         4.71
        0.76     0.800000      2135463         5.00
        0.76     0.812500      2135463         5.33
        0.76     0.825000      2135463         5.71
        0.77     0.837500      2279591         6.15
        0.77     0.850000      2279591         6.67
        0.77     0.862500      2279591         7.27
        0.77     0.875000      2279591         8.00
        0.77     0.881250      2279591         8.42
        0.77     0.887500      2279591         8.89
        0.78     0.893750      2357187         9.41
        0.78     0.900000      2357187        10.00
        0.78     0.906250      2357187        10.67
        0.78     0.912500      2357187        11.43
        0.78     0.918750      2357187        12.31
        0.78     0.925000      2392172        13.33
        0.78     0.931250      2392172        14.55
        0.79     0.937500      2407104        16.00
        0.80     0.940625      2416898        16.84
        0.81     0.943750      2423673        17.78
        0.81     0.946875      2428942        18.82
        0.83     0.950000      2438286        20.00
        0.85     0.953125      2444651        21.33
        0.87     0.956250      2454491        22.86
        0.89     0.959375      2460569        24.62
        0.92     0.962500      2468865        26.67
        0.95     0.965625      2477372        29.09
        0.97     0.968750      2485043        32.00
        0.99     0.970313      2489808        33.68
        1.00     0.971875      2492040        35.56
        1.01     0.973437      2495855        37.65
        1.05     0.975000      2500041        40.00
        1.14     0.976562      2503824        42.67
        1.27     0.978125      2507633        45.71
        1.34     0.979688      2512292        49.23
        1.37     0.981250      2516196        53.33
        1.39     0.982812      2521164        58.18
        1.41     0.984375      2524940        64.00
        1.42     0.985156      2526979        67.37
        1.42     0.985938      2529093        71.11
        1.43     0.986719      2531443        75.29
        1.44     0.987500      2533938        80.00
        1.44     0.988281      2533938        85.33
        1.45     0.989062      2536702        91.43
        1.46     0.989844      2539789        98.46
        1.46     0.990625      2539789       106.67
        1.46     0.991406      2543286       116.36
        1.47     0.992188      2547114       128.00
        1.47     0.992578      2547114       134.74
        1.47     0.992969      2547114       142.22
        1.47     0.993359      2547114       150.59
        1.48     0.993750      2551021       160.00
        1.48     0.994141      2551021       170.67
        1.48     0.994531      2551021       182.86
        1.48     0.994922      2551021       196.92
        1.49     0.995313      2554500       213.33
        1.49     0.995703      2554500       232.73
        1.49     0.996094      2554500       256.00
        1.49     0.996289      2554500       269.47
        1.50     0.996484      2557240       284.44
        1.50     0.996680      2557240       301.18
        1.50     0.996875      2557240       320.00
        1.50     0.997070      2557240       341.33
        1.50     0.997266      2557240       365.71
        1.50     0.997461      2557240       393.85
        1.50     0.997656      2559214       426.67
        1.50     0.997852      2559214       465.45
        1.50     0.998047      2559214       512.00
        1.50     0.998145      2559214       538.95
        1.50     0.998242      2559214       568.89
        1.51     0.998340      2560542       602.35
        1.51     0.998437      2560542       640.00
        1.51     0.998535      2560542       682.67
        1.51     0.998633      2560542       731.43
        1.51     0.998730      2560542       787.69
        1.52     0.998828      2561409       853.33
        1.52     0.998926      2561409       930.91
        1.52     0.999023      2561409      1024.00
        1.52     0.999072      2561409      1077.89
        1.53     0.999121      2561976      1137.78
        1.53     0.999170      2561976      1204.71
        1.53     0.999219      2561976      1280.00
        1.53     0.999268      2561976      1365.33
        1.53     0.999316      2561976      1462.86
        1.53     0.999365      2562304      1575.38
        1.53     0.999414      2562304      1706.67
        1.54     0.999463      2562554      1861.82
        1.54     0.999512      2562554      2048.00
        1.54     0.999536      2562554      2155.79
        1.55     0.999561      2562738      2275.56
        1.55     0.999585      2562738      2409.41
        1.55     0.999609      2562738      2560.00
        1.56     0.999634      2562888      2730.67
        1.56     0.999658      2562888      2925.71
        1.57     0.999683      2563018      3150.77
        1.57     0.999707      2563018      3413.33
        1.57     0.999731      2563128      3723.64
        1.57     0.999756      2563128      4096.00
        1.57     0.999768      2563128      4311.58
        1.58     0.999780      2563245      4551.11
        1.58     0.999792      2563245      4818.82
        1.58     0.999805      2563245      5120.00
        1.58     0.999817      2563245      5461.33
        1.59     0.999829      2563320      5851.43
        1.59     0.999841      2563320      6301.54
        1.60     0.999854      2563388      6826.67
        1.60     0.999866      2563388      7447.27
        1.61     0.999878      2563454      8192.00
        1.61     0.999884      2563454      8623.16
        1.61     0.999890      2563454      9102.22
        1.61     0.999896      2563454      9637.65
        1.61     0.999902      2563497     10240.00
        1.61     0.999908      2563497     10922.67
        1.61     0.999915      2563497     11702.86
        1.62     0.999921      2563539     12603.08
        1.62     0.999927      2563539     13653.33
        1.62     0.999933      2563539     14894.55
        1.63     0.999939      2563565     16384.00
        1.63     0.999942      2563565     17246.32
        1.64     0.999945      2563585     18204.44
        1.64     0.999948      2563585     19275.29
        1.65     0.999951      2563598     20480.00
        1.65     0.999954      2563598     21845.33
        1.66     0.999957      2563605     23405.71
        1.67     0.999960      2563611     25206.15
        1.68     0.999963      2563618     27306.67
        1.70     0.999966      2563627     29789.09
        1.72     0.999969      2563633     32768.00
        1.73     0.999971      2563638     34492.63
        1.75     0.999973      2563641     36408.89
        1.77     0.999974      2563645     38550.59
        1.81     0.999976      2563649     40960.00
        1.83     0.999977      2563653     43690.67
        1.89     0.999979      2563657     46811.43
        1.91     0.999980      2563661     50412.31
        1.96     0.999982      2563665     54613.33
        1.98     0.999983      2563670     59578.18
        2.00     0.999985      2563673     65536.00
        2.04     0.999986      2563674     68985.26
        2.08     0.999986      2563676     72817.78
        2.13     0.999987      2563679     77101.18
        2.16     0.999988      2563683     81920.00
        2.16     0.999989      2563683     87381.33
        2.19     0.999989      2563687     93622.86
        2.19     0.999990      2563687    100824.62
        2.21     0.999991      2563690    109226.67
        2.21     0.999992      2563690    119156.36
        2.22     0.999992      2563692    131072.00
        2.24     0.999993      2563694    137970.53
        2.24     0.999993      2563694    145635.56
        2.25     0.999994      2563698    154202.35
        2.25     0.999994      2563698    163840.00
        2.25     0.999994      2563698    174762.67
        2.25     0.999995      2563698    187245.71
        2.29     0.999995      2563700    201649.23
        2.29     0.999995      2563700    218453.33
        2.30     0.999996      2563701    238312.73
        2.32     0.999996      2563702    262144.00
        2.32     0.999996      2563702    275941.05
        2.42     0.999997      2563703    291271.11
        2.42     0.999997      2563703    308404.71
        2.50     0.999997      2563704    327680.00
        2.50     0.999997      2563704    349525.33
        3.21     0.999997      2563706    374491.43
        3.21     0.999998      2563706    403298.46
        3.21     0.999998      2563706    436906.67
        3.21     0.999998      2563706    476625.45
        3.23     0.999998      2563710    524288.00
        3.23     0.999998      2563710    551882.11
        3.23     0.999998      2563710    582542.22
        3.23     0.999998      2563710    616809.41
        3.23     0.999998      2563710    655360.00
        3.23     0.999999      2563710    699050.67
        3.23     0.999999      2563710    748982.86
        3.23     0.999999      2563710    806596.92
        3.23     0.999999      2563710    873813.33
        3.23     0.999999      2563710    953250.91
        3.23     0.999999      2563710   1048576.00
        3.23     0.999999      2563710   1103764.21
        3.23     0.999999      2563710   1165084.44
        3.23     0.999999      2563710   1233618.82
        3.23     0.999999      2563710   1310720.00
        3.23     0.999999      2563710   1398101.33
        3.23     0.999999      2563710   1497965.71
        3.23     0.999999      2563710   1613193.85
        3.23     0.999999      2563710   1747626.67
        3.23     0.999999      2563710   1906501.82
        3.23     1.000000      2563710   2097152.00
        3.23     1.000000      2563710   2207528.42
        3.23     1.000000      2563710   2330168.89
        3.23     1.000000      2563710   2467237.65
        9.54     1.000000      2563711   2621440.00
        9.54     1.000000      2563711          inf
#[Mean    =        0.710, StdDeviation   =        0.177]
#[Max     =        9.535, Total count    =      2563711]
#[Buckets =           20, SubBuckets     =          256]
