       Value   Percentile   TotalCount 1/(1-Percentile)

        0.02     0.000000        14589         1.00
        0.35     0.050000      1698282         1.05
        0.59     0.100000      3388598         1.11
        0.69     0.150000      5641511         1.18
        0.71     0.200000      7838289         1.25
        0.72     0.250000      9415233         1.33
        0.73     0.300000     11361984         1.43
        0.73     0.350000     13711931         1.54
        0.73     0.400000     13711931         1.67
        0.74     0.450000     16433023         1.82
        0.75     0.500000     19437664         2.00
        0.75     0.525000     19437664         2.11
        0.75     0.550000     19437664         2.22
        0.76     0.575000     22525951         2.35
        0.76     0.600000     22525951         2.50
        0.76     0.625000     22525951         2.67
        0.76     0.650000     22525951         2.86
        0.77     0.675000     25226969         3.08
        0.77     0.700000     25226969         3.33
        0.77     0.725000     25226969         3.64
        0.78     0.750000     27109208         4.00
        0.78     0.762500     27109208         4.21
        0.78     0.775000     27109208         4.44
        0.78     0.787500     27109208         4.71
        0.78     0.800000     27109208         5.00
        0.78     0.812500     28249232         5.33
        0.78     0.825000     28249232         5.71
        0.79     0.837500     28876359         6.15
        0.79     0.850000     28876359         6.67
        0.80     0.862500     29240880         7.27
        0.81     0.875000     29728726         8.00
        0.82     0.881250     29961917         8.42
        0.83     0.887500     30205055         8.89
        0.84     0.893750     30460135         9.41
        0.84     0.900000     30460135        10.00
        0.85     0.906250     30732530        10.67
        0.85     0.912500     31019768        11.43
        0.86     0.918750     31303048        12.31
        0.86     0.925000     31303048        13.33
        0.87     0.931250     31563622        14.55
        0.88     0.937500     31783793        16.00
        0.89     0.940625     31966977        16.84
        0.89     0.943750     31966977        17.78
        0.90     0.946875     32118567        18.82
        0.90     0.950000     32234255        20.00
        0.90     0.953125     32234255        21.33
        0.92     0.956250     32394512        22.86
        0.93     0.959375     32451926        24.62
        0.95     0.962500     32578948        26.67
        0.97     0.965625     32683148        29.09
        1.00     0.968750     32779758        32.00
        1.01     0.970313     32835498        33.68
        1.03     0.971875     32884077        35.56
        1.05     0.973437     32922542        37.65
        1.08     0.975000     32972494        40.00
        1.15     0.976562     33022883        42.67
        1.25     0.978125     33076039        45.71
        1.35     0.979688     33129499        49.23
        1.40     0.981250     33192100        53.33
        1.42     0.982812     33242269        58.18
        1.45     0.984375     33306674        64.00
        1.46     0.985156     33332578        67.37
        1.46     0.985938     33359913        71.11
        1.47     0.986719     33389222        75.29
        1.48     0.987500     33419757        80.00
        1.48     0.988281     33419757        85.33
        1.49     0.989062     33451894        91.43
        1.50     0.989844     33485830        98.46
        1.50     0.990625     33521943       106.67
        1.51     0.991406     33558697       116.36
        1.51     0.992188     33558697       128.00
        1.52     0.992578     33594289       134.74
        1.52     0.992969     33594289       142.22
        1.52     0.993359     33594289       150.59
        1.53     0.993750     33626902       160.00
        1.53     0.994141     33626902       170.67
        1.53     0.994531     33654497       182.86
        1.53     0.994922     33654497       196.92
        1.54     0.995313     33676776       213.33
        1.54     0.995703     33676776       232.73
        1.55     0.996094     33694325       256.00
        1.55     0.996289     33694325       269.47
        1.56     0.996484     33707750       284.44
        1.56     0.996680     33707750       301.18
        1.57     0.996875     33717842       320.00
        1.57     0.997070     33717842       341.33
        1.57     0.997266     33725799       365.71
        1.58     0.997461     33731805       393.85
        1.59     0.997656     33736617       426.67
        1.61     0.997852     33744073       465.45
        1.62     0.998047     33750126       512.00
        1.63     0.998145     33753144       538.95
        1.64     0.998242     33756007       568.89
        1.66     0.998340     33761824       602.35
        1.66     0.998437     33764583       640.00
        1.67     0.998535     33767437       682.67
        1.68     0.998633     33770304       731.43
        1.69     0.998730     33773257       787.69
        1.70     0.998828     33776298       853.33
        1.70     0.998926     33779359       930.91
        1.71     0.999023     33782401      1024.00
        1.72     0.999072     33785454      1077.89
        1.73     0.999121     33788380      1137.78
        1.73     0.999170     33788380      1204.71
        1.74     0.999219     33791173      1280.00
        1.74     0.999268     33791173      1365.33
        1.74     0.999316     33793709      1462.86
        1.75     0.999365     33795937      1575.38
        1.75     0.999414     33795937      1706.67
        1.76     0.999463     33798000      1861.82
        1.77     0.999512     33799866      2048.00
        1.77     0.999536     33799866      2155.79
        1.77     0.999561     33801470      2275.56
        1.77     0.999585     33801470      2409.41
        1.78     0.999609     33802953      2560.00
        1.78     0.999634     33802953      2730.67
        1.79     0.999658     33804206      2925.71
        1.80     0.999683     33805301      3150.77
        1.80     0.999707     33805301      3413.33
        1.81     0.999731     33806369      3723.64
        1.81     0.999756     33807246      4096.00
        1.82     0.999768     33807965      4311.58
        1.82     0.999780     33807965      4551.11
        1.83     0.999792     33808555      4818.82
        1.84     0.999805     33809126      5120.00
        1.84     0.999817     33809126      5461.33
        1.85     0.999829     33809628      5851.43
        1.85     0.999841     33810072      6301.54
        1.86     0.999854     33810469      6826.67
        1.87     0.999866     33810830      7447.27
        1.88     0.999878     33811150      8192.00
        1.89     0.999884     33811450      8623.16
        1.90     0.999890     33811708      9102.22
        1.90     0.999896     33811708      9637.65
        1.90     0.999902     33811930     10240.00
        1.91     0.999908     33812127     10922.67
        1.93     0.999915     33812474     11702.86
        1.94     0.999921     33812627     12603.08
        1.94     0.999927     33812777     13653.33
        1.96     0.999933     33813078     14894.55
        1.97     0.999939     33813268     16384.00
        1.97     0.999942     33813268     17246.32
        1.98     0.999945     33813389     18204.44
        1.98     0.999948     33813487     19275.29
        1.99     0.999951     33813567     20480.00
        2.00     0.999954     33813656     21845.33
        2.02     0.999957     33813794     23405.71
        2.03     0.999960     33813860     25206.15
        2.06     0.999963     33813960     27306.67
        2.11     0.999966     33814071     29789.09
        2.17     0.999969     33814175     32768.00
        2.21     0.999971     33814237     34492.63
        2.22     0.999973     33814268     36408.89
        2.25     0.999974     33814327     38550.59
        2.29     0.999976     33814384     40960.00
        2.32     0.999977     33814442     43690.67
        2.35     0.999979     33814490     46811.43
        2.38     0.999980     33814527     50412.31
        2.46     0.999982     33814579     54613.33
        2.62     0.999983     33814633     59578.18
        3.01     0.999985     33814680     65536.00
        4.93     0.999986     33814770     68985.26
        4.93     0.999986     33814770     72817.78
        4.93     0.999987     33814770     77101.18
        4.96     0.999988     33814791     81920.00
        6.69     0.999989     33814883     87381.33
        6.69     0.999989     33814883     93622.86
        6.69     0.999990     33814883    100824.62
        6.72     0.999991     33814887    109226.67
        7.29     0.999992     33814930    119156.36
        7.33     0.999992     33814978    131072.00
        7.33     0.999993     33814978    137970.53
        7.33     0.999993     33814978    145635.56
        7.33     0.999994     33814978    154202.35
        7.46     0.999994     33814991    163840.00
       77.31     0.999994     33815015    174762.67
       77.31     0.999995     33815015    187245.71
       77.82     0.999995     33815034    201649.23
       78.33     0.999995     33815050    218453.33
       78.85     0.999996     33815069    238312.73
       78.85     0.999996     33815069    262144.00
       79.36     0.999996     33815083    275941.05
       79.36     0.999997     33815083    291271.11
       79.87     0.999997     33815093    308404.71
       79.87     0.999997     33815093    327680.00
      167.94     0.999997     33815102    349525.33
      168.96     0.999997     33815195    374491.43
      168.96     1.000000     33815195          inf
#[Mean    =        0.732, StdDeviation   =        0.369]
#[Max     =      168.959, Total count    =     33815195]
#[Buckets =           20, SubBuckets     =          256]
