       Value   Percentile   TotalCount 1/(1-Percentile)

        0.02     0.000000        16668         1.00
        0.34     0.050000      1692593         1.05
        0.58     0.100000      3403626         1.11
        0.69     0.150000      5581155         1.18
        0.70     0.200000      7746488         1.25
        0.71     0.250000      9357465         1.33
        0.72     0.300000     11377078         1.43
        0.73     0.350000     13796024         1.54
        0.73     0.400000     13796024         1.67
        0.73     0.450000     16639960         1.82
        0.74     0.500000     19796788         2.00
        0.74     0.525000     19796788         2.11
        0.74     0.550000     19796788         2.22
        0.74     0.575000     19796788         2.35
        0.75     0.600000     22985280         2.50
        0.75     0.625000     22985280         2.67
        0.75     0.650000     22985280         2.86
        0.75     0.675000     22985280         3.08
        0.76     0.700000     25667123         3.33
        0.76     0.725000     25667123         3.64
        0.76     0.750000     25667123         4.00
        0.77     0.762500     27475360         4.21
        0.77     0.775000     27475360         4.44
        0.77     0.787500     27475360         4.71
        0.77     0.800000     27475360         5.00
        0.78     0.812500     28493598         5.33
        0.78     0.825000     28493598         5.71
        0.78     0.837500     28493598         6.15
        0.78     0.850000     29007668         6.67
        0.79     0.862500     29298787         7.27
        0.81     0.875000     29725825         8.00
        0.81     0.881250     29942225         8.42
        0.82     0.887500     30175178         8.89
        0.83     0.893750     30427593         9.41
        0.84     0.900000     30688414        10.00
        0.84     0.906250     30688414        10.67
        0.85     0.912500     30963561        11.43
        0.85     0.918750     31247786        12.31
        0.86     0.925000     31518898        13.33
        0.86     0.931250     31518898        14.55
        0.87     0.937500     31765131        16.00
        0.88     0.940625     31968221        16.84
        0.88     0.943750     31968221        17.78
        0.89     0.946875     32130242        18.82
        0.89     0.950000     32130242        20.00
        0.90     0.953125     32249892        21.33
        0.90     0.956250     32341157        22.86
        0.92     0.959375     32469048        24.62
        0.94     0.962500     32556292        26.67
        0.96     0.965625     32664181        29.09
        0.98     0.968750     32763977        32.00
        1.00     0.970313     32826331        33.68
        1.01     0.971875     32878388        35.56
        1.03     0.973437     32920932        37.65
        1.06     0.975000     32974580        40.00
        1.14     0.976562     33024363        42.67
        1.24     0.978125     33081053        45.71
        1.33     0.979688     33130973        49.23
        1.38     0.981250     33191575        53.33
        1.41     0.982812     33242161        58.18
        1.43     0.984375     33308313        64.00
        1.44     0.985156     33334095        67.37
        1.45     0.985938     33361774        71.11
        1.46     0.986719     33391491        75.29
        1.46     0.987500     33423165        80.00
        1.46     0.988281     33423165        85.33
        1.47     0.989062     33457312        91.43
        1.48     0.989844     33494020        98.46
        1.49     0.990625     33532569       106.67
        1.49     0.991406     33532569       116.36
        1.50     0.992188     33571730       128.00
        1.50     0.992578     33571730       134.74
        1.50     0.992969     33608945       142.22
        1.50     0.993359     33608945       150.59
        1.50     0.993750     33608945       160.00
        1.51     0.994141     33641562       170.67
        1.51     0.994531     33641562       182.86
        1.52     0.994922     33668133       196.92
        1.52     0.995313     33668133       213.33
        1.53     0.995703     33688783       232.73
        1.53     0.996094     33688783       256.00
        1.53     0.996289     33704520       269.47
        1.53     0.996484     33704520       284.44
        1.54     0.996680     33716135       301.18
        1.54     0.996875     33716135       320.00
        1.55     0.997070     33724466       341.33
        1.56     0.997266     33730468       365.71
        1.57     0.997461     33735023       393.85
        1.57     0.997656     33738544       426.67
        1.59     0.997852     33744529       465.45
        1.61     0.998047     33753396       512.00
        1.62     0.998145     33756376       538.95
        1.63     0.998242     33759239       568.89
        1.64     0.998340     33762078       602.35
        1.65     0.998437     33765020       640.00
        1.66     0.998535     33767915       682.67
        1.66     0.998633     33770837       731.43
        1.68     0.998730     33776951       787.69
        1.69     0.998828     33780022       853.33
        1.70     0.998926     33783164       930.91
        1.70     0.999023     33786399      1024.00
        1.70     0.999072     33786399      1077.89
        1.71     0.999121     33789574      1137.78
        1.71     0.999170     33789574      1204.71
        1.72     0.999219     33792583      1280.00
        1.72     0.999268     33792583      1365.33
        1.73     0.999316     33795397      1462.86
        1.74     0.999365     33797958      1575.38
        1.74     0.999414     33797958      1706.67
        1.74     0.999463     33800263      1861.82
        1.75     0.999512     33802250      2048.00
        1.75     0.999536     33802250      2155.79
        1.75     0.999561     33802250      2275.56
        1.76     0.999585     33803988      2409.41
        1.76     0.999609     33803988      2560.00
        1.77     0.999634     33805659      2730.67
        1.77     0.999658     33805659      2925.71
        1.77     0.999683     33807003      3150.77
        1.78     0.999707     33808146      3413.33
        1.78     0.999731     33808146      3723.64
        1.79     0.999756     33809100      4096.00
        1.80     0.999768     33809909      4311.58
        1.80     0.999780     33809909      4551.11
        1.81     0.999792     33810600      4818.82
        1.81     0.999805     33810600      5120.00
        1.81     0.999817     33811214      5461.33
        1.81     0.999829     33811214      5851.43
        1.82     0.999841     33811736      6301.54
        1.83     0.999854     33812199      6826.67
        1.84     0.999866     33812583      7447.27
        1.85     0.999878     33812950      8192.00
        1.85     0.999884     33813262      8623.16
        1.85     0.999890     33813262      9102.22
        1.86     0.999896     33813540      9637.65
        1.87     0.999902     33813803     10240.00
        1.88     0.999908     33814047     10922.67
        1.89     0.999915     33814274     11702.86
        1.89     0.999921     33814274     12603.08
        1.90     0.999927     33814492     13653.33
        1.90     0.999933     33814681     14894.55
        1.92     0.999939     33815034     16384.00
        1.92     0.999942     33815034     17246.32
        1.93     0.999945     33815192     18204.44
        1.93     0.999948     33815192     19275.29
        1.94     0.999951     33815313     20480.00
        1.94     0.999954     33815426     21845.33
        1.95     0.999957     33815528     23405.71
        1.96     0.999960     33815619     25206.15
        1.98     0.999963     33815780     27306.67
        1.98     0.999966     33815838     29789.09
        2.00     0.999969     33815943     32768.00
        2.01     0.999971     33815987     34492.63
        2.02     0.999973     33816023     36408.89
        2.04     0.999974     33816085     38550.59
        2.06     0.999976     33816136     40960.00
        2.10     0.999977     33816189     43690.67
        2.13     0.999979     33816226     46811.43
        2.16     0.999980     33816279     50412.31
        2.19     0.999982     33816330     54613.33
        2.22     0.999983     33816388     59578.18
        2.25     0.999985     33816435     65536.00
        2.27     0.999986     33816455     68985.26
        2.29     0.999986     33816481     72817.78
        2.32     0.999987     33816529     77101.18
        2.33     0.999988     33816544     81920.00
        2.37     0.999989     33816567     87381.33
        2.40     0.999989     33816587     93622.86
        2.45     0.999990     33816611    100824.62
        2.53     0.999991     33816636    109226.67
        2.62     0.999992     33816666    119156.36
        2.73     0.999992     33816690    131072.00
        2.80     0.999993     33816702    137970.53
        2.93     0.999993     33816713    145635.56
        3.17     0.999994     33816727    154202.35
        3.31     0.999994     33816740    163840.00
       73.22     0.999994     33816772    174762.67
       73.22     0.999995     33816772    187245.71
       73.73     0.999995     33816801    201649.23
       73.73     0.999995     33816801    218453.33
       74.24     0.999996     33816820    238312.73
       74.24     0.999996     33816820    262144.00
       75.26     0.999996     33816831    275941.05
       75.26     0.999997     33816831    291271.11
       75.78     0.999997     33816841    308404.71
       76.29     0.999997     33816845    327680.00
      169.98     0.999997     33816939    349525.33
      169.98     0.999997     33816939    374491.43
      169.98     0.999998     33816939    403298.46
      169.98     0.999998     33816939    436906.67
      169.98     0.999998     33816939    476625.45
      169.98     0.999998     33816939    524288.00
      169.98     0.999998     33816939    551882.11
      169.98     0.999998     33816939    582542.22
      169.98     0.999998     33816939    616809.41
      169.98     0.999998     33816939    655360.00
      169.98     0.999999     33816939    699050.67
      169.98     0.999999     33816939    748982.86
      169.98     0.999999     33816939    806596.92
      169.98     0.999999     33816939    873813.33
      169.98     0.999999     33816939    953250.91
      169.98     0.999999     33816939   1048576.00
      169.98     0.999999     33816939   1103764.21
      169.98     0.999999     33816939   1165084.44
      169.98     0.999999     33816939   1233618.82
      169.98     0.999999     33816939   1310720.00
      169.98     0.999999     33816939   1398101.33
      169.98     0.999999     33816939   1497965.71
      169.98     0.999999     33816939   1613193.85
      169.98     0.999999     33816939   1747626.67
      169.98     0.999999     33816939   1906501.82
      169.98     1.000000     33816939   2097152.00
      169.98     1.000000     33816939   2207528.42
      169.98     1.000000     33816939   2330168.89
      169.98     1.000000     33816939   2467237.65
      169.98     1.000000     33816939   2621440.00
      169.98     1.000000     33816939   2796202.67
      169.98     1.000000     33816939   2995931.43
      169.98     1.000000     33816939   3226387.69
      169.98     1.000000     33816939   3495253.33
      169.98     1.000000     33816939   3813003.64
      169.98     1.000000     33816939   4194304.00
      169.98     1.000000     33816939   4415056.84
      169.98     1.000000     33816939   4660337.78
      169.98     1.000000     33816939   4934475.29
      169.98     1.000000     33816939   5242880.00
      169.98     1.000000     33816939   5592405.33
      171.01     1.000000     33816945   5991862.86
      171.01     1.000000     33816945          inf
#[Mean    =        0.724, StdDeviation   =        0.367]
#[Max     =      171.007, Total count    =     33816945]
#[Buckets =           20, SubBuckets     =          256]
