       Value   Percentile   TotalCount 1/(1-Percentile)

        0.36     0.000000            1         1.00
        1.85     0.050000      3124924         1.05
        1.89     0.100000      5670598         1.11
        1.92     0.150000      9206546         1.18
        1.94     0.200000     12372675         1.25
        1.96     0.250000     14616199         1.33
        1.98     0.300000     17991879         1.43
        2.00     0.350000     20154198         1.54
        2.02     0.400000     23099394         1.67
        2.05     0.450000     25573796         1.82
        2.10     0.500000     28999460         2.00
        2.11     0.525000     29746604         2.11
        2.16     0.550000     31144606         2.22
        2.80     0.575000     32536848         2.35
        2.98     0.600000     34047657         2.50
        3.06     0.625000     35692963         2.67
        3.10     0.650000     37069797         2.86
        3.13     0.675000     38151313         3.08
        3.18     0.700000     40005635         3.33
        3.21     0.725000     41364820         3.64
        3.25     0.750000     42767167         4.00
        3.26     0.762500     43470502         4.21
        3.28     0.775000     44161977         4.44
        3.29     0.787500     44834243         4.71
        3.31     0.800000     45476251         5.00
        3.33     0.812500     46087915         5.33
        3.34     0.825000     46658738         5.71
        3.38     0.837500     47683801         6.15
        3.39     0.850000     48140226         6.67
        3.42     0.862500     48971946         7.27
        3.46     0.875000     49753705         8.00
        3.47     0.881250     50150832         8.42
        3.49     0.887500     50557237         8.89
        3.49     0.893750     50557237         9.41
        3.50     0.900000     50975286        10.00
        3.52     0.906250     51407603        10.67
        3.54     0.912500     51846379        11.43
        3.55     0.918750     52291103        12.31
        3.55     0.925000     52291103        13.33
        3.57     0.931250     52728471        14.55
        3.58     0.937500     53148220        16.00
        3.60     0.940625     53546805        16.84
        3.60     0.943750     53546805        17.78
        3.60     0.946875     53546805        18.82
        3.62     0.950000     53915284        20.00
        3.62     0.953125     53915284        21.33
        3.63     0.956250     54251096        22.86
        3.63     0.959375     54251096        24.62
        3.65     0.962500     54546864        26.67
        3.66     0.965625     54807965        29.09
        3.66     0.968750     54807965        32.00
        3.68     0.970313     55035160        33.68
        3.68     0.971875     55035160        35.56
        3.68     0.973437     55035160        37.65
        3.69     0.975000     55229017        40.00
        3.69     0.976562     55229017        42.67
        3.71     0.978125     55391773        45.71
        3.71     0.979688     55391773        49.23
        3.73     0.981250     55529144        53.33
        3.74     0.982812     55647452        58.18
        3.74     0.984375     55647452        64.00
        3.76     0.985156     55748272        67.37
        3.76     0.985938     55748272        71.11
        3.77     0.986719     55837203        75.29
        3.77     0.987500     55837203        80.00
        3.79     0.988281     55915700        85.33
        3.79     0.989062     55915700        91.43
        3.81     0.989844     55986731        98.46
        3.81     0.990625     55986731       106.67
        3.82     0.991406     56050339       116.36
        3.84     0.992188     56106616       128.00
        3.84     0.992578     56106616       134.74
        3.85     0.992969     56158081       142.22
        3.85     0.993359     56158081       150.59
        3.85     0.993750     56158081       160.00
        3.87     0.994141     56205644       170.67
        3.87     0.994531     56205644       182.86
        3.89     0.994922     56248388       196.92
        3.89     0.995313     56248388       213.33
        3.90     0.995703     56286340       232.73
        3.92     0.996094     56320136       256.00
        3.92     0.996289     56320136       269.47
        3.92     0.996484     56320136       284.44
        3.94     0.996680     56349124       301.18
        3.94     0.996875     56349124       320.00
        3.94     0.997070     56349124       341.33
        3.95     0.997266     56374903       365.71
        3.95     0.997461     56374903       393.85
        3.97     0.997656     56396450       426.67
        3.97     0.997852     56396450       465.45
        3.98     0.998047     56414265       512.00
        3.98     0.998145     56414265       538.95
        3.98     0.998242     56414265       568.89
        4.00     0.998340     56429009       602.35
        4.00     0.998437     56429009       640.00
        4.00     0.998535     56429009       682.67
        4.01     0.998633     56441529       731.43
        4.01     0.998730     56441529       787.69
        4.03     0.998828     56451778       853.33
        4.03     0.998926     56451778       930.91
        4.05     0.999023     56459905      1024.00
        4.05     0.999072     56459905      1077.89
        4.06     0.999121     56467061      1137.78
        4.06     0.999170     56467061      1204.71
        4.06     0.999219     56467061      1280.00
        4.08     0.999268     56472574      1365.33
        4.08     0.999316     56472574      1462.86
        4.09     0.999365     56477145      1575.38
        4.13     0.999414     56483874      1706.67
        4.13     0.999463     56483874      1861.82
        4.13     0.999512     56483874      2048.00
        4.16     0.999536     56488422      2155.79
        4.16     0.999561     56488422      2275.56
        4.16     0.999585     56488422      2409.41
        4.19     0.999609     56491595      2560.00
        4.19     0.999634     56491595      2730.67
        4.19     0.999658     56491595      2925.71
        4.22     0.999683     56494034      3150.77
        4.25     0.999707     56495915      3413.33
        4.25     0.999731     56495915      3723.64
        4.29     0.999756     56497542      4096.00
        4.32     0.999768     56498919      4311.58
        4.32     0.999780     56498919      4551.11
        4.35     0.999792     56500182      4818.82
        4.35     0.999805     56500182      5120.00
        4.38     0.999817     56501216      5461.33
        4.38     0.999829     56501216      5851.43
        4.42     0.999841     56502173      6301.54
        4.45     0.999854     56503028      6826.67
        4.48     0.999866     56503848      7447.27
        4.51     0.999878     56504609      8192.00
        4.51     0.999884     56504609      8623.16
        4.51     0.999890     56504609      9102.22
        4.54     0.999896     56505263      9637.65
        4.58     0.999902     56505903     10240.00
        4.58     0.999908     56505903     10922.67
        4.61     0.999915     56506514     11702.86
        4.61     0.999921     56506514     12603.08
        4.64     0.999927     56507000     13653.33
        4.64     0.999933     56507000     14894.55
        4.67     0.999939     56507504     16384.00
        4.70     0.999942     56507874     17246.32
        4.70     0.999945     56507874     18204.44
        4.70     0.999948     56507874     19275.29
        4.74     0.999951     56508225     20480.00
        4.74     0.999954     56508225     21845.33
        4.77     0.999957     56508555     23405.71
        4.77     0.999960     56508555     25206.15
        4.80     0.999963     56508856     27306.67
        4.83     0.999966     56509109     29789.09
        4.83     0.999969     56509109     32768.00
        4.86     0.999971     56509334     34492.63
        4.86     0.999973     56509334     36408.89
        4.86     0.999974     56509334     38550.59
        4.89     0.999976     56509546     40960.00
        4.89     0.999977     56509546     43690.67
        4.93     0.999979     56509704     46811.43
        4.93     0.999980     56509704     50412.31
        4.96     0.999982     56509830     54613.33
        4.99     0.999983     56509930     59578.18
        4.99     0.999985     56509930     65536.00
        5.02     0.999986     56510061     68985.26
        5.02     0.999986     56510061     72817.78
        5.02     0.999987     56510061     77101.18
        5.05     0.999988     56510136     81920.00
        5.05     0.999989     56510136     87381.33
        5.09     0.999989     56510216     93622.86
        5.12     0.999990     56510320    100824.62
        5.12     0.999991     56510320    109226.67
        5.12     0.999992     56510320    119156.36
        5.15     0.999992     56510378    131072.00
        5.15     0.999993     56510378    137970.53
        5.18     0.999993     56510449    145635.56
        5.18     0.999994     56510449    154202.35
        5.18     0.999994     56510449    163840.00
        5.21     0.999994     56510491    174762.67
        5.21     0.999995     56510491    187245.71
        5.25     0.999995     56510536    201649.23
        5.25     0.999995     56510536    218453.33
        5.28     0.999996     56510560    238312.73
        5.31     0.999996     56510609    262144.00
        5.31     0.999996     56510609    275941.05
        5.31     0.999997     56510609    291271.11
        5.31     0.999997     56510609    308404.71
        5.34     0.999997     56510642    327680.00
        5.34     0.999997     56510642    349525.33
        5.34     0.999997     56510642    374491.43
        5.34     0.999998     56510642    403298.46
        5.41     0.999998     56510664    436906.67
        5.41     0.999998     56510664    476625.45
        5.44     0.999998     56510686    524288.00
        5.44     0.999998     56510686    551882.11
        5.44     0.999998     56510686    582542.22
        5.47     0.999998     56510698    616809.41
        5.47     0.999998     56510698    655360.00
        5.50     0.999999     56510723    699050.67
        5.50     0.999999     56510723    748982.86
        5.50     0.999999     56510723    806596.92
        5.50     0.999999     56510723    873813.33
        5.50     0.999999     56510723    953250.91
        5.57     0.999999     56510738   1048576.00
        5.57     0.999999     56510738   1103764.21
        5.57     0.999999     56510738   1165084.44
        5.57     0.999999     56510738   1233618.82
        5.60     0.999999     56510746   1310720.00
        5.60     0.999999     56510746   1398101.33
        5.60     0.999999     56510746   1497965.71
        5.63     0.999999     56510762   1613193.85
        5.63     0.999999     56510762   1747626.67
        5.63     0.999999     56510762   1906501.82
        5.63     1.000000     56510762   2097152.00
        5.63     1.000000     56510762   2207528.42
        5.63     1.000000     56510762   2330168.89
        5.63     1.000000     56510762   2467237.65
        5.63     1.000000     56510762   2621440.00
        5.63     1.000000     56510762   2796202.67
        5.66     1.000000     56510769   2995931.43
        5.66     1.000000     56510769   3226387.69
        5.66     1.000000     56510769   3495253.33
        5.66     1.000000     56510769   3813003.64
        5.66     1.000000     56510769   4194304.00
        5.70     1.000000     56510773   4415056.84
        5.70     1.000000     56510773   4660337.78
        5.70     1.000000     56510773   4934475.29
        5.70     1.000000     56510773   5242880.00
        5.70     1.000000     56510773   5592405.33
        5.70     1.000000     56510773   5991862.86
        5.73     1.000000     56510774   6452775.39
        5.73     1.000000     56510774   6990506.67
        5.76     1.000000     56510775   7626007.28
        5.82     1.000000     56510777   8388608.00
        5.82     1.000000     56510777   8830113.68
        5.82     1.000000     56510777   9320675.55
        5.82     1.000000     56510777   9868950.59
        5.82     1.000000     56510777  10485760.00
        5.82     1.000000     56510777  11184810.67
        5.86     1.000000     56510781  11983725.71
        5.86     1.000000     56510781  12905550.76
        5.86     1.000000     56510781  13981013.34
        5.86     1.000000     56510781  15252014.55
        5.86     1.000000     56510781  16777216.00
        5.86     1.000000     56510781  17660227.38
        5.86     1.000000     56510781  18641351.10
        5.86     1.000000     56510781  19737901.19
        5.86     1.000000     56510781  20971519.98
        5.86     1.000000     56510781  22369621.33
        5.86     1.000000     56510781  23967451.45
        5.86     1.000000     56510781  25811101.52
        5.86     1.000000     56510781  27962026.68
        5.86     1.000000     56510781  30504029.05
        5.86     1.000000     56510781  33554432.00
        5.86     1.000000     56510781  35320454.76
        5.86     1.000000     56510781  37282702.28
        5.86     1.000000     56510781  39475802.28
        5.86     1.000000     56510781  41943039.96
        5.86     1.000000     56510781  44739242.67
        5.86     1.000000     56510781  47934902.91
        5.86     1.000000     56510781  51622203.20
        5.86     1.000000     56510781  55924053.19
        6.01     1.000000     56510782  61008058.10
        6.01     1.000000     56510782          inf
#[Mean    =        2.547, StdDeviation   =        0.682]
#[Max     =        6.015, Total count    =     56510782]
#[Buckets =           20, SubBuckets     =          256]
