       Value   Percentile   TotalCount 1/(1-Percentile)

        0.02     0.000000         6542         1.00
        0.49     0.050000      1422666         1.05
        0.73     0.100000      2837815         1.11
        0.78     0.150000      4524197         1.18
        0.80     0.200000      6028644         1.25
        0.81     0.250000      7061308         1.33
        0.82     0.300000      9641790         1.43
        0.83     0.350000     11134209         1.54
        0.84     0.400000     12703982         1.67
        0.84     0.450000     12703982         1.82
        0.85     0.500000     14296336         2.00
        0.85     0.525000     15876606         2.11
        0.85     0.550000     15876606         2.22
        0.86     0.575000     17395276         2.35
        0.86     0.600000     17395276         2.50
        0.87     0.625000     18806283         2.67
        0.87     0.650000     18806283         2.86
        0.88     0.675000     20101548         3.08
        0.88     0.700000     20101548         3.33
        0.89     0.725000     21245413         3.64
        0.89     0.750000     21245413         4.00
        0.90     0.762500     22250408         4.21
        0.90     0.775000     22250408         4.44
        0.90     0.787500     22250408         4.71
        0.90     0.800000     23126714         5.00
        0.90     0.812500     23126714         5.33
        0.91     0.825000     23860721         5.71
        0.91     0.837500     23860721         6.15
        0.92     0.850000     24479747         6.67
        0.92     0.862500     24479747         7.27
        0.93     0.875000     24988716         8.00
        0.93     0.881250     24988716         8.42
        0.94     0.887500     25403560         8.89
        0.94     0.893750     25403560         9.41
        0.94     0.900000     25403560        10.00
        0.94     0.906250     25737215        10.67
        0.94     0.912500     25737215        11.43
        0.95     0.918750     26001134        12.31
        0.96     0.925000     26206838        13.33
        0.97     0.931250     26362028        14.55
        0.97     0.937500     26480679        16.00
        0.98     0.940625     26572569        16.84
        0.99     0.943750     26644760        17.78
        1.00     0.946875     26700069        18.82
        1.01     0.950000     26776353        20.00
        1.04     0.953125     26850364        21.33
        1.08     0.956250     26935652        22.86
        1.14     0.959375     27031803        24.62
        1.18     0.962500     27112945        26.67
        1.22     0.965625     27204860        29.09
        1.25     0.968750     27292364        32.00
        1.28     0.970313     27337116        33.68
        1.30     0.971875     27374805        35.56
        1.34     0.973437     27422541        37.65
        1.40     0.975000     27462542        40.00
        1.52     0.976562     27508611        42.67
        1.57     0.978125     27554733        45.71
        1.61     0.979688     27603588        49.23
        1.63     0.981250     27653709        53.33
        1.65     0.982812     27693034        58.18
        1.66     0.984375     27735996        64.00
        1.67     0.985156     27758234        67.37
        1.68     0.985938     27781097        71.11
        1.69     0.986719     27803976        75.29
        1.70     0.987500     27826542        80.00
        1.70     0.988281     27848769        85.33
        1.71     0.989062     27870240        91.43
        1.72     0.989844     27890872        98.46
        1.73     0.990625     27911004       106.67
        1.74     0.991406     27929974       116.36
        1.74     0.992188     27947981       128.00
        1.75     0.992578     27964971       134.74
        1.76     0.992969     27981029       142.22
        1.76     0.993359     27981029       150.59
        1.77     0.993750     27996072       160.00
        1.77     0.994141     28009952       170.67
        1.78     0.994531     28023042       182.86
        1.79     0.994922     28035011       196.92
        1.79     0.995313     28035011       213.33
        1.80     0.995703     28046110       232.73
        1.81     0.996094     28056413       256.00
        1.81     0.996289     28065755       269.47
        1.82     0.996484     28073950       284.44
        1.82     0.996680     28073950       301.18
        1.83     0.996875     28081362       320.00
        1.84     0.997070     28088089       341.33
        1.85     0.997266     28093941       365.71
        1.85     0.997461     28099037       393.85
        1.86     0.997656     28103285       426.67
        1.87     0.997852     28106979       465.45
        1.89     0.998047     28112670       512.00
        1.90     0.998145     28114739       538.95
        1.91     0.998242     28118006       568.89
        1.93     0.998340     28120136       602.35
        1.96     0.998437     28123054       640.00
        1.98     0.998535     28125804       682.67
        2.00     0.998633     28128310       731.43
        2.02     0.998730     28132015       787.69
        2.02     0.998828     28134310       853.33
        2.03     0.998926     28136608       930.91
        2.04     0.999023     28139710      1024.00
        2.05     0.999072     28142871      1077.89
        2.05     0.999121     28142871      1137.78
        2.06     0.999170     28148119      1204.71
        2.06     0.999219     28148119      1280.00
        2.06     0.999268     28148119      1365.33
        2.06     0.999316     28148119      1462.86
        2.08     0.999365     28152734      1575.38
        2.08     0.999414     28152734      1706.67
        2.08     0.999463     28152734      1861.82
        2.08     0.999512     28152734      2048.00
        2.10     0.999536     28155573      2155.79
        2.10     0.999561     28155573      2275.56
        2.10     0.999585     28155573      2409.41
        2.10     0.999609     28155573      2560.00
        2.11     0.999634     28157720      2730.67
        2.11     0.999658     28157720      2925.71
        2.11     0.999683     28157720      3150.77
        2.13     0.999707     28158808      3413.33
        2.13     0.999731     28158808      3723.64
        2.14     0.999756     28160322      4096.00
        2.14     0.999768     28160322      4311.58
        2.14     0.999780     28160322      4551.11
        2.16     0.999792     28160868      4818.82
        2.16     0.999805     28160868      5120.00
        2.19     0.999817     28161151      5461.33
        2.27     0.999829     28161547      5851.43
        2.33     0.999841     28161840      6301.54
        2.40     0.999854     28162277      6826.67
        2.45     0.999866     28162634      7447.27
        2.48     0.999878     28162934      8192.00
        2.50     0.999884     28163103      8623.16
        2.51     0.999890     28163236      9102.22
        2.54     0.999896     28163399      9637.65
        2.59     0.999902     28163557     10240.00
        2.69     0.999908     28163716     10922.67
        2.77     0.999915     28163914     11702.86
        2.81     0.999921     28164096     12603.08
        2.85     0.999927     28164245     13653.33
        2.88     0.999933     28164474     14894.55
        2.90     0.999939     28164617     16384.00
        2.91     0.999942     28164804     17246.32
        2.91     0.999945     28164804     18204.44
        2.93     0.999948     28164969     19275.29
        2.93     0.999951     28164969     20480.00
        2.94     0.999954     28165114     21845.33
        2.94     0.999957     28165114     23405.71
        2.96     0.999960     28165278     25206.15
        2.96     0.999963     28165278     27306.67
        2.98     0.999966     28165416     29789.09
        2.99     0.999969     28165523     32768.00
        2.99     0.999971     28165523     34492.63
        2.99     0.999973     28165523     36408.89
        3.01     0.999974     28165617     38550.59
        3.01     0.999976     28165617     40960.00
        3.02     0.999977     28165693     43690.67
        3.02     0.999979     28165693     46811.43
        3.04     0.999980     28165750     50412.31
        3.06     0.999982     28165797     54613.33
        3.09     0.999983     28165826     59578.18
        3.34     0.999985     28165867     65536.00
        3.54     0.999986     28165884     68985.26
        4.86     0.999986     28165912     72817.78
        4.89     0.999987     28165992     77101.18
        4.89     0.999988     28165992     81920.00
        4.89     0.999989     28165992     87381.33
        4.89     0.999989     28165992     93622.86
        6.62     0.999990     28166069    100824.62
        6.62     0.999991     28166069    109226.67
        6.62     0.999992     28166069    119156.36
        6.66     0.999992     28166094    131072.00
        6.66     0.999993     28166094    137970.53
       19.71     0.999993     28166180    145635.56
       19.71     0.999994     28166180    154202.35
       19.71     0.999994     28166180    163840.00
       19.71     0.999994     28166180    174762.67
       19.71     0.999995     28166180    187245.71
       19.71     0.999995     28166180    201649.23
       19.71     0.999995     28166180    218453.33
       19.71     0.999996     28166180    238312.73
       19.84     0.999996     28166186    262144.00
       20.61     0.999996     28166192    275941.05
       44.03     0.999997     28166275    291271.11
       44.03     0.999997     28166275    308404.71
       44.03     0.999997     28166275    327680.00
       44.03     0.999997     28166275    349525.33
       44.03     0.999997     28166275    374491.43
       44.03     0.999998     28166275    403298.46
       44.03     0.999998     28166275    436906.67
       44.03     0.999998     28166275    476625.45
       44.03     0.999998     28166275    524288.00
       44.03     0.999998     28166275    551882.11
       44.03     0.999998     28166275    582542.22
       44.03     0.999998     28166275    616809.41
       44.03     0.999998     28166275    655360.00
       44.03     0.999999     28166275    699050.67
       44.03     0.999999     28166275    748982.86
       44.03     0.999999     28166275    806596.92
       44.03     0.999999     28166275    873813.33
       44.03     0.999999     28166275    953250.91
       44.03     0.999999     28166275   1048576.00
       44.03     0.999999     28166275   1103764.21
       44.03     0.999999     28166275   1165084.44
       44.03     0.999999     28166275   1233618.82
       44.03     0.999999     28166275   1310720.00
       44.03     0.999999     28166275   1398101.33
       44.03     0.999999     28166275   1497965.71
       44.03     0.999999     28166275   1613193.85
       44.29     0.999999     28166285   1747626.67
       44.29     0.999999     28166285   1906501.82
       44.29     1.000000     28166285   2097152.00
       44.29     1.000000     28166285   2207528.42
       44.29     1.000000     28166285   2330168.89
       44.29     1.000000     28166285   2467237.65
       44.29     1.000000     28166285   2621440.00
       44.29     1.000000     28166285   2796202.67
       44.29     1.000000     28166285   2995931.43
       44.29     1.000000     28166285   3226387.69
       44.29     1.000000     28166285   3495253.33
       44.29     1.000000     28166285   3813003.64
       44.80     1.000000     28166286   4194304.00
       44.80     1.000000     28166286   4415056.84
       44.80     1.000000     28166286   4660337.78
       63.23     1.000000     28166289   4934475.29
       63.23     1.000000     28166289   5242880.00
       63.23     1.000000     28166289   5592405.33
       63.23     1.000000     28166289   5991862.86
       63.23     1.000000     28166289   6452775.39
       63.23     1.000000     28166289   6990506.67
       63.23     1.000000     28166289   7626007.28
       63.23     1.000000     28166289   8388608.00
       63.23     1.000000     28166289   8830113.68
       63.23     1.000000     28166289   9320675.55
       63.74     1.000000     28166292   9868950.59
       63.74     1.000000     28166292          inf
#[Mean    =        0.841, StdDeviation   =        0.233]
#[Max     =       63.743, Total count    =     28166292]
#[Buckets =           20, SubBuckets     =          256]
