       Value   Percentile   TotalCount 1/(1-Percentile)

        0.28     0.000000            1         1.00
        1.90     0.050000      3051714         1.05
        1.93     0.100000      5640015         1.11
        1.96     0.150000      9285225         1.18
        1.98     0.200000     11433050         1.25
        2.00     0.250000     14887369         1.33
        2.02     0.300000     17239598         1.43
        2.03     0.350000     19514797         1.54
        2.06     0.400000     23588393         1.67
        2.08     0.450000     25286552         1.82
        2.11     0.500000     27960939         2.00
        2.14     0.525000     29731920         2.11
        2.17     0.550000     30823191         2.22
        2.27     0.575000     32005701         2.35
        3.01     0.600000     33405567         2.50
        3.10     0.625000     34944423         2.67
        3.17     0.650000     36585583         2.86
        3.20     0.675000     37606423         3.08
        3.25     0.700000     39377494         3.33
        3.28     0.725000     40692505         3.64
        3.31     0.750000     42077660         4.00
        3.33     0.762500     42781732         4.21
        3.34     0.775000     43478234         4.44
        3.36     0.787500     44163053         4.71
        3.38     0.800000     44821096         5.00
        3.39     0.812500     45450425         5.33
        3.41     0.825000     46041328         5.71
        3.44     0.837500     47085457         6.15
        3.46     0.850000     47539217         6.67
        3.49     0.862500     48333468         7.27
        3.50     0.875000     48692300         8.00
        3.54     0.881250     49373859         8.42
        3.55     0.887500     49721983         8.89
        3.57     0.893750     50080276         9.41
        3.57     0.900000     50080276        10.00
        3.58     0.906250     50455177        10.67
        3.60     0.912500     50849956        11.43
        3.62     0.918750     51256529        12.31
        3.63     0.925000     51666287        13.33
        3.65     0.931250     52076262        14.55
        3.66     0.937500     52469120        16.00
        3.66     0.940625     52469120        16.84
        3.68     0.943750     52847733        17.78
        3.68     0.946875     52847733        18.82
        3.69     0.950000     53198843        20.00
        3.69     0.953125     53198843        21.33
        3.71     0.956250     53517460        22.86
        3.71     0.959375     53517460        24.62
        3.73     0.962500     53802028        26.67
        3.73     0.965625     53802028        29.09
        3.74     0.968750     54048174        32.00
        3.74     0.970313     54048174        33.68
        3.76     0.971875     54260025        35.56
        3.76     0.973437     54260025        37.65
        3.76     0.975000     54260025        40.00
        3.77     0.976562     54440148        42.67
        3.77     0.978125     54440148        45.71
        3.79     0.979688     54594442        49.23
        3.81     0.981250     54723891        53.33
        3.81     0.982812     54723891        58.18
        3.82     0.984375     54833518        64.00
        3.82     0.985156     54833518        67.37
        3.84     0.985938     54926823        71.11
        3.84     0.986719     54926823        75.29
        3.85     0.987500     55008757        80.00
        3.85     0.988281     55008757        85.33
        3.87     0.989062     55080653        91.43
        3.87     0.989844     55080653        98.46
        3.89     0.990625     55147014       106.67
        3.90     0.991406     55207910       116.36
        3.92     0.992188     55262869       128.00
        3.92     0.992578     55262869       134.74
        3.92     0.992969     55262869       142.22
        3.94     0.993359     55313307       150.59
        3.94     0.993750     55313307       160.00
        3.95     0.994141     55359598       170.67
        3.95     0.994531     55359598       182.86
        3.97     0.994922     55400876       196.92
        3.97     0.995313     55400876       213.33
        3.98     0.995703     55437827       232.73
        3.98     0.996094     55437827       256.00
        3.98     0.996289     55437827       269.47
        4.00     0.996484     55470112       284.44
        4.00     0.996680     55470112       301.18
        4.00     0.996875     55470112       320.00
        4.01     0.997070     55497923       341.33
        4.01     0.997266     55497923       365.71
        4.03     0.997461     55521659       393.85
        4.03     0.997656     55521659       426.67
        4.05     0.997852     55541356       465.45
        4.05     0.998047     55541356       512.00
        4.05     0.998145     55541356       538.95
        4.06     0.998242     55557893       568.89
        4.06     0.998340     55557893       602.35
        4.06     0.998437     55557893       640.00
        4.08     0.998535     55571289       682.67
        4.08     0.998633     55571289       731.43
        4.09     0.998730     55582186       787.69
        4.09     0.998828     55582186       853.33
        4.13     0.998926     55598204       930.91
        4.13     0.999023     55598204      1024.00
        4.13     0.999072     55598204      1077.89
        4.13     0.999121     55598204      1137.78
        4.13     0.999170     55598204      1204.71
        4.16     0.999219     55608907      1280.00
        4.16     0.999268     55608907      1365.33
        4.16     0.999316     55608907      1462.86
        4.16     0.999365     55608907      1575.38
        4.19     0.999414     55615558      1706.67
        4.19     0.999463     55615558      1861.82
        4.19     0.999512     55615558      2048.00
        4.22     0.999536     55620187      2155.79
        4.22     0.999561     55620187      2275.56
        4.22     0.999585     55620187      2409.41
        4.25     0.999609     55623322      2560.00
        4.25     0.999634     55623322      2730.67
        4.29     0.999658     55625591      2925.71
        4.29     0.999683     55625591      3150.77
        4.32     0.999707     55627472      3413.33
        4.35     0.999731     55629080      3723.64
        4.38     0.999756     55630523      4096.00
        4.38     0.999768     55630523      4311.58
        4.38     0.999780     55630523      4551.11
        4.42     0.999792     55631747      4818.82
        4.45     0.999805     55632991      5120.00
        4.45     0.999817     55632991      5461.33
        4.48     0.999829     55634030      5851.43
        4.48     0.999841     55634030      6301.54
        4.51     0.999854     55634937      6826.67
        4.54     0.999866     55635805      7447.27
        4.58     0.999878     55636637      8192.00
        4.58     0.999884     55636637      8623.16
        4.58     0.999890     55636637      9102.22
        4.61     0.999896     55637345      9637.65
        4.61     0.999902     55637345     10240.00
        4.64     0.999908     55637916     10922.67
        4.67     0.999915     55638472     11702.86
        4.67     0.999921     55638472     12603.08
        4.70     0.999927     55638907     13653.33
        4.74     0.999933     55639311     14894.55
        4.74     0.999939     55639311     16384.00
        4.77     0.999942     55639745     17246.32
        4.77     0.999945     55639745     18204.44
        4.80     0.999948     55640184     19275.29
        4.80     0.999951     55640184     20480.00
        4.80     0.999954     55640184     21845.33
        4.83     0.999957     55640531     23405.71
        4.83     0.999960     55640531     25206.15
        4.86     0.999963     55640817     27306.67
        4.89     0.999966     55641140     29789.09
        4.89     0.999969     55641140     32768.00
        4.89     0.999971     55641140     34492.63
        4.93     0.999973     55641340     36408.89
        4.93     0.999974     55641340     38550.59
        4.96     0.999976     55641505     40960.00
        4.96     0.999977     55641505     43690.67
        4.99     0.999979     55641667     46811.43
        4.99     0.999980     55641667     50412.31
        5.02     0.999982     55641803     54613.33
        5.02     0.999983     55641803     59578.18
        5.05     0.999985     55641932     65536.00
        5.05     0.999986     55641932     68985.26
        5.09     0.999986     55642005     72817.78
        5.09     0.999987     55642005     77101.18
        5.12     0.999988     55642084     81920.00
        5.12     0.999989     55642084     87381.33
        5.15     0.999989     55642166     93622.86
        5.15     0.999990     55642166    100824.62
        5.18     0.999991     55642223    109226.67
        5.21     0.999992     55642309    119156.36
        5.21     0.999992     55642309    131072.00
        5.21     0.999993     55642309    137970.53
        5.25     0.999993     55642403    145635.56
        5.25     0.999994     55642403    154202.35
        5.25     0.999994     55642403    163840.00
        5.25     0.999994     55642403    174762.67
        5.28     0.999995     55642461    187245.71
        5.28     0.999995     55642461    201649.23
        5.28     0.999995     55642461    218453.33
        5.31     0.999996     55642497    238312.73
        5.31     0.999996     55642497    262144.00
        5.34     0.999996     55642523    275941.05
        5.34     0.999997     55642523    291271.11
        5.38     0.999997     55642546    308404.71
        5.38     0.999997     55642546    327680.00
        5.38     0.999997     55642546    349525.33
        5.41     0.999997     55642558    374491.43
        5.44     0.999998     55642576    403298.46
        5.47     0.999998     55642592    436906.67
        5.47     0.999998     55642592    476625.45
        5.50     0.999998     55642629    524288.00
        5.50     0.999998     55642629    551882.11
        5.50     0.999998     55642629    582542.22
        5.50     0.999998     55642629    616809.41
        5.50     0.999998     55642629    655360.00
        5.50     0.999999     55642629    699050.67
        5.54     0.999999     55642638    748982.86
        5.54     0.999999     55642638    806596.92
        5.57     0.999999     55642657    873813.33
        5.57     0.999999     55642657    953250.91
        5.57     0.999999     55642657   1048576.00
        5.57     0.999999     55642657   1103764.21
        5.57     0.999999     55642657   1165084.44
        5.60     0.999999     55642667   1233618.82
        5.60     0.999999     55642667   1310720.00
        5.60     0.999999     55642667   1398101.33
        5.60     0.999999     55642667   1497965.71
        5.63     0.999999     55642672   1613193.85
        5.66     0.999999     55642680   1747626.67
        5.66     0.999999     55642680   1906501.82
        5.66     1.000000     55642680   2097152.00
        5.66     1.000000     55642680   2207528.42
        5.70     1.000000     55642688   2330168.89
        5.70     1.000000     55642688   2467237.65
        5.70     1.000000     55642688   2621440.00
        5.70     1.000000     55642688   2796202.67
        5.70     1.000000     55642688   2995931.43
        5.70     1.000000     55642688   3226387.69
        5.73     1.000000     55642692   3495253.33
        5.73     1.000000     55642692   3813003.64
        5.73     1.000000     55642692   4194304.00
        5.73     1.000000     55642692   4415056.84
        5.76     1.000000     55642697   4660337.78
        5.76     1.000000     55642697   4934475.29
        5.76     1.000000     55642697   5242880.00
        5.76     1.000000     55642697   5592405.33
        5.76     1.000000     55642697   5991862.86
        5.76     1.000000     55642697   6452775.39
        5.76     1.000000     55642697   6990506.67
        5.76     1.000000     55642697   7626007.28
        5.79     1.000000     55642699   8388608.00
        5.79     1.000000     55642699   8830113.68
        5.79     1.000000     55642699   9320675.55
        5.79     1.000000     55642699   9868950.59
        5.79     1.000000     55642699  10485760.00
        5.82     1.000000     55642701  11184810.67
        5.82     1.000000     55642701  11983725.71
        5.82     1.000000     55642701  12905550.76
        5.82     1.000000     55642701  13981013.34
        5.82     1.000000     55642701  15252014.55
        5.82     1.000000     55642701  16777216.00
        5.82     1.000000     55642701  17660227.38
        5.89     1.000000     55642702  18641351.10
        5.89     1.000000     55642702  19737901.19
        5.89     1.000000     55642702  20971519.98
        5.89     1.000000     55642702  22369621.33
        5.89     1.000000     55642702  23967451.45
        5.89     1.000000     55642702  25811101.52
        5.92     1.000000     55642703  27962026.68
        5.92     1.000000     55642703  30504029.05
        5.92     1.000000     55642703  33554432.00
        5.92     1.000000     55642703  35320454.76
        5.92     1.000000     55642703  37282702.28
        5.92     1.000000     55642703  39475802.28
        5.92     1.000000     55642703  41943039.96
        5.92     1.000000     55642703  44739242.67
        5.92     1.000000     55642703  47934902.91
        5.92     1.000000     55642703  51622203.20
        6.01     1.000000     55642704  55924053.19
        6.01     1.000000     55642704          inf
#[Mean    =        2.586, StdDeviation   =        0.697]
#[Max     =        6.015, Total count    =     55642704]
#[Buckets =           20, SubBuckets     =          256]
