       Value   Percentile   TotalCount 1/(1-Percentile)

        0.37     0.000000            2         1.00
        1.85     0.050000      6654940         1.05
        1.88     0.100000     11987458         1.11
        1.90     0.150000     17327198         1.18
        1.93     0.200000     23550984         1.25
        1.95     0.250000     30302618         1.33
        1.97     0.300000     34840909         1.43
        1.99     0.350000     41322497         1.54
        2.02     0.400000     47083288         1.67
        2.04     0.450000     51913791         1.82
        2.08     0.500000     57734533         2.00
        2.11     0.525000     60649424         2.11
        2.16     0.550000     63034687         2.22
        2.78     0.575000     65387679         2.35
        2.96     0.600000     68342388         2.50
        3.04     0.625000     71624494         2.67
        3.09     0.650000     74382088         2.86
        3.13     0.675000     77742911         3.08
        3.17     0.700000     80285540         3.33
        3.20     0.725000     83014193         3.64
        3.23     0.750000     85841240         4.00
        3.25     0.762500     87258332         4.21
        3.26     0.775000     88646411         4.44
        3.28     0.787500     90000634         4.71
        3.29     0.800000     91306607         5.00
        3.31     0.812500     92543684         5.33
        3.34     0.825000     94787776         5.71
        3.36     0.837500     95796083         6.15
        3.38     0.850000     96735830         6.67
        3.41     0.862500     98453134         7.27
        3.44     0.875000    100088712         8.00
        3.46     0.881250    100911621         8.42
        3.46     0.887500    100911621         8.89
        3.47     0.893750    101748473         9.41
        3.49     0.900000    102604551        10.00
        3.50     0.906250    103479760        10.67
        3.52     0.912500    104360264        11.43
        3.54     0.918750    105241904        12.31
        3.54     0.925000    105241904        13.33
        3.55     0.931250    106099413        14.55
        3.57     0.937500    106933167        16.00
        3.57     0.940625    106933167        16.84
        3.58     0.943750    107722160        17.78
        3.58     0.946875    107722160        18.82
        3.60     0.950000    108447593        20.00
        3.60     0.953125    108447593        21.33
        3.62     0.956250    109102695        22.86
        3.62     0.959375    109102695        24.62
        3.63     0.962500    109692785        26.67
        3.65     0.965625    110204857        29.09
        3.65     0.968750    110204857        32.00
        3.66     0.970313    110644703        33.68
        3.66     0.971875    110644703        35.56
        3.66     0.973437    110644703        37.65
        3.68     0.975000    111026695        40.00
        3.68     0.976562    111026695        42.67
        3.69     0.978125    111351154        45.71
        3.69     0.979688    111351154        49.23
        3.71     0.981250    111628838        53.33
        3.73     0.982812    111868900        58.18
        3.73     0.984375    111868900        64.00
        3.74     0.985156    112079281        67.37
        3.74     0.985938    112079281        71.11
        3.76     0.986719    112262435        75.29
        3.76     0.987500    112262435        80.00
        3.77     0.988281    112423223        85.33
        3.77     0.989062    112423223        91.43
        3.79     0.989844    112567744        98.46
        3.79     0.990625    112567744       106.67
        3.81     0.991406    112697496       116.36
        3.82     0.992188    112814064       128.00
        3.82     0.992578    112814064       134.74
        3.82     0.992969    112814064       142.22
        3.84     0.993359    112919305       150.59
        3.84     0.993750    112919305       160.00
        3.85     0.994141    113014815       170.67
        3.85     0.994531    113014815       182.86
        3.87     0.994922    113099976       196.92
        3.87     0.995313    113099976       213.33
        3.89     0.995703    113175052       232.73
        3.89     0.996094    113175052       256.00
        3.90     0.996289    113240415       269.47
        3.90     0.996484    113240415       284.44
        3.90     0.996680    113240415       301.18
        3.92     0.996875    113297336       320.00
        3.92     0.997070    113297336       341.33
        3.92     0.997266    113297336       365.71
        3.94     0.997461    113346855       393.85
        3.94     0.997656    113346855       426.67
        3.95     0.997852    113388346       465.45
        3.95     0.998047    113388346       512.00
        3.97     0.998145    113422434       538.95
        3.97     0.998242    113422434       568.89
        3.97     0.998340    113422434       602.35
        3.98     0.998437    113452169       640.00
        3.98     0.998535    113452169       682.67
        3.98     0.998633    113452169       731.43
        4.00     0.998730    113476067       787.69
        4.00     0.998828    113476067       853.33
        4.01     0.998926    113495957       930.91
        4.01     0.999023    113495957      1024.00
        4.03     0.999072    113511485      1077.89
        4.03     0.999121    113511485      1137.78
        4.03     0.999170    113511485      1204.71
        4.05     0.999219    113524534      1280.00
        4.05     0.999268    113524534      1365.33
        4.06     0.999316    113534973      1462.86
        4.06     0.999365    113534973      1575.38
        4.08     0.999414    113543252      1706.67
        4.08     0.999463    113543252      1861.82
        4.09     0.999512    113550059      2048.00
        4.09     0.999536    113550059      2155.79
        4.13     0.999561    113559885      2275.56
        4.13     0.999585    113559885      2409.41
        4.13     0.999609    113559885      2560.00
        4.16     0.999634    113566671      2730.67
        4.16     0.999658    113566671      2925.71
        4.19     0.999683    113571405      3150.77
        4.19     0.999707    113571405      3413.33
        4.22     0.999731    113574933      3723.64
        4.25     0.999756    113578043      4096.00
        4.25     0.999768    113578043      4311.58
        4.25     0.999780    113578043      4551.11
        4.29     0.999792    113580587      4818.82
        4.29     0.999805    113580587      5120.00
        4.32     0.999817    113582939      5461.33
        4.35     0.999829    113584989      5851.43
        4.35     0.999841    113584989      6301.54
        4.38     0.999854    113586704      6826.67
        4.42     0.999866    113588383      7447.27
        4.45     0.999878    113589998      8192.00
        4.45     0.999884    113589998      8623.16
        4.48     0.999890    113591266      9102.22
        4.48     0.999896    113591266      9637.65
        4.51     0.999902    113592834     10240.00
        4.51     0.999908    113592834     10922.67
        4.54     0.999915    113593803     11702.86
        4.54     0.999921    113593803     12603.08
        4.58     0.999927    113594957     13653.33
        4.61     0.999933    113595961     14894.55
        4.61     0.999939    113595961     16384.00
        4.64     0.999942    113596811     17246.32
        4.64     0.999945    113596811     18204.44
        4.67     0.999948    113597669     19275.29
        4.67     0.999951    113597669     20480.00
        4.67     0.999954    113597669     21845.33
        4.70     0.999957    113598213     23405.71
        4.74     0.999960    113598955     25206.15
        4.74     0.999963    113598955     27306.67
        4.74     0.999966    113598955     29789.09
        4.77     0.999969    113599399     32768.00
        4.80     0.999971    113599873     34492.63
        4.80     0.999973    113599873     36408.89
        4.80     0.999974    113599873     38550.59
        4.83     0.999976    113600253     40960.00
        4.83     0.999977    113600253     43690.67
        4.86     0.999979    113600577     46811.43
        4.86     0.999980    113600577     50412.31
        4.89     0.999982    113600829     54613.33
        4.93     0.999983    113601033     59578.18
        4.93     0.999985    113601033     65536.00
        4.96     0.999986    113601237     68985.26
        4.96     0.999986    113601237     72817.78
        4.99     0.999987    113601439     77101.18
        4.99     0.999988    113601439     81920.00
        5.02     0.999989    113601629     87381.33
        5.02     0.999989    113601629     93622.86
        5.02     0.999990    113601629    100824.62
        5.05     0.999991    113601796    109226.67
        5.05     0.999992    113601796    119156.36
        5.09     0.999992    113601936    131072.00
        5.09     0.999993    113601936    137970.53
        5.12     0.999993    113602052    145635.56
        5.12     0.999994    113602052    154202.35
        5.12     0.999994    113602052    163840.00
        5.15     0.999994    113602174    174762.67
        5.15     0.999995    113602174    187245.71
        5.18     0.999995    113602270    201649.23
        5.18     0.999995    113602270    218453.33
        5.18     0.999996    113602270    238312.73
        5.21     0.999996    113602325    262144.00
        5.25     0.999996    113602361    275941.05
        5.25     0.999997    113602361    291271.11
        5.28     0.999997    113602442    308404.71
        5.28     0.999997    113602442    327680.00
        5.28     0.999997    113602442    349525.33
        5.28     0.999997    113602442    374491.43
        5.31     0.999998    113602482    403298.46
        5.31     0.999998    113602482    436906.67
        5.34     0.999998    113602534    476625.45
        5.34     0.999998    113602534    524288.00
        5.38     0.999998    113602580    551882.11
        5.38     0.999998    113602580    582542.22
        5.38     0.999998    113602580    616809.41
        5.38     0.999998    113602580    655360.00
        5.38     0.999999    113602580    699050.67
        5.41     0.999999    113602616    748982.86
        5.41     0.999999    113602616    806596.92
        5.41     0.999999    113602616    873813.33
        5.44     0.999999    113602648    953250.91
        5.44     0.999999    113602648   1048576.00
        5.44     0.999999    113602648   1103764.21
        5.44     0.999999    113602648   1165084.44
        5.44     0.999999    113602648   1233618.82
        5.47     0.999999    113602664   1310720.00
        5.47     0.999999    113602664   1398101.33
        5.50     0.999999    113602692   1497965.71
        5.50     0.999999    113602692   1613193.85
        5.50     0.999999    113602692   1747626.67
        5.50     0.999999    113602692   1906501.82
        5.50     1.000000    113602692   2097152.00
        5.50     1.000000    113602692   2207528.42
        5.50     1.000000    113602692   2330168.89
        5.54     1.000000    113602698   2467237.65
        5.54     1.000000    113602698   2621440.00
        5.57     1.000000    113602716   2796202.67
        5.57     1.000000    113602716   2995931.43
        5.57     1.000000    113602716   3226387.69
        5.57     1.000000    113602716   3495253.33
        5.57     1.000000    113602716   3813003.64
        5.57     1.000000    113602716   4194304.00
        5.57     1.000000    113602716   4415056.84
        5.57     1.000000    113602716   4660337.78
        5.60     1.000000    113602722   4934475.29
        5.60     1.000000    113602722   5242880.00
        5.60     1.000000    113602722   5592405.33
        5.60     1.000000    113602722   5991862.86
        5.63     1.000000    113602730   6452775.39
        5.63     1.000000    113602730   6990506.67
        5.63     1.000000    113602730   7626007.28
        5.63     1.000000    113602730   8388608.00
        5.63     1.000000    113602730   8830113.68
        5.63     1.000000    113602730   9320675.55
        5.63     1.000000    113602730   9868950.59
        5.63     1.000000    113602730  10485760.00
        5.63     1.000000    113602730  11184810.67
        5.70     1.000000    113602732  11983725.71
        5.70     1.000000    113602732  12905550.76
        5.70     1.000000    113602732  13981013.34
        5.73     1.000000    113602734  15252014.55
        5.73     1.000000    113602734  16777216.00
        5.73     1.000000    113602734  17660227.38
        5.73     1.000000    113602734  18641351.10
        5.76     1.000000    113602740  19737901.19
        5.76     1.000000    113602740          inf
#[Mean    =        2.534, StdDeviation   =        0.680]
#[Max     =        5.759, Total count    =    113602740]
#[Buckets =           20, SubBuckets     =          256]
