       Value   Percentile   TotalCount 1/(1-Percentile)

        0.02     0.000000         6203         1.00
        0.46     0.050000       714216         1.05
        0.72     0.100000      1437978         1.11
        0.78     0.150000      2232842         1.18
        0.80     0.200000      2955038         1.25
        0.81     0.250000      4078710         1.33
        0.82     0.300000      4781829         1.43
        0.83     0.350000      5553222         1.54
        0.84     0.400000      6376048         1.67
        0.84     0.450000      6376048         1.82
        0.85     0.500000      7213884         2.00
        0.85     0.525000      8039303         2.11
        0.85     0.550000      8039303         2.22
        0.86     0.575000      8823476         2.35
        0.86     0.600000      8823476         2.50
        0.86     0.625000      8823476         2.67
        0.87     0.650000      9542963         2.86
        0.87     0.675000      9542963         3.08
        0.88     0.700000     10195422         3.33
        0.89     0.725000     10772408         3.64
        0.89     0.750000     10772408         4.00
        0.89     0.762500     10772408         4.21
        0.90     0.775000     11275680         4.44
        0.90     0.787500     11275680         4.71
        0.90     0.800000     11275680         5.00
        0.90     0.812500     11704344         5.33
        0.90     0.825000     11704344         5.71
        0.91     0.837500     12069269         6.15
        0.91     0.850000     12069269         6.67
        0.92     0.862500     12368615         7.27
        0.92     0.875000     12368615         8.00
        0.93     0.881250     12614245         8.42
        0.93     0.887500     12614245         8.89
        0.93     0.893750     12614245         9.41
        0.94     0.900000     12814214        10.00
        0.94     0.906250     12814214        10.67
        0.94     0.912500     12975867        11.43
        0.94     0.918750     12975867        12.31
        0.95     0.925000     13105081        13.33
        0.96     0.931250     13204351        14.55
        0.96     0.937500     13204351        16.00
        0.97     0.940625     13277836        16.84
        0.97     0.943750     13334147        17.78
        0.98     0.946875     13375654        18.82
        0.99     0.950000     13407234        20.00
        1.00     0.953125     13431818        21.33
        1.02     0.956250     13479545        22.86
        1.05     0.959375     13517364        24.62
        1.11     0.962500     13560539        26.67
        1.17     0.965625     13603249        29.09
        1.22     0.968750     13646674        32.00
        1.24     0.970313     13667771        33.68
        1.27     0.971875     13692214        35.56
        1.30     0.973437     13711834        37.65
        1.35     0.975000     13732959        40.00
        1.46     0.976562     13753967        42.67
        1.56     0.978125     13776990        45.71
        1.60     0.979688     13800778        49.23
        1.62     0.981250     13822530        53.33
        1.65     0.982812     13850455        58.18
        1.66     0.984375     13871475        64.00
        1.67     0.985156     13882650        67.37
        1.68     0.985938     13893947        71.11
        1.69     0.986719     13905445        75.29
        1.70     0.987500     13916586        80.00
        1.70     0.988281     13927835        85.33
        1.71     0.989062     13938670        91.43
        1.72     0.989844     13949236        98.46
        1.73     0.990625     13959204       106.67
        1.74     0.991406     13968761       116.36
        1.74     0.992188     13977695       128.00
        1.75     0.992578     13986165       134.74
        1.75     0.992969     13986165       142.22
        1.76     0.993359     13993996       150.59
        1.77     0.993750     14001440       160.00
        1.77     0.994141     14001440       170.67
        1.77     0.994531     14008252       182.86
        1.78     0.994922     14014572       196.92
        1.79     0.995313     14020292       213.33
        1.80     0.995703     14025646       232.73
        1.81     0.996094     14030389       256.00
        1.81     0.996289     14034805       269.47
        1.81     0.996484     14034805       284.44
        1.82     0.996680     14038837       301.18
        1.83     0.996875     14042491       320.00
        1.84     0.997070     14045720       341.33
        1.84     0.997266     14045720       365.71
        1.85     0.997461     14048616       393.85
        1.85     0.997656     14051072       426.67
        1.87     0.997852     14054835       465.45
        1.89     0.998047     14057640       512.00
        1.90     0.998145     14058658       538.95
        1.90     0.998242     14059485       568.89
        1.92     0.998340     14060694       602.35
        1.95     0.998437     14062074       640.00
        1.98     0.998535     14063861       682.67
        2.00     0.998633     14065262       731.43
        2.01     0.998730     14066247       787.69
        2.02     0.998828     14068769       853.33
        2.03     0.998926     14070096       930.91
        2.04     0.999023     14071247      1024.00
        2.04     0.999072     14071247      1077.89
        2.05     0.999121     14072506      1137.78
        2.05     0.999170     14072506      1204.71
        2.06     0.999219     14074939      1280.00
        2.06     0.999268     14074939      1365.33
        2.06     0.999316     14074939      1462.86
        2.08     0.999365     14077506      1575.38
        2.08     0.999414     14077506      1706.67
        2.08     0.999463     14077506      1861.82
        2.08     0.999512     14077506      2048.00
        2.08     0.999536     14077506      2155.79
        2.10     0.999561     14079305      2275.56
        2.10     0.999585     14079305      2409.41
        2.10     0.999609     14079305      2560.00
        2.10     0.999634     14079305      2730.67
        2.10     0.999658     14079305      2925.71
        2.11     0.999683     14080211      3150.77
        2.11     0.999707     14080211      3413.33
        2.11     0.999731     14080211      3723.64
        2.13     0.999756     14080723      4096.00
        2.13     0.999768     14080723      4311.58
        2.14     0.999780     14081267      4551.11
        2.14     0.999792     14081267      4818.82
        2.14     0.999805     14081267      5120.00
        2.16     0.999817     14081534      5461.33
        2.16     0.999829     14081534      5851.43
        2.19     0.999841     14081765      6301.54
        2.24     0.999854     14081880      6826.67
        2.33     0.999866     14082038      7447.27
        2.38     0.999878     14082192      8192.00
        2.42     0.999884     14082297      8623.16
        2.45     0.999890     14082398      9102.22
        2.46     0.999896     14082454      9637.65
        2.50     0.999902     14082542     10240.00
        2.54     0.999908     14082630     10922.67
        2.61     0.999915     14082709     11702.86
        2.73     0.999921     14082809     12603.08
        2.80     0.999927     14082908     13653.33
        2.83     0.999933     14082971     14894.55
        2.86     0.999939     14083069     16384.00
        2.88     0.999942     14083136     17246.32
        2.90     0.999945     14083224     18204.44
        2.90     0.999948     14083224     19275.29
        2.90     0.999951     14083224     20480.00
        2.91     0.999954     14083314     21845.33
        2.91     0.999957     14083314     23405.71
        2.93     0.999960     14083383     25206.15
        2.94     0.999963     14083468     27306.67
        2.94     0.999966     14083468     29789.09
        2.96     0.999969     14083556     32768.00
        2.96     0.999971     14083556     34492.63
        2.96     0.999973     14083556     36408.89
        2.96     0.999974     14083556     38550.59
        2.98     0.999976     14083629     40960.00
        2.98     0.999977     14083629     43690.67
        2.98     0.999979     14083629     46811.43
        2.99     0.999980     14083694     50412.31
        2.99     0.999982     14083694     54613.33
        2.99     0.999983     14083694     59578.18
        3.01     0.999985     14083735     65536.00
        3.01     0.999986     14083735     68985.26
        3.01     0.999986     14083735     72817.78
        3.01     0.999987     14083735     77101.18
        3.02     0.999988     14083763     81920.00
        3.02     0.999989     14083763     87381.33
        3.02     0.999989     14083763     93622.86
        3.04     0.999990     14083785    100824.62
        3.04     0.999991     14083785    109226.67
        3.06     0.999992     14083795    119156.36
        3.10     0.999992     14083806    131072.00
        3.15     0.999993     14083809    137970.53
        9.79     0.999993     14083848    145635.56
        9.79     0.999994     14083848    154202.35
        9.79     0.999994     14083848    163840.00
        9.79     0.999994     14083848    174762.67
        9.79     0.999995     14083848    187245.71
        9.79     0.999995     14083848    201649.23
        9.79     0.999995     14083848    218453.33
        9.86     0.999996     14083855    238312.73
       10.69     0.999996     14083858    262144.00
       52.22     0.999996     14083910    275941.05
       52.22     0.999997     14083910    291271.11
       52.22     0.999997     14083910    308404.71
       52.22     0.999997     14083910    327680.00
       52.22     0.999997     14083910    349525.33
       52.22     0.999997     14083910    374491.43
       52.22     0.999998     14083910    403298.46
       52.22     0.999998     14083910    436906.67
       52.22     0.999998     14083910    476625.45
       52.22     0.999998     14083910    524288.00
       52.22     0.999998     14083910    551882.11
       52.22     0.999998     14083910    582542.22
       52.22     0.999998     14083910    616809.41
       52.22     0.999998     14083910    655360.00
       52.22     0.999999     14083910    699050.67
       52.22     0.999999     14083910    748982.86
       52.22     0.999999     14083910    806596.92
       52.22     0.999999     14083910    873813.33
       52.22     0.999999     14083910    953250.91
       52.22     0.999999     14083910   1048576.00
       52.22     0.999999     14083910   1103764.21
       52.22     0.999999     14083910   1165084.44
       52.22     0.999999     14083910   1233618.82
       52.22     0.999999     14083910   1310720.00
       52.22     0.999999     14083910   1398101.33
       52.22     0.999999     14083910   1497965.71
       52.22     0.999999     14083910   1613193.85
       52.22     0.999999     14083910   1747626.67
       52.22     0.999999     14083910   1906501.82
       52.22     1.000000     14083910   2097152.00
       52.22     1.000000     14083910   2207528.42
       52.22     1.000000     14083910   2330168.89
       52.22     1.000000     14083910   2467237.65
       52.22     1.000000     14083910   2621440.00
       52.22     1.000000     14083910   2796202.67
       52.22     1.000000     14083910   2995931.43
       52.22     1.000000     14083910   3226387.69
       52.22     1.000000     14083910   3495253.33
       52.22     1.000000     14083910   3813003.64
       52.22     1.000000     14083910   4194304.00
       52.22     1.000000     14083910   4415056.84
       52.22     1.000000     14083910   4660337.78
       52.22     1.000000     14083910   4934475.29
       52.22     1.000000     14083910   5242880.00
       52.22     1.000000     14083910   5592405.33
       52.22     1.000000     14083910   5991862.86
       52.22     1.000000     14083910   6452775.39
       52.22     1.000000     14083910   6990506.67
       52.22     1.000000     14083910   7626007.28
       52.22     1.000000     14083910   8388608.00
       52.22     1.000000     14083910   8830113.68
       52.22     1.000000     14083910   9320675.55
       52.22     1.000000     14083910   9868950.59
       52.22     1.000000     14083910  10485760.00
       52.22     1.000000     14083910  11184810.67
       52.22     1.000000     14083910  11983725.71
       52.22     1.000000     14083910  12905550.76
       52.22     1.000000     14083910  13981013.34
       61.95     1.000000     14083911  15252014.55
       61.95     1.000000     14083911          inf
#[Mean    =        0.837, StdDeviation   =        0.237]
#[Max     =       61.951, Total count    =     14083911]
#[Buckets =           20, SubBuckets     =          256]
