       Value   Percentile   TotalCount 1/(1-Percentile)

        0.02     0.000000        15424         1.00
        0.34     0.050000      1285063         1.05
        0.57     0.100000      2611768         1.11
        0.66     0.150000      4081259         1.18
        0.68     0.200000      5923736         1.25
        0.69     0.250000      7231526         1.33
        0.69     0.300000      8783282         1.43
        0.70     0.350000     10619645         1.54
        0.70     0.400000     10619645         1.67
        0.71     0.450000     12822827         1.82
        0.71     0.500000     12822827         2.00
        0.72     0.525000     15481097         2.11
        0.72     0.550000     15481097         2.22
        0.72     0.575000     15481097         2.35
        0.72     0.600000     15481097         2.50
        0.73     0.625000     18542526         2.67
        0.73     0.650000     18542526         2.86
        0.73     0.675000     18542526         3.08
        0.73     0.700000     18542526         3.33
        0.73     0.725000     21297978         3.64
        0.73     0.750000     21297978         4.00
        0.73     0.762500     21297978         4.21
        0.73     0.775000     21297978         4.44
        0.73     0.787500     21297978         4.71
        0.73     0.800000     21297978         5.00
        0.73     0.812500     21297978         5.33
        0.73     0.825000     21297978         5.71
        0.74     0.837500     22967517         6.15
        0.74     0.850000     22967517         6.67
        0.74     0.862500     22967517         7.27
        0.74     0.875000     22967517         8.00
        0.74     0.881250     22967517         8.42
        0.74     0.887500     22967517         8.89
        0.74     0.893750     22967517         9.41
        0.75     0.900000     23733889        10.00
        0.75     0.906250     23733889        10.67
        0.75     0.912500     23733889        11.43
        0.75     0.918750     23733889        12.31
        0.75     0.925000     23733889        13.33
        0.76     0.931250     24057919        14.55
        0.76     0.937500     24057919        16.00
        0.77     0.940625     24214550        16.84
        0.77     0.943750     24214550        17.78
        0.78     0.946875     24305926        18.82
        0.78     0.950000     24372969        20.00
        0.80     0.953125     24474477        21.33
        0.81     0.956250     24545503        22.86
        0.83     0.959375     24610701        24.62
        0.85     0.962500     24679800        26.67
        0.87     0.965625     24760771        29.09
        0.91     0.968750     24838662        32.00
        0.94     0.970313     24894875        33.68
        0.95     0.971875     24931228        35.56
        0.97     0.973437     24963760        37.65
        0.99     0.975000     25003802        40.00
        1.03     0.976562     25039287        42.67
        1.16     0.978125     25078223        45.71
        1.29     0.979688     25117672        49.23
        1.33     0.981250     25166829        53.33
        1.36     0.982812     25209468        58.18
        1.38     0.984375     25243104        64.00
        1.38     0.985156     25261829        67.37
        1.39     0.985938     25281577        71.11
        1.40     0.986719     25302935        75.29
        1.41     0.987500     25325706        80.00
        1.42     0.988281     25349923        85.33
        1.42     0.989062     25375821        91.43
        1.43     0.989844     25403456        98.46
        1.43     0.990625     25403456       106.67
        1.44     0.991406     25433290       116.36
        1.45     0.992188     25465361       128.00
        1.45     0.992578     25465361       134.74
        1.45     0.992969     25465361       142.22
        1.46     0.993359     25498814       150.59
        1.46     0.993750     25498814       160.00
        1.46     0.994141     25498814       170.67
        1.46     0.994531     25498814       182.86
        1.46     0.994922     25531471       196.92
        1.46     0.995313     25531471       213.33
        1.46     0.995703     25531471       232.73
        1.47     0.996094     25560095       256.00
        1.47     0.996289     25560095       269.47
        1.47     0.996484     25560095       284.44
        1.47     0.996680     25560095       301.18
        1.47     0.996875     25560095       320.00
        1.48     0.997070     25583046       341.33
        1.48     0.997266     25583046       365.71
        1.48     0.997461     25583046       393.85
        1.48     0.997656     25583046       426.67
        1.48     0.997852     25583046       465.45
        1.49     0.998047     25599635       512.00
        1.49     0.998145     25599635       538.95
        1.49     0.998242     25599635       568.89
        1.49     0.998340     25599635       602.35
        1.49     0.998437     25599635       640.00
        1.50     0.998535     25610783       682.67
        1.50     0.998633     25610783       731.43
        1.50     0.998730     25610783       787.69
        1.50     0.998828     25610783       853.33
        1.50     0.998926     25610783       930.91
        1.50     0.999023     25618077      1024.00
        1.50     0.999072     25618077      1077.89
        1.50     0.999121     25618077      1137.78
        1.50     0.999170     25618077      1204.71
        1.50     0.999219     25618077      1280.00
        1.51     0.999268     25622711      1365.33
        1.51     0.999316     25622711      1462.86
        1.51     0.999365     25622711      1575.38
        1.51     0.999414     25622711      1706.67
        1.52     0.999463     25625777      1861.82
        1.52     0.999512     25625777      2048.00
        1.52     0.999536     25625777      2155.79
        1.53     0.999561     25627810      2275.56
        1.53     0.999585     25627810      2409.41
        1.53     0.999609     25627810      2560.00
        1.53     0.999634     25629305      2730.67
        1.53     0.999658     25629305      2925.71
        1.54     0.999683     25630535      3150.77
        1.54     0.999707     25630535      3413.33
        1.55     0.999731     25631535      3723.64
        1.55     0.999756     25631535      4096.00
        1.56     0.999768     25632395      4311.58
        1.56     0.999780     25632395      4551.11
        1.56     0.999792     25632395      4818.82
        1.57     0.999805     25633138      5120.00
        1.57     0.999817     25633138      5461.33
        1.57     0.999829     25633787      5851.43
        1.57     0.999841     25633787      6301.54
        1.57     0.999854     25633787      6826.67
        1.58     0.999866     25634381      7447.27
        1.59     0.999878     25634904      8192.00
        1.59     0.999884     25634904      8623.16
        1.59     0.999890     25634904      9102.22
        1.59     0.999896     25634904      9637.65
        1.60     0.999902     25635335     10240.00
        1.60     0.999908     25635335     10922.67
        1.61     0.999915     25635686     11702.86
        1.61     0.999921     25635686     12603.08
        1.61     0.999927     25635686     13653.33
        1.61     0.999933     25635923     14894.55
        1.62     0.999939     25636109     16384.00
        1.62     0.999942     25636109     17246.32
        1.63     0.999945     25636232     18204.44
        1.63     0.999948     25636232     19275.29
        1.64     0.999951     25636330     20480.00
        1.65     0.999954     25636386     21845.33
        1.66     0.999957     25636438     23405.71
        1.67     0.999960     25636519     25206.15
        1.69     0.999963     25636593     27306.67
        1.72     0.999966     25636682     29789.09
        1.74     0.999969     25636765     32768.00
        1.76     0.999971     25636795     34492.63
        1.78     0.999973     25636832     36408.89
        1.81     0.999974     25636877     38550.59
        1.83     0.999976     25636908     40960.00
        1.86     0.999977     25636952     43690.67
        1.90     0.999979     25636985     46811.43
        1.93     0.999980     25637028     50412.31
        1.95     0.999982     25637063     54613.33
        1.99     0.999983     25637106     59578.18
        2.02     0.999985     25637141     65536.00
        2.04     0.999986     25637173     68985.26
        2.06     0.999986     25637197     72817.78
        2.08     0.999987     25637218     77101.18
        2.10     0.999988     25637236     81920.00
        2.11     0.999989     25637255     87381.33
        2.13     0.999989     25637272     93622.86
        2.14     0.999990     25637288    100824.62
        2.16     0.999991     25637307    109226.67
        2.17     0.999992     25637317    119156.36
        2.19     0.999992     25637339    131072.00
        2.21     0.999993     25637354    137970.53
        2.22     0.999993     25637369    145635.56
        2.22     0.999994     25637369    154202.35
        2.24     0.999994     25637379    163840.00
        2.25     0.999994     25637391    174762.67
        2.27     0.999995     25637397    187245.71
        2.32     0.999995     25637407    201649.23
        2.54     0.999995     25637414    218453.33
        4.32     0.999996     25637434    238312.73
        4.32     0.999996     25637434    262144.00
        4.35     0.999996     25637514    275941.05
        4.35     0.999997     25637514    291271.11
        4.35     0.999997     25637514    308404.71
        4.35     0.999997     25637514    327680.00
        4.35     0.999997     25637514    349525.33
        4.35     0.999997     25637514    374491.43
        4.35     0.999998     25637514    403298.46
        4.35     0.999998     25637514    436906.67
        4.35     0.999998     25637514    476625.45
        4.35     0.999998     25637514    524288.00
        4.35     0.999998     25637514    551882.11
        4.35     0.999998     25637514    582542.22
        4.35     0.999998     25637514    616809.41
        4.35     0.999998     25637514    655360.00
        4.35     0.999999     25637514    699050.67
        4.35     0.999999     25637514    748982.86
        4.35     0.999999     25637514    806596.92
        4.35     0.999999     25637514    873813.33
        4.35     0.999999     25637514    953250.91
        4.35     0.999999     25637514   1048576.00
        4.35     0.999999     25637514   1103764.21
        4.35     0.999999     25637514   1165084.44
        4.35     0.999999     25637514   1233618.82
        4.35     0.999999     25637514   1310720.00
        4.35     0.999999     25637514   1398101.33
        4.35     0.999999     25637514   1497965.71
        4.80     0.999999     25637520   1613193.85
        4.80     0.999999     25637520   1747626.67
        4.80     0.999999     25637520   1906501.82
        4.80     1.000000     25637520   2097152.00
        4.80     1.000000     25637520   2207528.42
        4.80     1.000000     25637520   2330168.89
        4.83     1.000000     25637522   2467237.65
        4.83     1.000000     25637522   2621440.00
        4.83     1.000000     25637522   2796202.67
        4.86     1.000000     25637523   2995931.43
        4.93     1.000000     25637524   3226387.69
        4.93     1.000000     25637524   3495253.33
        4.99     1.000000     25637526   3813003.64
        4.99     1.000000     25637526   4194304.00
        4.99     1.000000     25637526   4415056.84
        4.99     1.000000     25637526   4660337.78
        4.99     1.000000     25637526   4934475.29
        5.02     1.000000     25637527   5242880.00
        5.02     1.000000     25637527   5592405.33
        5.02     1.000000     25637527   5991862.86
        5.09     1.000000     25637529   6452775.39
        5.09     1.000000     25637529   6990506.67
        5.09     1.000000     25637529   7626007.28
        5.09     1.000000     25637529   8388608.00
        5.09     1.000000     25637529   8830113.68
        5.09     1.000000     25637529   9320675.55
        5.09     1.000000     25637529   9868950.59
        5.09     1.000000     25637529  10485760.00
        5.09     1.000000     25637529  11184810.67
        5.09     1.000000     25637529  11983725.71
        5.18     1.000000     25637530  12905550.76
        5.18     1.000000     25637530  13981013.34
        5.18     1.000000     25637530  15252014.55
        5.18     1.000000     25637530  16777216.00
        5.18     1.000000     25637530  17660227.38
        5.18     1.000000     25637530  18641351.10
        5.18     1.000000     25637530  19737901.19
        5.18     1.000000     25637530  20971519.98
        5.18     1.000000     25637530  22369621.33
        5.18     1.000000     25637530  23967451.45
        5.21     1.000000     25637531  25811101.52
        5.21     1.000000     25637531          inf
#[Mean    =        0.690, StdDeviation   =        0.173]
#[Max     =        5.215, Total count    =     25637531]
#[Buckets =           20, SubBuckets     =          256]
