       Value   Percentile   TotalCount 1/(1-Percentile)

        0.02     0.000000        14909         1.00
        0.34     0.050000      1302874         1.05
        0.57     0.100000      2572118         1.11
        0.67     0.150000      4178350         1.18
        0.69     0.200000      6031054         1.25
        0.69     0.250000      7304720         1.33
        0.70     0.300000      8830935         1.43
        0.71     0.350000     10681869         1.54
        0.71     0.400000     10681869         1.67
        0.72     0.450000     12951329         1.82
        0.72     0.500000     12951329         2.00
        0.73     0.525000     15710409         2.11
        0.73     0.550000     15710409         2.22
        0.73     0.575000     15710409         2.35
        0.73     0.600000     15710409         2.50
        0.73     0.625000     18970413         2.67
        0.73     0.650000     18970413         2.86
        0.73     0.675000     18970413         3.08
        0.73     0.700000     18970413         3.33
        0.73     0.725000     18970413         3.64
        0.74     0.750000     21742658         4.00
        0.74     0.762500     21742658         4.21
        0.74     0.775000     21742658         4.44
        0.74     0.787500     21742658         4.71
        0.74     0.800000     21742658         5.00
        0.74     0.812500     21742658         5.33
        0.74     0.825000     21742658         5.71
        0.74     0.837500     21742658         6.15
        0.75     0.850000     23259190         6.67
        0.75     0.862500     23259190         7.27
        0.75     0.875000     23259190         8.00
        0.75     0.881250     23259190         8.42
        0.75     0.887500     23259190         8.89
        0.75     0.893750     23259190         9.41
        0.75     0.900000     23259190        10.00
        0.75     0.906250     23259190        10.67
        0.76     0.912500     23898780        11.43
        0.76     0.918750     23898780        12.31
        0.76     0.925000     23898780        13.33
        0.76     0.931250     23898780        14.55
        0.77     0.937500     24160269        16.00
        0.77     0.940625     24160269        16.84
        0.78     0.943750     24287390        17.78
        0.78     0.946875     24287390        18.82
        0.78     0.950000     24363773        20.00
        0.80     0.953125     24472006        21.33
        0.81     0.956250     24540820        22.86
        0.83     0.959375     24598403        24.62
        0.85     0.962500     24698742        26.67
        0.87     0.965625     24759862        29.09
        0.92     0.968750     24851957        32.00
        0.94     0.970313     24887205        33.68
        0.95     0.971875     24924736        35.56
        0.97     0.973437     24959278        37.65
        0.99     0.975000     25002689        40.00
        1.02     0.976562     25040792        42.67
        1.13     0.978125     25077381        45.71
        1.28     0.979688     25118111        49.23
        1.34     0.981250     25165518        53.33
        1.37     0.982812     25204244        58.18
        1.39     0.984375     25251621        64.00
        1.40     0.985156     25269597        67.37
        1.41     0.985938     25288910        71.11
        1.42     0.986719     25309649        75.29
        1.42     0.987500     25331901        80.00
        1.43     0.988281     25356311        85.33
        1.44     0.989062     25382725        91.43
        1.44     0.989844     25382725        98.46
        1.45     0.990625     25410969       106.67
        1.46     0.991406     25441628       116.36
        1.46     0.992188     25441628       128.00
        1.46     0.992578     25474904       134.74
        1.46     0.992969     25474904       142.22
        1.46     0.993359     25474904       150.59
        1.47     0.993750     25509350       160.00
        1.47     0.994141     25509350       170.67
        1.47     0.994531     25509350       182.86
        1.47     0.994922     25509350       196.92
        1.48     0.995313     25542400       213.33
        1.48     0.995703     25542400       232.73
        1.48     0.996094     25542400       256.00
        1.49     0.996289     25570653       269.47
        1.49     0.996484     25570653       284.44
        1.49     0.996680     25570653       301.18
        1.49     0.996875     25570653       320.00
        1.49     0.997070     25570653       341.33
        1.49     0.997266     25570653       365.71
        1.50     0.997461     25592074       393.85
        1.50     0.997656     25592074       426.67
        1.50     0.997852     25592074       465.45
        1.50     0.998047     25592074       512.00
        1.50     0.998145     25592074       538.95
        1.50     0.998242     25606587       568.89
        1.50     0.998340     25606587       602.35
        1.50     0.998437     25606587       640.00
        1.50     0.998535     25606587       682.67
        1.50     0.998633     25606587       731.43
        1.50     0.998730     25606587       787.69
        1.51     0.998828     25615966       853.33
        1.51     0.998926     25615966       930.91
        1.51     0.999023     25615966      1024.00
        1.51     0.999072     25615966      1077.89
        1.51     0.999121     25615966      1137.78
        1.52     0.999170     25621862      1204.71
        1.52     0.999219     25621862      1280.00
        1.52     0.999268     25621862      1365.33
        1.52     0.999316     25621862      1462.86
        1.52     0.999365     25621862      1575.38
        1.53     0.999414     25625490      1706.67
        1.53     0.999463     25625490      1861.82
        1.53     0.999512     25625490      2048.00
        1.53     0.999536     25627853      2155.79
        1.53     0.999561     25627853      2275.56
        1.53     0.999585     25627853      2409.41
        1.53     0.999609     25627853      2560.00
        1.54     0.999634     25629495      2730.67
        1.54     0.999658     25629495      2925.71
        1.55     0.999683     25630757      3150.77
        1.55     0.999707     25630757      3413.33
        1.56     0.999731     25631692      3723.64
        1.56     0.999756     25631692      4096.00
        1.57     0.999768     25632511      4311.58
        1.57     0.999780     25632511      4551.11
        1.57     0.999792     25632511      4818.82
        1.57     0.999805     25633236      5120.00
        1.57     0.999817     25633236      5461.33
        1.58     0.999829     25633883      5851.43
        1.58     0.999841     25633883      6301.54
        1.59     0.999854     25634519      6826.67
        1.59     0.999866     25634519      7447.27
        1.60     0.999878     25635103      8192.00
        1.60     0.999884     25635103      8623.16
        1.60     0.999890     25635103      9102.22
        1.61     0.999896     25635640      9637.65
        1.61     0.999902     25635640     10240.00
        1.61     0.999908     25635640     10922.67
        1.61     0.999915     25635640     11702.86
        1.61     0.999921     25636068     12603.08
        1.61     0.999927     25636068     13653.33
        1.62     0.999933     25636409     14894.55
        1.62     0.999939     25636409     16384.00
        1.62     0.999942     25636409     17246.32
        1.63     0.999945     25636609     18204.44
        1.63     0.999948     25636609     19275.29
        1.63     0.999951     25636609     20480.00
        1.64     0.999954     25636746     21845.33
        1.64     0.999957     25636746     23405.71
        1.65     0.999960     25636834     25206.15
        1.66     0.999963     25636896     27306.67
        1.67     0.999966     25636959     29789.09
        1.70     0.999969     25637039     32768.00
        1.71     0.999971     25637082     34492.63
        1.74     0.999973     25637123     36408.89
        1.76     0.999974     25637155     38550.59
        1.78     0.999976     25637194     40960.00
        1.81     0.999977     25637242     43690.67
        1.84     0.999979     25637272     46811.43
        1.90     0.999980     25637316     50412.31
        1.93     0.999982     25637353     54613.33
        1.98     0.999983     25637391     59578.18
        2.02     0.999985     25637428     65536.00
        2.04     0.999986     25637449     68985.26
        2.06     0.999986     25637481     72817.78
        2.08     0.999987     25637496     77101.18
        2.10     0.999988     25637526     81920.00
        2.10     0.999989     25637526     87381.33
        2.11     0.999989     25637550     93622.86
        2.13     0.999990     25637583    100824.62
        2.14     0.999991     25637604    109226.67
        2.14     0.999992     25637604    119156.36
        2.16     0.999992     25637638    131072.00
        2.16     0.999993     25637638    137970.53
        2.17     0.999993     25637661    145635.56
        2.17     0.999994     25637661    154202.35
        2.19     0.999994     25637687    163840.00
        2.19     0.999994     25637687    174762.67
        2.19     0.999995     25637687    187245.71
        2.21     0.999995     25637710    201649.23
        2.21     0.999995     25637710    218453.33
        2.22     0.999996     25637731    238312.73
        2.22     0.999996     25637731    262144.00
        2.22     0.999996     25637731    275941.05
        2.22     0.999997     25637731    291271.11
        2.24     0.999997     25637746    308404.71
        2.24     0.999997     25637746    327680.00
        2.24     0.999997     25637746    349525.33
        2.25     0.999997     25637764    374491.43
        2.25     0.999998     25637764    403298.46
        2.25     0.999998     25637764    436906.67
        2.27     0.999998     25637779    476625.45
        2.27     0.999998     25637779    524288.00
        2.27     0.999998     25637779    551882.11
        2.27     0.999998     25637779    582542.22
        2.27     0.999998     25637779    616809.41
        2.29     0.999998     25637784    655360.00
        2.29     0.999999     25637784    699050.67
        2.30     0.999999     25637793    748982.86
        2.30     0.999999     25637793    806596.92
        2.30     0.999999     25637793    873813.33
        2.30     0.999999     25637793    953250.91
        2.32     0.999999     25637801   1048576.00
        2.32     0.999999     25637801   1103764.21
        2.32     0.999999     25637801   1165084.44
        2.32     0.999999     25637801   1233618.82
        2.32     0.999999     25637801   1310720.00
        2.32     0.999999     25637801   1398101.33
        2.33     0.999999     25637802   1497965.71
        2.35     0.999999     25637807   1613193.85
        2.35     0.999999     25637807   1747626.67
        2.35     0.999999     25637807   1906501.82
        2.35     1.000000     25637807   2097152.00
        2.37     1.000000     25637811   2207528.42
        2.37     1.000000     25637811   2330168.89
        2.37     1.000000     25637811   2467237.65
        2.37     1.000000     25637811   2621440.00
        2.37     1.000000     25637811   2796202.67
        2.37     1.000000     25637811   2995931.43
        2.38     1.000000     25637812   3226387.69
        2.38     1.000000     25637812   3495253.33
        2.40     1.000000     25637813   3813003.64
        2.40     1.000000     25637813   4194304.00
        2.45     1.000000     25637814   4415056.84
        2.45     1.000000     25637814   4660337.78
        2.45     1.000000     25637814   4934475.29
        2.50     1.000000     25637815   5242880.00
        2.50     1.000000     25637815   5592405.33
        2.50     1.000000     25637815   5991862.86
        2.54     1.000000     25637816   6452775.39
        2.54     1.000000     25637816   6990506.67
        2.54     1.000000     25637816   7626007.28
        2.54     1.000000     25637816   8388608.00
        2.62     1.000000     25637817   8830113.68
        2.62     1.000000     25637817   9320675.55
        2.62     1.000000     25637817   9868950.59
        2.62     1.000000     25637817  10485760.00
        2.62     1.000000     25637817  11184810.67
        2.62     1.000000     25637817  11983725.71
        3.06     1.000000     25637818  12905550.76
        3.06     1.000000     25637818  13981013.34
        3.06     1.000000     25637818  15252014.55
        3.06     1.000000     25637818  16777216.00
        3.06     1.000000     25637818  17660227.38
        3.06     1.000000     25637818  18641351.10
        3.06     1.000000     25637818  19737901.19
        3.06     1.000000     25637818  20971519.98
        3.06     1.000000     25637818  22369621.33
        3.06     1.000000     25637818  23967451.45
        3.09     1.000000     25637819  25811101.52
        3.09     1.000000     25637819          inf
#[Mean    =        0.696, StdDeviation   =        0.174]
#[Max     =        3.087, Total count    =     25637819]
#[Buckets =           20, SubBuckets     =          256]
