       Value   Percentile   TotalCount 1/(1-Percentile)

        0.02     0.000000         8665         1.00
        0.46     0.050000      1424556         1.05
        0.70     0.100000      2854966         1.11
        0.77     0.150000      4326939         1.18
        0.78     0.200000      5700409         1.25
        0.80     0.250000      7852529         1.33
        0.81     0.300000      9227927         1.43
        0.81     0.350000     10767065         1.54
        0.82     0.400000     12401961         1.67
        0.83     0.450000     14073104         1.82
        0.84     0.500000     15741830         2.00
        0.84     0.525000     15741830         2.11
        0.84     0.550000     15741830         2.22
        0.85     0.575000     17343017         2.35
        0.85     0.600000     17343017         2.50
        0.85     0.625000     18827527         2.67
        0.85     0.650000     18827527         2.86
        0.86     0.675000     20168213         3.08
        0.86     0.700000     20168213         3.33
        0.87     0.725000     21346593         3.64
        0.87     0.750000     21346593         4.00
        0.88     0.762500     22389922         4.21
        0.88     0.775000     22389922         4.44
        0.88     0.787500     22389922         4.71
        0.89     0.800000     23276820         5.00
        0.89     0.812500     23276820         5.33
        0.89     0.825000     23276820         5.71
        0.90     0.837500     24017138         6.15
        0.90     0.850000     24017138         6.67
        0.90     0.862500     24633001         7.27
        0.91     0.875000     25146759         8.00
        0.91     0.881250     25146759         8.42
        0.91     0.887500     25146759         8.89
        0.92     0.893750     25556447         9.41
        0.92     0.900000     25556447        10.00
        0.92     0.906250     25556447        10.67
        0.93     0.912500     25882405        11.43
        0.94     0.918750     26138162        12.31
        0.94     0.925000     26138162        13.33
        0.94     0.931250     26336641        14.55
        0.95     0.937500     26487892        16.00
        0.96     0.940625     26602051        16.84
        0.96     0.943750     26602051        17.78
        0.97     0.946875     26691327        18.82
        0.98     0.950000     26813277        20.00
        1.00     0.953125     26885547        21.33
        1.02     0.956250     26955131        22.86
        1.07     0.959375     27044925        24.62
        1.13     0.962500     27132447        26.67
        1.18     0.965625     27223683        29.09
        1.22     0.968750     27305236        32.00
        1.24     0.970313     27349047        33.68
        1.27     0.971875     27397869        35.56
        1.30     0.973437     27436198        37.65
        1.36     0.975000     27479723        40.00
        1.48     0.976562     27521289        42.67
        1.55     0.978125     27571802        45.71
        1.58     0.979688     27620403        49.23
        1.60     0.981250     27653836        53.33
        1.62     0.982812     27714020        58.18
        1.64     0.984375     27759614        64.00
        1.65     0.985156     27783416        67.37
        1.66     0.985938     27807381        71.11
        1.66     0.986719     27807381        75.29
        1.66     0.987500     27831128        80.00
        1.67     0.988281     27854667        85.33
        1.68     0.989062     27877677        91.43
        1.69     0.989844     27899955        98.46
        1.70     0.990625     27921513       106.67
        1.70     0.991406     27941765       116.36
        1.72     0.992188     27978883       128.00
        1.72     0.992578     27978883       134.74
        1.73     0.992969     27995556       142.22
        1.73     0.993359     27995556       150.59
        1.74     0.993750     28011150       160.00
        1.74     0.994141     28025599       170.67
        1.75     0.994531     28038911       182.86
        1.75     0.994922     28038911       196.92
        1.76     0.995313     28051107       213.33
        1.77     0.995703     28062327       232.73
        1.77     0.996094     28072747       256.00
        1.78     0.996289     28082238       269.47
        1.79     0.996484     28090682       284.44
        1.79     0.996680     28090682       301.18
        1.80     0.996875     28098364       320.00
        1.81     0.997070     28105062       341.33
        1.81     0.997266     28105062       365.71
        1.81     0.997461     28110915       393.85
        1.82     0.997656     28116060       426.67
        1.84     0.997852     28124154       465.45
        1.85     0.998047     28127104       512.00
        1.85     0.998145     28129659       538.95
        1.87     0.998242     28133250       568.89
        1.89     0.998340     28135484       602.35
        1.91     0.998437     28137639       640.00
        1.95     0.998535     28140989       682.67
        1.98     0.998633     28144053       731.43
        1.99     0.998730     28147550       787.69
        2.00     0.998828     28149992       853.33
        2.01     0.998926     28152306       930.91
        2.02     0.999023     28154816      1024.00
        2.02     0.999072     28157313      1077.89
        2.02     0.999121     28157313      1137.78
        2.03     0.999170     28159681      1204.71
        2.03     0.999219     28159681      1280.00
        2.04     0.999268     28162193      1365.33
        2.05     0.999316     28164001      1462.86
        2.05     0.999365     28164001      1575.38
        2.06     0.999414     28167751      1706.67
        2.06     0.999463     28167751      1861.82
        2.08     0.999512     28170245      2048.00
        2.08     0.999536     28170245      2155.79
        2.08     0.999561     28170245      2275.56
        2.08     0.999585     28170245      2409.41
        2.10     0.999609     28172345      2560.00
        2.10     0.999634     28172345      2730.67
        2.10     0.999658     28172345      2925.71
        2.11     0.999683     28174207      3150.77
        2.11     0.999707     28174207      3413.33
        2.11     0.999731     28174207      3723.64
        2.13     0.999756     28175458      4096.00
        2.13     0.999768     28175458      4311.58
        2.13     0.999780     28175458      4551.11
        2.14     0.999792     28176093      4818.82
        2.14     0.999805     28176093      5120.00
        2.16     0.999817     28176647      5461.33
        2.17     0.999829     28176871      5851.43
        2.22     0.999841     28177111      6301.54
        2.30     0.999854     28177402      6826.67
        2.37     0.999866     28177860      7447.27
        2.40     0.999878     28178094      8192.00
        2.43     0.999884     28178328      8623.16
        2.46     0.999890     28178516      9102.22
        2.48     0.999896     28178613      9637.65
        2.53     0.999902     28178792     10240.00
        2.61     0.999908     28178964     10922.67
        2.72     0.999915     28179125     11702.86
        2.78     0.999921     28179305     12603.08
        2.81     0.999927     28179488     13653.33
        2.85     0.999933     28179691     14894.55
        2.86     0.999939     28179856     16384.00
        2.88     0.999942     28180039     17246.32
        2.88     0.999945     28180039     18204.44
        2.90     0.999948     28180203     19275.29
        2.90     0.999951     28180203     20480.00
        2.91     0.999954     28180343     21845.33
        2.91     0.999957     28180343     23405.71
        2.93     0.999960     28180486     25206.15
        2.94     0.999963     28180606     27306.67
        2.94     0.999966     28180606     29789.09
        2.96     0.999969     28180721     32768.00
        2.96     0.999971     28180721     34492.63
        2.98     0.999973     28180805     36408.89
        2.98     0.999974     28180805     38550.59
        2.99     0.999976     28180858     40960.00
        3.01     0.999977     28180896     43690.67
        3.02     0.999979     28180930     46811.43
        3.06     0.999980     28180981     50412.31
        3.10     0.999982     28181015     54613.33
        4.51     0.999983     28181072     59578.18
        4.54     0.999985     28181126     65536.00
        4.54     0.999986     28181126     68985.26
        4.83     0.999986     28181194     72817.78
        4.83     0.999987     28181194     77101.18
        4.83     0.999988     28181194     81920.00
        4.89     0.999989     28181216     87381.33
        5.38     0.999989     28181229     93622.86
        6.82     0.999990     28181326    100824.62
        6.82     0.999991     28181326    109226.67
        6.82     0.999992     28181326    119156.36
        6.82     0.999992     28181326    131072.00
        6.82     0.999993     28181326    137970.53
       20.22     0.999993     28181427    145635.56
       20.22     0.999994     28181427    154202.35
       20.22     0.999994     28181427    163840.00
       20.22     0.999994     28181427    174762.67
       20.22     0.999995     28181427    187245.71
       20.22     0.999995     28181427    201649.23
       20.22     0.999995     28181427    218453.33
       20.22     0.999996     28181427    238312.73
       20.22     0.999996     28181427    262144.00
       20.22     0.999996     28181427    275941.05
       40.45     0.999997     28181512    291271.11
       40.45     0.999997     28181512    308404.71
       40.45     0.999997     28181512    327680.00
       40.45     0.999997     28181512    349525.33
       40.45     0.999997     28181512    374491.43
       40.45     0.999998     28181512    403298.46
       40.45     0.999998     28181512    436906.67
       40.45     0.999998     28181512    476625.45
       40.45     0.999998     28181512    524288.00
       40.45     0.999998     28181512    551882.11
       40.45     0.999998     28181512    582542.22
       40.45     0.999998     28181512    616809.41
       40.45     0.999998     28181512    655360.00
       40.45     0.999999     28181512    699050.67
       40.45     0.999999     28181512    748982.86
       40.45     0.999999     28181512    806596.92
       40.45     0.999999     28181512    873813.33
       40.45     0.999999     28181512    953250.91
       40.45     0.999999     28181512   1048576.00
       40.45     0.999999     28181512   1103764.21
       40.45     0.999999     28181512   1165084.44
       40.45     0.999999     28181512   1233618.82
       40.45     0.999999     28181512   1310720.00
       40.45     0.999999     28181512   1398101.33
       40.45     0.999999     28181512   1497965.71
       40.45     0.999999     28181512   1613193.85
       40.70     0.999999     28181524   1747626.67
       40.70     0.999999     28181524   1906501.82
       40.70     1.000000     28181524   2097152.00
       40.70     1.000000     28181524   2207528.42
       40.70     1.000000     28181524   2330168.89
       40.70     1.000000     28181524   2467237.65
       40.70     1.000000     28181524   2621440.00
       40.70     1.000000     28181524   2796202.67
       40.70     1.000000     28181524   2995931.43
       40.70     1.000000     28181524   3226387.69
       40.70     1.000000     28181524   3495253.33
       40.70     1.000000     28181524   3813003.64
       40.70     1.000000     28181524   4194304.00
       40.70     1.000000     28181524   4415056.84
       40.70     1.000000     28181524   4660337.78
       40.70     1.000000     28181524   4934475.29
       40.70     1.000000     28181524   5242880.00
       40.70     1.000000     28181524   5592405.33
       40.96     1.000000     28181525   5991862.86
       40.96     1.000000     28181525   6452775.39
       40.96     1.000000     28181525   6990506.67
       41.47     1.000000     28181527   7626007.28
       41.47     1.000000     28181527   8388608.00
       41.47     1.000000     28181527   8830113.68
       41.47     1.000000     28181527   9320675.55
       41.47     1.000000     28181527   9868950.59
       41.47     1.000000     28181527  10485760.00
       41.47     1.000000     28181527  11184810.67
       41.47     1.000000     28181527  11983725.71
       41.47     1.000000     28181527  12905550.76
       41.47     1.000000     28181527  13981013.34
       60.16     1.000000     28181528  15252014.55
       60.16     1.000000     28181528  16777216.00
       60.16     1.000000     28181528  17660227.38
       60.16     1.000000     28181528  18641351.10
       60.16     1.000000     28181528  19737901.19
       60.16     1.000000     28181528  20971519.98
       60.16     1.000000     28181528  22369621.33
       60.16     1.000000     28181528  23967451.45
       60.16     1.000000     28181528  25811101.52
       60.16     1.000000     28181528  27962026.68
       60.67     1.000000     28181529  30504029.05
       60.67     1.000000     28181529          inf
#[Mean    =        0.823, StdDeviation   =        0.228]
#[Max     =       60.671, Total count    =     28181529]
#[Buckets =           20, SubBuckets     =          256]
