       Value   Percentile   TotalCount 1/(1-Percentile)

        0.02     0.000000        14845         1.00
        0.35     0.050000      1713855         1.05
        0.59     0.100000      3412280         1.11
        0.69     0.150000      5476024         1.18
        0.70     0.200000      7522789         1.25
        0.71     0.250000      9086165         1.33
        0.72     0.300000     11035726         1.43
        0.73     0.350000     13372868         1.54
        0.73     0.400000     16099046         1.67
        0.73     0.450000     16099046         1.82
        0.74     0.500000     19130898         2.00
        0.74     0.525000     19130898         2.11
        0.74     0.550000     19130898         2.22
        0.75     0.575000     22197388         2.35
        0.75     0.600000     22197388         2.50
        0.75     0.625000     22197388         2.67
        0.75     0.650000     22197388         2.86
        0.76     0.675000     24938897         3.08
        0.76     0.700000     24938897         3.33
        0.76     0.725000     24938897         3.64
        0.77     0.750000     26932731         4.00
        0.77     0.762500     26932731         4.21
        0.77     0.775000     26932731         4.44
        0.77     0.787500     26932731         4.71
        0.78     0.800000     28130345         5.00
        0.78     0.812500     28130345         5.33
        0.78     0.825000     28130345         5.71
        0.78     0.837500     28792794         6.15
        0.78     0.850000     28792794         6.67
        0.79     0.862500     29170830         7.27
        0.81     0.875000     29677887         8.00
        0.81     0.881250     29917483         8.42
        0.82     0.887500     30159591         8.89
        0.83     0.893750     30413799         9.41
        0.84     0.900000     30673241        10.00
        0.84     0.906250     30673241        10.67
        0.85     0.912500     30943141        11.43
        0.85     0.918750     31207160        12.31
        0.86     0.925000     31466730        13.33
        0.87     0.931250     31706915        14.55
        0.87     0.937500     31706915        16.00
        0.88     0.940625     31903230        16.84
        0.89     0.943750     32058247        17.78
        0.89     0.946875     32058247        18.82
        0.90     0.950000     32181135        20.00
        0.90     0.953125     32276191        21.33
        0.91     0.956250     32352841        22.86
        0.93     0.959375     32462581        24.62
        0.94     0.962500     32548052        26.67
        0.97     0.965625     32659300        29.09
        1.00     0.968750     32789173        32.00
        1.01     0.970313     32817153        33.68
        1.02     0.971875     32865514        35.56
        1.05     0.973437     32924359        37.65
        1.08     0.975000     32970582        40.00
        1.16     0.976562     33023623        42.67
        1.25     0.978125     33076723        45.71
        1.35     0.979688     33134287        49.23
        1.39     0.981250     33193788        53.33
        1.42     0.982812     33248216        58.18
        1.43     0.984375     33294425        64.00
        1.44     0.985156     33319954        67.37
        1.45     0.985938     33347634        71.11
        1.46     0.986719     33377239        75.29
        1.46     0.987500     33408492        80.00
        1.47     0.988281     33441472        85.33
        1.48     0.989062     33476259        91.43
        1.48     0.989844     33476259        98.46
        1.49     0.990625     33512423       106.67
        1.50     0.991406     33549360       116.36
        1.50     0.992188     33585586       128.00
        1.50     0.992578     33585586       134.74
        1.50     0.992969     33585586       142.22
        1.51     0.993359     33618747       150.59
        1.51     0.993750     33618747       160.00
        1.51     0.994141     33618747       170.67
        1.52     0.994531     33647700       182.86
        1.52     0.994922     33647700       196.92
        1.53     0.995313     33671638       213.33
        1.53     0.995703     33671638       232.73
        1.53     0.996094     33690519       256.00
        1.53     0.996289     33690519       269.47
        1.54     0.996484     33704958       284.44
        1.54     0.996680     33704958       301.18
        1.55     0.996875     33715728       320.00
        1.56     0.997070     33723887       341.33
        1.56     0.997266     33723887       365.71
        1.57     0.997461     33734788       393.85
        1.58     0.997656     33738874       426.67
        1.60     0.997852     33745728       465.45
        1.61     0.998047     33752216       512.00
        1.62     0.998145     33755245       538.95
        1.63     0.998242     33758377       568.89
        1.64     0.998340     33761467       602.35
        1.65     0.998437     33764583       640.00
        1.66     0.998535     33767637       682.67
        1.66     0.998633     33770531       731.43
        1.67     0.998730     33773405       787.69
        1.69     0.998828     33779180       853.33
        1.70     0.998926     33782020       930.91
        1.70     0.999023     33784872      1024.00
        1.70     0.999072     33784872      1077.89
        1.71     0.999121     33787869      1137.78
        1.72     0.999170     33790722      1204.71
        1.72     0.999219     33790722      1280.00
        1.73     0.999268     33793500      1365.33
        1.73     0.999316     33793500      1462.86
        1.74     0.999365     33796028      1575.38
        1.74     0.999414     33798294      1706.67
        1.74     0.999463     33798294      1861.82
        1.75     0.999512     33800214      2048.00
        1.76     0.999536     33801967      2155.79
        1.76     0.999561     33801967      2275.56
        1.76     0.999585     33801967      2409.41
        1.77     0.999609     33803501      2560.00
        1.77     0.999634     33804847      2730.67
        1.77     0.999658     33804847      2925.71
        1.78     0.999683     33806022      3150.77
        1.79     0.999707     33807035      3413.33
        1.79     0.999731     33807035      3723.64
        1.80     0.999756     33807948      4096.00
        1.81     0.999768     33808678      4311.58
        1.81     0.999780     33808678      4551.11
        1.81     0.999792     33809319      4818.82
        1.82     0.999805     33809886      5120.00
        1.82     0.999817     33809886      5461.33
        1.83     0.999829     33810405      5851.43
        1.84     0.999841     33810864      6301.54
        1.85     0.999854     33811283      6826.67
        1.85     0.999866     33811661      7447.27
        1.86     0.999878     33811998      8192.00
        1.87     0.999884     33812324      8623.16
        1.87     0.999890     33812324      9102.22
        1.88     0.999896     33812648      9637.65
        1.89     0.999902     33812922     10240.00
        1.89     0.999908     33812922     10922.67
        1.90     0.999915     33813157     11702.86
        1.90     0.999921     33813373     12603.08
        1.91     0.999927     33813537     13653.33
        1.92     0.999933     33813708     14894.55
        1.94     0.999939     33813953     16384.00
        1.94     0.999942     33814068     17246.32
        1.95     0.999945     33814176     18204.44
        1.96     0.999948     33814261     19275.29
        1.97     0.999951     33814363     20480.00
        1.98     0.999954     33814448     21845.33
        1.99     0.999957     33814591     23405.71
        2.00     0.999960     33814640     25206.15
        2.02     0.999963     33814753     27306.67
        2.03     0.999966     33814861     29789.09
        2.05     0.999969     33814965     32768.00
        2.06     0.999971     33815045     34492.63
        2.06     0.999973     33815045     36408.89
        2.10     0.999974     33815112     38550.59
        2.13     0.999976     33815165     40960.00
        2.16     0.999977     33815206     43690.67
        2.19     0.999979     33815251     46811.43
        2.22     0.999980     33815304     50412.31
        2.25     0.999982     33815361     54613.33
        2.29     0.999983     33815412     59578.18
        2.33     0.999985     33815467     65536.00
        2.35     0.999986     33815488     68985.26
        2.38     0.999986     33815512     72817.78
        2.42     0.999987     33815544     77101.18
        2.45     0.999988     33815560     81920.00
        2.53     0.999989     33815588     87381.33
        2.59     0.999989     33815615     93622.86
        2.69     0.999990     33815640    100824.62
        3.26     0.999991     33815664    109226.67
        3.57     0.999992     33815690    119156.36
        3.82     0.999992     33815716    131072.00
        3.94     0.999993     33815728    137970.53
        4.03     0.999993     33815740    145635.56
        4.16     0.999994     33815753    154202.35
        4.54     0.999994     33815767    163840.00
       72.70     0.999994     33815793    174762.67
       72.70     0.999995     33815793    187245.71
       73.22     0.999995     33815822    201649.23
       73.22     0.999995     33815822    218453.33
       73.73     0.999996     33815835    238312.73
       74.24     0.999996     33815845    262144.00
       74.75     0.999996     33815855    275941.05
       75.26     0.999997     33815856    291271.11
       79.87     0.999997     33815871    308404.71
       79.87     0.999997     33815871    327680.00
      163.84     0.999997     33815962    349525.33
      163.84     0.999997     33815962    374491.43
      163.84     0.999998     33815962    403298.46
      163.84     0.999998     33815962    436906.67
      163.84     0.999998     33815962    476625.45
      163.84     0.999998     33815962    524288.00
      163.84     0.999998     33815962    551882.11
      163.84     0.999998     33815962    582542.22
      163.84     0.999998     33815962    616809.41
      163.84     0.999998     33815962    655360.00
      163.84     0.999999     33815962    699050.67
      163.84     0.999999     33815962    748982.86
      163.84     0.999999     33815962    806596.92
      163.84     0.999999     33815962    873813.33
      163.84     0.999999     33815962    953250.91
      163.84     0.999999     33815962   1048576.00
      163.84     0.999999     33815962   1103764.21
      163.84     0.999999     33815962   1165084.44
      163.84     0.999999     33815962   1233618.82
      163.84     0.999999     33815962   1310720.00
      163.84     0.999999     33815962   1398101.33
      163.84     0.999999     33815962   1497965.71
      163.84     0.999999     33815962   1613193.85
      163.84     0.999999     33815962   1747626.67
      163.84     0.999999     33815962   1906501.82
      163.84     1.000000     33815962   2097152.00
      163.84     1.000000     33815962   2207528.42
      163.84     1.000000     33815962   2330168.89
      163.84     1.000000     33815962   2467237.65
      163.84     1.000000     33815962   2621440.00
      163.84     1.000000     33815962   2796202.67
      163.84     1.000000     33815962   2995931.43
      163.84     1.000000     33815962   3226387.69
      168.96     1.000000     33815968   3495253.33
      168.96     1.000000     33815968   3813003.64
      168.96     1.000000     33815968   4194304.00
      168.96     1.000000     33815968   4415056.84
      168.96     1.000000     33815968   4660337.78
      168.96     1.000000     33815968   4934475.29
      168.96     1.000000     33815968   5242880.00
      168.96     1.000000     33815968   5592405.33
      168.96     1.000000     33815968   5991862.86
      168.96     1.000000     33815968   6452775.39
      168.96     1.000000     33815968   6990506.67
      168.96     1.000000     33815968   7626007.28
      168.96     1.000000     33815968   8388608.00
      169.98     1.000000     33815972   8830113.68
      169.98     1.000000     33815972          inf
#[Mean    =        0.726, StdDeviation   =        0.360]
#[Max     =      169.983, Total count    =     33815972]
#[Buckets =           20, SubBuckets     =          256]
