       Value   Percentile   TotalCount 1/(1-Percentile)

        0.02     0.000000          863         1.00
        0.49     0.050000       706837         1.05
        0.73     0.100000      1421420         1.11
        0.79     0.150000      2185336         1.18
        0.81     0.200000      2892408         1.25
        0.82     0.250000      3967073         1.33
        0.83     0.300000      4637176         1.43
        0.84     0.350000      5377535         1.54
        0.85     0.400000      6164187         1.67
        0.85     0.450000      6975582         1.82
        0.86     0.500000      7787139         2.00
        0.86     0.525000      7787139         2.11
        0.86     0.550000      7787139         2.22
        0.87     0.575000      8568140         2.35
        0.87     0.600000      8568140         2.50
        0.88     0.625000      9293327         2.67
        0.88     0.650000      9293327         2.86
        0.89     0.675000      9961662         3.08
        0.89     0.700000      9961662         3.33
        0.90     0.725000     10556884         3.64
        0.90     0.750000     11075947         4.00
        0.90     0.762500     11075947         4.21
        0.90     0.775000     11075947         4.44
        0.91     0.787500     11519947         4.71
        0.91     0.800000     11519947         5.00
        0.91     0.812500     11519947         5.33
        0.92     0.825000     11896956         5.71
        0.92     0.837500     11896956         6.15
        0.93     0.850000     12215642         6.67
        0.93     0.862500     12215642         7.27
        0.94     0.875000     12478138         8.00
        0.94     0.881250     12478138         8.42
        0.94     0.887500     12695749         8.89
        0.94     0.893750     12695749         9.41
        0.94     0.900000     12695749        10.00
        0.95     0.906250     12872462        10.67
        0.95     0.912500     12872462        11.43
        0.96     0.918750     13012144        12.31
        0.97     0.925000     13119235        13.33
        0.97     0.931250     13119235        14.55
        0.97     0.937500     13200608        16.00
        0.98     0.940625     13259755        16.84
        0.99     0.943750     13306200        17.78
        1.00     0.946875     13341926        18.82
        1.01     0.950000     13389854        20.00
        1.03     0.953125     13421126        21.33
        1.07     0.956250     13470335        22.86
        1.12     0.959375     13507705        24.62
        1.18     0.962500     13553652        26.67
        1.22     0.965625     13595093        29.09
        1.26     0.968750     13645369        32.00
        1.29     0.970313     13666704        33.68
        1.31     0.971875     13684425        35.56
        1.35     0.973437     13707421        37.65
        1.42     0.975000     13728232        40.00
        1.54     0.976562     13749771        42.67
        1.60     0.978125     13773479        45.71
        1.63     0.979688     13798985        49.23
        1.65     0.981250     13815707        53.33
        1.67     0.982812     13845401        58.18
        1.69     0.984375     13867347        64.00
        1.70     0.985156     13878755        67.37
        1.70     0.985938     13890339        71.11
        1.71     0.986719     13901950        75.29
        1.72     0.987500     13913263        80.00
        1.73     0.988281     13924476        85.33
        1.74     0.989062     13935099        91.43
        1.74     0.989844     13945415        98.46
        1.75     0.990625     13955270       106.67
        1.76     0.991406     13964791       116.36
        1.77     0.992188     13973734       128.00
        1.77     0.992578     13982307       134.74
        1.77     0.992969     13982307       142.22
        1.78     0.993359     13990293       150.59
        1.79     0.993750     13997462       160.00
        1.79     0.994141     13997462       170.67
        1.80     0.994531     14004299       182.86
        1.81     0.994922     14010633       196.92
        1.81     0.995313     14016310       213.33
        1.82     0.995703     14021474       232.73
        1.83     0.996094     14026267       256.00
        1.84     0.996289     14030511       269.47
        1.84     0.996484     14030511       284.44
        1.85     0.996680     14034425       301.18
        1.85     0.996875     14037966       320.00
        1.85     0.997070     14037966       341.33
        1.86     0.997266     14041037       365.71
        1.87     0.997461     14043883       393.85
        1.88     0.997656     14046233       426.67
        1.90     0.997852     14049846       465.45
        1.91     0.998047     14052463       512.00
        1.92     0.998145     14053396       538.95
        1.94     0.998242     14054757       568.89
        1.95     0.998340     14055836       602.35
        1.98     0.998437     14057155       640.00
        2.00     0.998535     14059120       682.67
        2.01     0.998633     14060116       731.43
        2.02     0.998730     14061296       787.69
        2.02     0.998828     14062630       853.33
        2.03     0.998926     14064021       930.91
        2.04     0.999023     14065369      1024.00
        2.05     0.999072     14066574      1077.89
        2.06     0.999121     14069099      1137.78
        2.06     0.999170     14069099      1204.71
        2.06     0.999219     14069099      1280.00
        2.06     0.999268     14069099      1365.33
        2.08     0.999316     14071043      1462.86
        2.08     0.999365     14071043      1575.38
        2.08     0.999414     14071043      1706.67
        2.10     0.999463     14072610      1861.82
        2.10     0.999512     14072610      2048.00
        2.10     0.999536     14072610      2155.79
        2.11     0.999561     14073692      2275.56
        2.11     0.999585     14073692      2409.41
        2.11     0.999609     14073692      2560.00
        2.13     0.999634     14074433      2730.67
        2.13     0.999658     14074433      2925.71
        2.14     0.999683     14075206      3150.77
        2.14     0.999707     14075206      3413.33
        2.16     0.999731     14075938      3723.64
        2.16     0.999756     14075938      4096.00
        2.16     0.999768     14075938      4311.58
        2.16     0.999780     14075938      4551.11
        2.17     0.999792     14076229      4818.82
        2.19     0.999805     14076310      5120.00
        2.22     0.999817     14076501      5461.33
        2.29     0.999829     14076612      5851.43
        2.37     0.999841     14076793      6301.54
        2.42     0.999854     14076963      6826.67
        2.45     0.999866     14077114      7447.27
        2.50     0.999878     14077315      8192.00
        2.51     0.999884     14077365      8623.16
        2.54     0.999890     14077458      9102.22
        2.58     0.999896     14077532      9637.65
        2.64     0.999902     14077617     10240.00
        2.78     0.999908     14077716     10922.67
        2.83     0.999915     14077831     11702.86
        2.85     0.999921     14077873     12603.08
        2.88     0.999927     14077993     13653.33
        2.90     0.999933     14078065     14894.55
        2.91     0.999939     14078143     16384.00
        2.93     0.999942     14078213     17246.32
        2.94     0.999945     14078302     18204.44
        2.94     0.999948     14078302     19275.29
        2.94     0.999951     14078302     20480.00
        2.96     0.999954     14078385     21845.33
        2.98     0.999957     14078447     23405.71
        2.98     0.999960     14078447     25206.15
        2.99     0.999963     14078529     27306.67
        2.99     0.999966     14078529     29789.09
        3.01     0.999969     14078583     32768.00
        3.01     0.999971     14078583     34492.63
        3.02     0.999973     14078619     36408.89
        3.04     0.999974     14078647     38550.59
        3.04     0.999976     14078647     40960.00
        3.06     0.999977     14078677     43690.67
        3.07     0.999979     14078698     46811.43
        3.10     0.999980     14078724     50412.31
        3.13     0.999982     14078734     54613.33
        3.36     0.999983     14078759     59578.18
        3.38     0.999985     14078783     65536.00
        3.39     0.999986     14078785     68985.26
        4.93     0.999986     14078813     72817.78
        4.93     0.999987     14078813     77101.18
        4.96     0.999988     14078845     81920.00
        4.96     0.999989     14078845     87381.33
        4.96     0.999989     14078845     93622.86
        5.15     0.999990     14078856    100824.62
        5.18     0.999991     14078884    109226.67
        5.18     0.999992     14078884    119156.36
        5.18     0.999992     14078884    131072.00
        5.82     0.999993     14078888    137970.53
       26.50     0.999993     14078943    145635.56
       26.50     0.999994     14078943    154202.35
       26.50     0.999994     14078943    163840.00
       26.50     0.999994     14078943    174762.67
       26.50     0.999995     14078943    187245.71
       26.50     0.999995     14078943    201649.23
       26.50     0.999995     14078943    218453.33
       26.50     0.999996     14078943    238312.73
       26.50     0.999996     14078943    262144.00
       26.50     0.999996     14078943    275941.05
       26.50     0.999997     14078943    291271.11
       27.52     0.999997     14078944    308404.71
       35.58     0.999997     14078984    327680.00
       35.58     0.999997     14078984    349525.33
       35.58     0.999997     14078984    374491.43
       35.58     0.999998     14078984    403298.46
       35.58     0.999998     14078984    436906.67
       35.58     0.999998     14078984    476625.45
       35.58     0.999998     14078984    524288.00
       35.58     0.999998     14078984    551882.11
       35.58     0.999998     14078984    582542.22
       35.58     0.999998     14078984    616809.41
       35.58     0.999998     14078984    655360.00
       35.58     0.999999     14078984    699050.67
       35.58     0.999999     14078984    748982.86
       35.58     0.999999     14078984    806596.92
       35.58     0.999999     14078984    873813.33
       35.58     0.999999     14078984    953250.91
       35.58     0.999999     14078984   1048576.00
       35.58     0.999999     14078984   1103764.21
       35.58     0.999999     14078984   1165084.44
       35.58     0.999999     14078984   1233618.82
       35.58     0.999999     14078984   1310720.00
       35.58     0.999999     14078984   1398101.33
       35.58     0.999999     14078984   1497965.71
       35.58     0.999999     14078984   1613193.85
       35.58     0.999999     14078984   1747626.67
       35.58     0.999999     14078984   1906501.82
       35.58     1.000000     14078984   2097152.00
       35.58     1.000000     14078984   2207528.42
       35.58     1.000000     14078984   2330168.89
       35.58     1.000000     14078984   2467237.65
       35.58     1.000000     14078984   2621440.00
       35.58     1.000000     14078984   2796202.67
       35.84     1.000000     14078988   2995931.43
       35.84     1.000000     14078988   3226387.69
       35.84     1.000000     14078988   3495253.33
       35.84     1.000000     14078988   3813003.64
       35.84     1.000000     14078988   4194304.00
       35.84     1.000000     14078988   4415056.84
       35.84     1.000000     14078988   4660337.78
       35.84     1.000000     14078988   4934475.29
       35.84     1.000000     14078988   5242880.00
       35.84     1.000000     14078988   5592405.33
       35.84     1.000000     14078988   5991862.86
       35.84     1.000000     14078988   6452775.39
       35.84     1.000000     14078988   6990506.67
       35.84     1.000000     14078988   7626007.28
       35.84     1.000000     14078988   8388608.00
       35.84     1.000000     14078988   8830113.68
       35.84     1.000000     14078988   9320675.55
       35.84     1.000000     14078988   9868950.59
       35.84     1.000000     14078988  10485760.00
       35.84     1.000000     14078988  11184810.67
       35.84     1.000000     14078988  11983725.71
       35.84     1.000000     14078988  12905550.76
       35.84     1.000000     14078988  13981013.34
       36.61     1.000000     14078989  15252014.55
       36.61     1.000000     14078989          inf
#[Mean    =        0.849, StdDeviation   =        0.231]
#[Max     =       36.607, Total count    =     14078989]
#[Buckets =           20, SubBuckets     =          256]
