       Value   Percentile   TotalCount 1/(1-Percentile)

        0.38     0.000000            1         1.00
        1.85     0.050000      2985497         1.05
        1.90     0.100000      6175357         1.11
        1.92     0.150000      8798836         1.18
        1.94     0.200000     11821975         1.25
        1.97     0.250000     15048342         1.33
        1.98     0.300000     17202465         1.43
        2.01     0.350000     20281272         1.54
        2.03     0.400000     23028105         1.67
        2.06     0.450000     25995415         1.82
        2.10     0.500000     28128057         2.00
        2.13     0.525000     29541935         2.11
        2.19     0.550000     30947941         2.22
        2.90     0.575000     32410714         2.35
        3.01     0.600000     33879165         2.50
        3.07     0.625000     35341660         2.67
        3.12     0.650000     36777180         2.86
        3.17     0.675000     38506883         3.08
        3.20     0.700000     39797549         3.33
        3.23     0.725000     41170032         3.64
        3.26     0.750000     42585023         4.00
        3.28     0.762500     43290724         4.21
        3.29     0.775000     43983158         4.44
        3.31     0.787500     44655141         4.71
        3.33     0.800000     45303129         5.00
        3.34     0.812500     45915432         5.33
        3.36     0.825000     46493370         5.71
        3.39     0.837500     47533709         6.15
        3.41     0.850000     48006466         6.67
        3.44     0.862500     48886351         7.27
        3.46     0.875000     49309485         8.00
        3.47     0.881250     49735685         8.42
        3.49     0.887500     50163859         8.89
        3.50     0.893750     50598556         9.41
        3.50     0.900000     50598556        10.00
        3.52     0.906250     51036421        10.67
        3.54     0.912500     51481767        11.43
        3.55     0.918750     51923855        12.31
        3.57     0.925000     52359122        13.33
        3.57     0.931250     52359122        14.55
        3.58     0.937500     52779076        16.00
        3.60     0.940625     53177606        16.84
        3.60     0.943750     53177606        17.78
        3.62     0.946875     53545319        18.82
        3.62     0.950000     53545319        20.00
        3.63     0.953125     53880868        21.33
        3.63     0.956250     53880868        22.86
        3.65     0.959375     54182356        24.62
        3.65     0.962500     54182356        26.67
        3.66     0.965625     54448623        29.09
        3.66     0.968750     54448623        32.00
        3.68     0.970313     54678167        33.68
        3.68     0.971875     54678167        35.56
        3.69     0.973437     54873755        37.65
        3.69     0.975000     54873755        40.00
        3.71     0.976562     55041057        42.67
        3.71     0.978125     55041057        45.71
        3.73     0.979688     55184722        49.23
        3.73     0.981250     55184722        53.33
        3.74     0.982812     55306594        58.18
        3.76     0.984375     55412549        64.00
        3.76     0.985156     55412549        67.37
        3.76     0.985938     55412549        71.11
        3.77     0.986719     55504402        75.29
        3.77     0.987500     55504402        80.00
        3.79     0.988281     55584883        85.33
        3.79     0.989062     55584883        91.43
        3.81     0.989844     55657550        98.46
        3.82     0.990625     55722105       106.67
        3.82     0.991406     55722105       116.36
        3.84     0.992188     55781150       128.00
        3.84     0.992578     55781150       134.74
        3.85     0.992969     55834367       142.22
        3.85     0.993359     55834367       150.59
        3.87     0.993750     55882109       160.00
        3.87     0.994141     55882109       170.67
        3.89     0.994531     55925514       182.86
        3.89     0.994922     55925514       196.92
        3.90     0.995313     55964277       213.33
        3.90     0.995703     55964277       232.73
        3.92     0.996094     55998445       256.00
        3.92     0.996289     55998445       269.47
        3.92     0.996484     55998445       284.44
        3.94     0.996680     56028703       301.18
        3.94     0.996875     56028703       320.00
        3.94     0.997070     56028703       341.33
        3.95     0.997266     56054541       365.71
        3.95     0.997461     56054541       393.85
        3.97     0.997656     56076491       426.67
        3.97     0.997852     56076491       465.45
        3.98     0.998047     56095134       512.00
        3.98     0.998145     56095134       538.95
        3.98     0.998242     56095134       568.89
        4.00     0.998340     56110296       602.35
        4.00     0.998437     56110296       640.00
        4.00     0.998535     56110296       682.67
        4.01     0.998633     56123378       731.43
        4.01     0.998730     56123378       787.69
        4.03     0.998828     56133845       853.33
        4.03     0.998926     56133845       930.91
        4.05     0.999023     56142158      1024.00
        4.05     0.999072     56142158      1077.89
        4.05     0.999121     56142158      1137.78
        4.06     0.999170     56149061      1204.71
        4.06     0.999219     56149061      1280.00
        4.08     0.999268     56154757      1365.33
        4.08     0.999316     56154757      1462.86
        4.09     0.999365     56159336      1575.38
        4.09     0.999414     56159336      1706.67
        4.13     0.999463     56166089      1861.82
        4.13     0.999512     56166089      2048.00
        4.13     0.999536     56166089      2155.79
        4.16     0.999561     56170691      2275.56
        4.16     0.999585     56170691      2409.41
        4.16     0.999609     56170691      2560.00
        4.16     0.999634     56170691      2730.67
        4.19     0.999658     56173755      2925.71
        4.19     0.999683     56173755      3150.77
        4.22     0.999707     56175860      3413.33
        4.25     0.999731     56177560      3723.64
        4.25     0.999756     56177560      4096.00
        4.29     0.999768     56178908      4311.58
        4.29     0.999780     56178908      4551.11
        4.32     0.999792     56180069      4818.82
        4.35     0.999805     56181199      5120.00
        4.35     0.999817     56181199      5461.33
        4.38     0.999829     56182155      5851.43
        4.42     0.999841     56183120      6301.54
        4.42     0.999854     56183120      6826.67
        4.45     0.999866     56184021      7447.27
        4.48     0.999878     56184729      8192.00
        4.48     0.999884     56184729      8623.16
        4.51     0.999890     56185416      9102.22
        4.51     0.999896     56185416      9637.65
        4.54     0.999902     56186028     10240.00
        4.58     0.999908     56186593     10922.67
        4.58     0.999915     56186593     11702.86
        4.61     0.999921     56187128     12603.08
        4.61     0.999927     56187128     13653.33
        4.64     0.999933     56187592     14894.55
        4.67     0.999939     56187972     16384.00
        4.67     0.999942     56187972     17246.32
        4.70     0.999945     56188397     18204.44
        4.70     0.999948     56188397     19275.29
        4.74     0.999951     56188772     20480.00
        4.74     0.999954     56188772     21845.33
        4.77     0.999957     56189082     23405.71
        4.77     0.999960     56189082     25206.15
        4.80     0.999963     56189373     27306.67
        4.80     0.999966     56189373     29789.09
        4.83     0.999969     56189652     32768.00
        4.83     0.999971     56189652     34492.63
        4.83     0.999973     56189652     36408.89
        4.86     0.999974     56189846     38550.59
        4.86     0.999976     56189846     40960.00
        4.89     0.999977     56190055     43690.67
        4.89     0.999979     56190055     46811.43
        4.93     0.999980     56190194     50412.31
        4.93     0.999982     56190194     54613.33
        4.96     0.999983     56190326     59578.18
        4.99     0.999985     56190457     65536.00
        4.99     0.999986     56190457     68985.26
        4.99     0.999986     56190457     72817.78
        5.02     0.999987     56190541     77101.18
        5.02     0.999988     56190541     81920.00
        5.05     0.999989     56190591     87381.33
        5.09     0.999989     56190662     93622.86
        5.09     0.999990     56190662    100824.62
        5.12     0.999991     56190736    109226.67
        5.12     0.999992     56190736    119156.36
        5.15     0.999992     56190782    131072.00
        5.18     0.999993     56190853    137970.53
        5.18     0.999993     56190853    145635.56
        5.18     0.999994     56190853    154202.35
        5.18     0.999994     56190853    163840.00
        5.21     0.999994     56190906    174762.67
        5.21     0.999995     56190906    187245.71
        5.25     0.999995     56190966    201649.23
        5.25     0.999995     56190966    218453.33
        5.25     0.999996     56190966    238312.73
        5.28     0.999996     56190996    262144.00
        5.28     0.999996     56190996    275941.05
        5.31     0.999997     56191015    291271.11
        5.31     0.999997     56191015    308404.71
        5.34     0.999997     56191032    327680.00
        5.38     0.999997     56191045    349525.33
        5.38     0.999997     56191045    374491.43
        5.41     0.999998     56191067    403298.46
        5.41     0.999998     56191067    436906.67
        5.44     0.999998     56191087    476625.45
        5.44     0.999998     56191087    524288.00
        5.47     0.999998     56191124    551882.11
        5.47     0.999998     56191124    582542.22
        5.47     0.999998     56191124    616809.41
        5.47     0.999998     56191124    655360.00
        5.47     0.999999     56191124    699050.67
        5.47     0.999999     56191124    748982.86
        5.50     0.999999     56191142    806596.92
        5.50     0.999999     56191142    873813.33
        5.50     0.999999     56191142    953250.91
        5.50     0.999999     56191142   1048576.00
        5.54     0.999999     56191155   1103764.21
        5.54     0.999999     56191155   1165084.44
        5.54     0.999999     56191155   1233618.82
        5.54     0.999999     56191155   1310720.00
        5.54     0.999999     56191155   1398101.33
        5.57     0.999999     56191170   1497965.71
        5.57     0.999999     56191170   1613193.85
        5.57     0.999999     56191170   1747626.67
        5.57     0.999999     56191170   1906501.82
        5.57     1.000000     56191170   2097152.00
        5.57     1.000000     56191170   2207528.42
        5.57     1.000000     56191170   2330168.89
        5.60     1.000000     56191180   2467237.65
        5.60     1.000000     56191180   2621440.00
        5.60     1.000000     56191180   2796202.67
        5.60     1.000000     56191180   2995931.43
        5.60     1.000000     56191180   3226387.69
        5.60     1.000000     56191180   3495253.33
        5.60     1.000000     56191180   3813003.64
        5.63     1.000000     56191186   4194304.00
        5.63     1.000000     56191186   4415056.84
        5.63     1.000000     56191186   4660337.78
        5.63     1.000000     56191186   4934475.29
        5.63     1.000000     56191186   5242880.00
        5.63     1.000000     56191186   5592405.33
        5.63     1.000000     56191186   5991862.86
        5.63     1.000000     56191186   6452775.39
        5.63     1.000000     56191186   6990506.67
        5.66     1.000000     56191187   7626007.28
        5.70     1.000000     56191188   8388608.00
        5.70     1.000000     56191188   8830113.68
        5.70     1.000000     56191188   9320675.55
        5.73     1.000000     56191189   9868950.59
        5.73     1.000000     56191189  10485760.00
        5.73     1.000000     56191189  11184810.67
        5.76     1.000000     56191190  11983725.71
        5.76     1.000000     56191190  12905550.76
        5.76     1.000000     56191190  13981013.34
        5.79     1.000000     56191192  15252014.55
        5.79     1.000000     56191192  16777216.00
        5.79     1.000000     56191192  17660227.38
        5.79     1.000000     56191192  18641351.10
        5.79     1.000000     56191192  19737901.19
        5.79     1.000000     56191192  20971519.98
        5.79     1.000000     56191192  22369621.33
        5.79     1.000000     56191192  23967451.45
        5.79     1.000000     56191192  25811101.52
        5.79     1.000000     56191192  27962026.68
        5.82     1.000000     56191193  30504029.05
        5.82     1.000000     56191193  33554432.00
        5.82     1.000000     56191193  35320454.76
        5.82     1.000000     56191193  37282702.28
        5.82     1.000000     56191193  39475802.28
        5.82     1.000000     56191193  41943039.96
        5.82     1.000000     56191193  44739242.67
        5.82     1.000000     56191193  47934902.91
        5.82     1.000000     56191193  51622203.20
        5.82     1.000000     56191193  55924053.19
        5.86     1.000000     56191194  61008058.10
        5.86     1.000000     56191194          inf
#[Mean    =        2.561, StdDeviation   =        0.685]
#[Max     =        5.855, Total count    =     56191194]
#[Buckets =           20, SubBuckets     =          256]
