       Value   Percentile   TotalCount 1/(1-Percentile)

        0.31     0.000000            1         1.00
        1.84     0.050000      3206047         1.05
        1.87     0.100000      5835101         1.11
        1.90     0.150000      9500522         1.18
        1.92     0.200000     11627537         1.25
        1.94     0.250000     15022655         1.33
        1.96     0.300000     17316137         1.43
        1.98     0.350000     20614493         1.54
        2.01     0.400000     23548080         1.67
        2.03     0.450000     26012495         1.82
        2.08     0.500000     29406995         2.00
        2.10     0.525000     30145639         2.11
        2.14     0.550000     31519952         2.22
        2.77     0.575000     32808501         2.35
        2.94     0.600000     34211741         2.50
        3.02     0.625000     35812504         2.67
        3.07     0.650000     37172372         2.86
        3.12     0.675000     38838595         3.08
        3.15     0.700000     40104399         3.33
        3.18     0.725000     41475668         3.64
        3.21     0.750000     42908745         4.00
        3.23     0.762500     43628185         4.21
        3.25     0.775000     44339581         4.44
        3.26     0.787500     45036401         4.71
        3.28     0.800000     45707063         5.00
        3.29     0.812500     46345784         5.33
        3.33     0.825000     47507682         5.71
        3.34     0.837500     48025999         6.15
        3.36     0.850000     48506548         6.67
        3.39     0.862500     49377176         7.27
        3.42     0.875000     50186503         8.00
        3.44     0.881250     50592564         8.42
        3.46     0.887500     51006428         8.89
        3.46     0.893750     51006428         9.41
        3.47     0.900000     51434776        10.00
        3.49     0.906250     51869357        10.67
        3.50     0.912500     52309755        11.43
        3.52     0.918750     52753238        12.31
        3.52     0.925000     52753238        13.33
        3.54     0.931250     53190883        14.55
        3.55     0.937500     53613773        16.00
        3.57     0.940625     54012121        16.84
        3.57     0.943750     54012121        17.78
        3.57     0.946875     54012121        18.82
        3.58     0.950000     54384053        20.00
        3.58     0.953125     54384053        21.33
        3.60     0.956250     54722418        22.86
        3.60     0.959375     54722418        24.62
        3.62     0.962500     55024240        26.67
        3.63     0.965625     55289132        29.09
        3.63     0.968750     55289132        32.00
        3.65     0.970313     55520406        33.68
        3.65     0.971875     55520406        35.56
        3.65     0.973437     55520406        37.65
        3.66     0.975000     55716414        40.00
        3.66     0.976562     55716414        42.67
        3.68     0.978125     55884821        45.71
        3.68     0.979688     55884821        49.23
        3.69     0.981250     56026620        53.33
        3.71     0.982812     56148127        58.18
        3.71     0.984375     56148127        64.00
        3.73     0.985156     56252152        67.37
        3.73     0.985938     56252152        71.11
        3.74     0.986719     56343667        75.29
        3.74     0.987500     56343667        80.00
        3.76     0.988281     56424604        85.33
        3.76     0.989062     56424604        91.43
        3.77     0.989844     56496551        98.46
        3.77     0.990625     56496551       106.67
        3.79     0.991406     56561857       116.36
        3.81     0.992188     56620766       128.00
        3.81     0.992578     56620766       134.74
        3.81     0.992969     56620766       142.22
        3.82     0.993359     56674338       150.59
        3.82     0.993750     56674338       160.00
        3.84     0.994141     56723376       170.67
        3.84     0.994531     56723376       182.86
        3.85     0.994922     56766226       196.92
        3.85     0.995313     56766226       213.33
        3.87     0.995703     56804730       232.73
        3.87     0.996094     56804730       256.00
        3.89     0.996289     56838560       269.47
        3.89     0.996484     56838560       284.44
        3.89     0.996680     56838560       301.18
        3.90     0.996875     56867483       320.00
        3.90     0.997070     56867483       341.33
        3.90     0.997266     56867483       365.71
        3.92     0.997461     56892214       393.85
        3.92     0.997656     56892214       426.67
        3.94     0.997852     56913069       465.45
        3.94     0.998047     56913069       512.00
        3.94     0.998145     56913069       538.95
        3.95     0.998242     56930787       568.89
        3.95     0.998340     56930787       602.35
        3.95     0.998437     56930787       640.00
        3.97     0.998535     56944916       682.67
        3.97     0.998633     56944916       731.43
        3.97     0.998730     56944916       787.69
        3.98     0.998828     56956682       853.33
        3.98     0.998926     56956682       930.91
        4.00     0.999023     56966188      1024.00
        4.00     0.999072     56966188      1077.89
        4.01     0.999121     56973837      1137.78
        4.01     0.999170     56973837      1204.71
        4.01     0.999219     56973837      1280.00
        4.03     0.999268     56979781      1365.33
        4.03     0.999316     56979781      1462.86
        4.05     0.999365     56984872      1575.38
        4.05     0.999414     56984872      1706.67
        4.06     0.999463     56988669      1861.82
        4.08     0.999512     56991798      2048.00
        4.08     0.999536     56991798      2155.79
        4.09     0.999561     56994525      2275.56
        4.09     0.999585     56994525      2409.41
        4.13     0.999609     56998270      2560.00
        4.13     0.999634     56998270      2730.67
        4.13     0.999658     56998270      2925.71
        4.16     0.999683     57001064      3150.77
        4.16     0.999707     57001064      3413.33
        4.19     0.999731     57003024      3723.64
        4.22     0.999756     57004541      4096.00
        4.22     0.999768     57004541      4311.58
        4.25     0.999780     57005830      4551.11
        4.25     0.999792     57005830      4818.82
        4.29     0.999805     57006969      5120.00
        4.29     0.999817     57006969      5461.33
        4.32     0.999829     57007994      5851.43
        4.35     0.999841     57009031      6301.54
        4.35     0.999854     57009031      6826.67
        4.38     0.999866     57009915      7447.27
        4.42     0.999878     57010698      8192.00
        4.42     0.999884     57010698      8623.16
        4.45     0.999890     57011458      9102.22
        4.45     0.999896     57011458      9637.65
        4.48     0.999902     57012086     10240.00
        4.48     0.999908     57012086     10922.67
        4.51     0.999915     57012720     11702.86
        4.54     0.999921     57013273     12603.08
        4.54     0.999927     57013273     13653.33
        4.58     0.999933     57013738     14894.55
        4.61     0.999939     57014179     16384.00
        4.61     0.999942     57014179     17246.32
        4.61     0.999945     57014179     18204.44
        4.64     0.999948     57014573     19275.29
        4.64     0.999951     57014573     20480.00
        4.67     0.999954     57014934     21845.33
        4.67     0.999957     57014934     23405.71
        4.70     0.999960     57015279     25206.15
        4.70     0.999963     57015279     27306.67
        4.74     0.999966     57015604     29789.09
        4.74     0.999969     57015604     32768.00
        4.77     0.999971     57015830     34492.63
        4.77     0.999973     57015830     36408.89
        4.77     0.999974     57015830     38550.59
        4.80     0.999976     57016048     40960.00
        4.80     0.999977     57016048     43690.67
        4.83     0.999979     57016189     46811.43
        4.83     0.999980     57016189     50412.31
        4.86     0.999982     57016303     54613.33
        4.89     0.999983     57016405     59578.18
        4.93     0.999985     57016539     65536.00
        4.93     0.999986     57016539     68985.26
        4.93     0.999986     57016539     72817.78
        4.93     0.999987     57016539     77101.18
        4.96     0.999988     57016654     81920.00
        4.96     0.999989     57016654     87381.33
        4.99     0.999989     57016749     93622.86
        4.99     0.999990     57016749    100824.62
        5.02     0.999991     57016838    109226.67
        5.02     0.999992     57016838    119156.36
        5.05     0.999992     57016886    131072.00
        5.05     0.999993     57016886    137970.53
        5.05     0.999993     57016886    145635.56
        5.09     0.999994     57016945    154202.35
        5.09     0.999994     57016945    163840.00
        5.12     0.999994     57016975    174762.67
        5.12     0.999995     57016975    187245.71
        5.15     0.999995     57017021    201649.23
        5.15     0.999995     57017021    218453.33
        5.18     0.999996     57017066    238312.73
        5.18     0.999996     57017066    262144.00
        5.21     0.999996     57017121    275941.05
        5.21     0.999997     57017121    291271.11
        5.21     0.999997     57017121    308404.71
        5.21     0.999997     57017121    327680.00
        5.21     0.999997     57017121    349525.33
        5.25     0.999997     57017147    374491.43
        5.25     0.999998     57017147    403298.46
        5.25     0.999998     57017147    436906.67
        5.28     0.999998     57017162    476625.45
        5.31     0.999998     57017188    524288.00
        5.31     0.999998     57017188    551882.11
        5.31     0.999998     57017188    582542.22
        5.31     0.999998     57017188    616809.41
        5.34     0.999998     57017204    655360.00
        5.34     0.999999     57017204    699050.67
        5.34     0.999999     57017204    748982.86
        5.38     0.999999     57017217    806596.92
        5.38     0.999999     57017217    873813.33
        5.38     0.999999     57017217    953250.91
        5.41     0.999999     57017231   1048576.00
        5.41     0.999999     57017231   1103764.21
        5.41     0.999999     57017231   1165084.44
        5.41     0.999999     57017231   1233618.82
        5.44     0.999999     57017242   1310720.00
        5.44     0.999999     57017242   1398101.33
        5.44     0.999999     57017242   1497965.71
        5.44     0.999999     57017242   1613193.85
        5.47     0.999999     57017248   1747626.67
        5.47     0.999999     57017248   1906501.82
        5.50     1.000000     57017255   2097152.00
        5.50     1.000000     57017255   2207528.42
        5.50     1.000000     57017255   2330168.89
        5.50     1.000000     57017255   2467237.65
        5.50     1.000000     57017255   2621440.00
        5.54     1.000000     57017263   2796202.67
        5.54     1.000000     57017263   2995931.43
        5.54     1.000000     57017263   3226387.69
        5.54     1.000000     57017263   3495253.33
        5.54     1.000000     57017263   3813003.64
        5.54     1.000000     57017263   4194304.00
        5.57     1.000000     57017266   4415056.84
        5.57     1.000000     57017266   4660337.78
        5.57     1.000000     57017266   4934475.29
        5.57     1.000000     57017266   5242880.00
        5.57     1.000000     57017266   5592405.33
        5.60     1.000000     57017269   5991862.86
        5.60     1.000000     57017269   6452775.39
        5.60     1.000000     57017269   6990506.67
        5.60     1.000000     57017269   7626007.28
        5.63     1.000000     57017273   8388608.00
        5.63     1.000000     57017273   8830113.68
        5.63     1.000000     57017273   9320675.55
        5.63     1.000000     57017273   9868950.59
        5.63     1.000000     57017273  10485760.00
        5.63     1.000000     57017273  11184810.67
        5.63     1.000000     57017273  11983725.71
        5.63     1.000000     57017273  12905550.76
        5.63     1.000000     57017273  13981013.34
        5.63     1.000000     57017273  15252014.55
        5.63     1.000000     57017273  16777216.00
        5.63     1.000000     57017273  17660227.38
        5.63     1.000000     57017273  18641351.10
        5.66     1.000000     57017274  19737901.19
        5.66     1.000000     57017274  20971519.98
        5.66     1.000000     57017274  22369621.33
        5.66     1.000000     57017274  23967451.45
        5.66     1.000000     57017274  25811101.52
        5.66     1.000000     57017274  27962026.68
        5.76     1.000000     57017275  30504029.05
        5.76     1.000000     57017275  33554432.00
        5.76     1.000000     57017275  35320454.76
        5.76     1.000000     57017275  37282702.28
        5.76     1.000000     57017275  39475802.28
        5.76     1.000000     57017275  41943039.96
        5.76     1.000000     57017275  44739242.67
        5.76     1.000000     57017275  47934902.91
        5.76     1.000000     57017275  51622203.20
        5.76     1.000000     57017275  55924053.19
        5.79     1.000000     57017276  61008058.10
        5.79     1.000000     57017276          inf
#[Mean    =        2.524, StdDeviation   =        0.677]
#[Max     =        5.791, Total count    =     57017276]
#[Buckets =           20, SubBuckets     =          256]
