       Value   Percentile   TotalCount 1/(1-Percentile)

        0.02     0.000000        14219         1.00
        0.35     0.050000      1715400         1.05
        0.59     0.100000      3454229         1.11
        0.69     0.150000      5559220         1.18
        0.70     0.200000      7713655         1.25
        0.71     0.250000      9300011         1.33
        0.72     0.300000     11247247         1.43
        0.73     0.350000     13589107         1.54
        0.73     0.400000     13589107         1.67
        0.73     0.450000     16301607         1.82
        0.74     0.500000     19304007         2.00
        0.74     0.525000     19304007         2.11
        0.74     0.550000     19304007         2.22
        0.75     0.575000     22363503         2.35
        0.75     0.600000     22363503         2.50
        0.75     0.625000     22363503         2.67
        0.75     0.650000     22363503         2.86
        0.76     0.675000     25104853         3.08
        0.76     0.700000     25104853         3.33
        0.76     0.725000     25104853         3.64
        0.77     0.750000     27066446         4.00
        0.77     0.762500     27066446         4.21
        0.77     0.775000     27066446         4.44
        0.77     0.787500     27066446         4.71
        0.77     0.800000     27066446         5.00
        0.78     0.812500     28237585         5.33
        0.78     0.825000     28237585         5.71
        0.78     0.837500     28868556         6.15
        0.78     0.850000     28868556         6.67
        0.79     0.862500     29223151         7.27
        0.81     0.875000     29703261         8.00
        0.81     0.881250     29938368         8.42
        0.82     0.887500     30192173         8.89
        0.83     0.893750     30454706         9.41
        0.83     0.900000     30454706        10.00
        0.84     0.906250     30732270        10.67
        0.85     0.912500     31019129        11.43
        0.85     0.918750     31304122        12.31
        0.85     0.925000     31304122        13.33
        0.86     0.931250     31568992        14.55
        0.87     0.937500     31800546        16.00
        0.88     0.940625     31990449        16.84
        0.88     0.943750     31990449        17.78
        0.89     0.946875     32139290        18.82
        0.89     0.950000     32139290        20.00
        0.90     0.953125     32250866        21.33
        0.91     0.956250     32401930        22.86
        0.92     0.959375     32457588        24.62
        0.94     0.962500     32549008        26.67
        0.96     0.965625     32661342        29.09
        0.99     0.968750     32788075        32.00
        1.00     0.970313     32816741        33.68
        1.01     0.971875     32867600        35.56
        1.04     0.973437     32926351        37.65
        1.07     0.975000     32970912        40.00
        1.16     0.976562     33026699        42.67
        1.25     0.978125     33079333        45.71
        1.35     0.979688     33137224        49.23
        1.38     0.981250     33184517        53.33
        1.41     0.982812     33235852        58.18
        1.43     0.984375     33302019        64.00
        1.44     0.985156     33327737        67.37
        1.45     0.985938     33355063        71.11
        1.46     0.986719     33383746        75.29
        1.46     0.987500     33414122        80.00
        1.47     0.988281     33446387        85.33
        1.47     0.989062     33446387        91.43
        1.48     0.989844     33480867        98.46
        1.49     0.990625     33517186       106.67
        1.50     0.991406     33554546       116.36
        1.50     0.992188     33554546       128.00
        1.50     0.992578     33590526       134.74
        1.50     0.992969     33590526       142.22
        1.51     0.993359     33623393       150.59
        1.51     0.993750     33623393       160.00
        1.51     0.994141     33623393       170.67
        1.52     0.994531     33651718       182.86
        1.52     0.994922     33651718       196.92
        1.53     0.995313     33675022       213.33
        1.53     0.995703     33675022       232.73
        1.53     0.996094     33693206       256.00
        1.53     0.996289     33693206       269.47
        1.54     0.996484     33707248       284.44
        1.54     0.996680     33707248       301.18
        1.55     0.996875     33717776       320.00
        1.55     0.997070     33717776       341.33
        1.56     0.997266     33725708       365.71
        1.57     0.997461     33731573       393.85
        1.58     0.997656     33740030       426.67
        1.60     0.997852     33746680       465.45
        1.61     0.998047     33753008       512.00
        1.62     0.998145     33756010       538.95
        1.63     0.998242     33759016       568.89
        1.64     0.998340     33761943       602.35
        1.65     0.998437     33764920       640.00
        1.66     0.998535     33767835       682.67
        1.66     0.998633     33770903       731.43
        1.67     0.998730     33773931       787.69
        1.68     0.998828     33777106       853.33
        1.69     0.998926     33780266       930.91
        1.70     0.999023     33783540      1024.00
        1.70     0.999072     33786758      1077.89
        1.70     0.999121     33786758      1137.78
        1.71     0.999170     33789778      1204.71
        1.71     0.999219     33789778      1280.00
        1.72     0.999268     33792674      1365.33
        1.73     0.999316     33795409      1462.86
        1.73     0.999365     33795409      1575.38
        1.74     0.999414     33797795      1706.67
        1.74     0.999463     33800026      1861.82
        1.74     0.999512     33800026      2048.00
        1.75     0.999536     33801977      2155.79
        1.75     0.999561     33801977      2275.56
        1.76     0.999585     33803700      2409.41
        1.76     0.999609     33803700      2560.00
        1.77     0.999634     33805080      2730.67
        1.77     0.999658     33805080      2925.71
        1.77     0.999683     33806284      3150.77
        1.77     0.999707     33806284      3413.33
        1.78     0.999731     33807335      3723.64
        1.79     0.999756     33808226      4096.00
        1.80     0.999768     33809030      4311.58
        1.80     0.999780     33809030      4551.11
        1.81     0.999792     33809721      4818.82
        1.81     0.999805     33809721      5120.00
        1.81     0.999817     33810325      5461.33
        1.81     0.999829     33810325      5851.43
        1.82     0.999841     33810867      6301.54
        1.83     0.999854     33811384      6826.67
        1.84     0.999866     33811832      7447.27
        1.85     0.999878     33812236      8192.00
        1.85     0.999884     33812236      8623.16
        1.85     0.999890     33812589      9102.22
        1.85     0.999896     33812589      9637.65
        1.86     0.999902     33812882     10240.00
        1.87     0.999908     33813140     10922.67
        1.88     0.999915     33813394     11702.86
        1.89     0.999921     33813616     12603.08
        1.90     0.999927     33813826     13653.33
        1.90     0.999933     33813826     14894.55
        1.91     0.999939     33814178     16384.00
        1.91     0.999942     33814178     17246.32
        1.92     0.999945     33814326     18204.44
        1.93     0.999948     33814465     19275.29
        1.93     0.999951     33814465     20480.00
        1.94     0.999954     33814580     21845.33
        1.94     0.999957     33814650     23405.71
        1.96     0.999960     33814796     25206.15
        1.98     0.999963     33814900     27306.67
        1.99     0.999966     33814958     29789.09
        2.02     0.999969     33815077     32768.00
        2.04     0.999971     33815138     34492.63
        2.05     0.999973     33815168     36408.89
        2.08     0.999974     33815260     38550.59
        2.10     0.999976     33815300     40960.00
        2.11     0.999977     33815325     43690.67
        2.14     0.999979     33815383     46811.43
        2.17     0.999980     33815447     50412.31
        2.19     0.999982     33815482     54613.33
        2.22     0.999983     33815538     59578.18
        2.25     0.999985     33815602     65536.00
        2.27     0.999986     33815633     68985.26
        2.27     0.999986     33815633     72817.78
        2.29     0.999987     33815661     77101.18
        2.30     0.999988     33815690     81920.00
        2.32     0.999989     33815709     87381.33
        2.35     0.999989     33815738     93622.86
        2.38     0.999990     33815766    100824.62
        2.42     0.999991     33815785    109226.67
        2.50     0.999992     33815814    119156.36
        2.56     0.999992     33815839    131072.00
        2.59     0.999993     33815852    137970.53
        2.65     0.999993     33815866    145635.56
        2.70     0.999994     33815874    154202.35
        3.23     0.999994     33815887    163840.00
       74.24     0.999994     33815916    174762.67
       74.24     0.999995     33815916    187245.71
       74.75     0.999995     33815937    201649.23
       75.26     0.999995     33815954    218453.33
       75.26     0.999996     33815954    238312.73
       75.78     0.999996     33815968    262144.00
       76.29     0.999996     33815978    275941.05
       76.29     0.999997     33815978    291271.11
       76.80     0.999997     33815985    308404.71
       80.89     0.999997     33815990    327680.00
      172.03     0.999997     33816093    349525.33
      172.03     1.000000     33816093          inf
#[Mean    =        0.725, StdDeviation   =        0.370]
#[Max     =      172.031, Total count    =     33816093]
#[Buckets =           20, SubBuckets     =          256]
