       Value   Percentile   TotalCount 1/(1-Percentile)

        0.02     0.000000         7017         1.00
        0.46     0.050000       710928         1.05
        0.71     0.100000      1437330         1.11
        0.78     0.150000      2279668         1.18
        0.79     0.200000      3057009         1.25
        0.80     0.250000      3606832         1.33
        0.81     0.300000      4265126         1.43
        0.81     0.350000      5012228         1.54
        0.82     0.400000      5827163         1.67
        0.83     0.450000      6682108         1.82
        0.84     0.500000      7543828         2.00
        0.84     0.525000      7543828         2.11
        0.85     0.550000      8377273         2.22
        0.85     0.575000      8377273         2.35
        0.85     0.600000      9164527         2.50
        0.85     0.625000      9164527         2.67
        0.85     0.650000      9164527         2.86
        0.86     0.675000      9880087         3.08
        0.86     0.700000      9880087         3.33
        0.87     0.725000     10515433         3.64
        0.88     0.750000     11061747         4.00
        0.88     0.762500     11061747         4.21
        0.88     0.775000     11061747         4.44
        0.89     0.787500     11540267         4.71
        0.89     0.800000     11540267         5.00
        0.89     0.812500     11540267         5.33
        0.90     0.825000     11939281         5.71
        0.90     0.837500     11939281         6.15
        0.90     0.850000     12274461         6.67
        0.90     0.862500     12274461         7.27
        0.91     0.875000     12549794         8.00
        0.91     0.881250     12549794         8.42
        0.91     0.887500     12549794         8.89
        0.92     0.893750     12771222         9.41
        0.92     0.900000     12771222        10.00
        0.92     0.906250     12771222        10.67
        0.93     0.912500     12945111        11.43
        0.94     0.918750     13079986        12.31
        0.94     0.925000     13079986        13.33
        0.94     0.931250     13184717        14.55
        0.95     0.937500     13263181        16.00
        0.95     0.940625     13263181        16.84
        0.96     0.943750     13322878        17.78
        0.97     0.946875     13370081        18.82
        0.97     0.950000     13405584        20.00
        0.98     0.953125     13431859        21.33
        1.01     0.956250     13483289        22.86
        1.04     0.959375     13522159        24.62
        1.09     0.962500     13566968        26.67
        1.15     0.965625     13612319        29.09
        1.19     0.968750     13650769        32.00
        1.22     0.970313     13673226        33.68
        1.25     0.971875     13699871        35.56
        1.28     0.973437     13720775        37.65
        1.32     0.975000     13740505        40.00
        1.40     0.976562     13760464        42.67
        1.53     0.978125     13783081        45.71
        1.57     0.979688     13807955        49.23
        1.60     0.981250     13828942        53.33
        1.62     0.982812     13856293        58.18
        1.64     0.984375     13877436        64.00
        1.65     0.985156     13888766        67.37
        1.66     0.985938     13900312        71.11
        1.66     0.986719     13912145        75.29
        1.67     0.987500     13923919        80.00
        1.68     0.988281     13935309        85.33
        1.69     0.989062     13946492        91.43
        1.70     0.989844     13957255        98.46
        1.70     0.990625     13967743       106.67
        1.71     0.991406     13977609       116.36
        1.72     0.992188     13986876       128.00
        1.72     0.992578     13986876       134.74
        1.73     0.992969     13995445       142.22
        1.74     0.993359     14003392       150.59
        1.74     0.993750     14003392       160.00
        1.74     0.994141     14010826       170.67
        1.75     0.994531     14017548       182.86
        1.76     0.994922     14023728       196.92
        1.77     0.995313     14029552       213.33
        1.77     0.995703     14034795       232.73
        1.78     0.996094     14039563       256.00
        1.78     0.996289     14039563       269.47
        1.79     0.996484     14043909       284.44
        1.79     0.996680     14043909       301.18
        1.80     0.996875     14047860       320.00
        1.81     0.997070     14051354       341.33
        1.81     0.997266     14054480       365.71
        1.82     0.997461     14057211       393.85
        1.83     0.997656     14059548       426.67
        1.84     0.997852     14061476       465.45
        1.85     0.998047     14063104       512.00
        1.85     0.998145     14064454       538.95
        1.87     0.998242     14066449       568.89
        1.88     0.998340     14067190       602.35
        1.90     0.998437     14068623       640.00
        1.94     0.998535     14069892       682.67
        1.97     0.998633     14071317       731.43
        1.98     0.998730     14072622       787.69
        2.00     0.998828     14074366       853.33
        2.01     0.998926     14075580       930.91
        2.02     0.999023     14076964      1024.00
        2.02     0.999072     14078463      1077.89
        2.02     0.999121     14078463      1137.78
        2.03     0.999170     14079812      1204.71
        2.03     0.999219     14079812      1280.00
        2.04     0.999268     14081156      1365.33
        2.04     0.999316     14081156      1462.86
        2.05     0.999365     14082235      1575.38
        2.05     0.999414     14082235      1706.67
        2.06     0.999463     14084095      1861.82
        2.06     0.999512     14084095      2048.00
        2.06     0.999536     14084095      2155.79
        2.08     0.999561     14085628      2275.56
        2.08     0.999585     14085628      2409.41
        2.08     0.999609     14085628      2560.00
        2.08     0.999634     14085628      2730.67
        2.10     0.999658     14086678      2925.71
        2.10     0.999683     14086678      3150.77
        2.10     0.999707     14086678      3413.33
        2.11     0.999731     14087389      3723.64
        2.11     0.999756     14087389      4096.00
        2.11     0.999768     14087389      4311.58
        2.11     0.999780     14087389      4551.11
        2.13     0.999792     14087794      4818.82
        2.13     0.999805     14087794      5120.00
        2.14     0.999817     14088045      5461.33
        2.16     0.999829     14088186      5851.43
        2.17     0.999841     14088279      6301.54
        2.22     0.999854     14088409      6826.67
        2.32     0.999866     14088588      7447.27
        2.38     0.999878     14088782      8192.00
        2.40     0.999884     14088852      8623.16
        2.43     0.999890     14088982      9102.22
        2.45     0.999896     14089036      9637.65
        2.48     0.999902     14089128     10240.00
        2.51     0.999908     14089189     10922.67
        2.59     0.999915     14089268     11702.86
        2.72     0.999921     14089394     12603.08
        2.77     0.999927     14089443     13653.33
        2.81     0.999933     14089550     14894.55
        2.85     0.999939     14089659     16384.00
        2.85     0.999942     14089659     17246.32
        2.86     0.999945     14089729     18204.44
        2.88     0.999948     14089798     19275.29
        2.88     0.999951     14089798     20480.00
        2.90     0.999954     14089875     21845.33
        2.90     0.999957     14089875     23405.71
        2.91     0.999960     14089949     25206.15
        2.91     0.999963     14089949     27306.67
        2.93     0.999966     14090014     29789.09
        2.94     0.999969     14090079     32768.00
        2.94     0.999971     14090079     34492.63
        2.94     0.999973     14090079     36408.89
        2.96     0.999974     14090129     38550.59
        2.96     0.999976     14090129     40960.00
        2.98     0.999977     14090164     43690.67
        2.98     0.999979     14090164     46811.43
        2.99     0.999980     14090187     50412.31
        3.01     0.999982     14090214     54613.33
        3.04     0.999983     14090243     59578.18
        3.06     0.999985     14090258     65536.00
        3.07     0.999986     14090267     68985.26
        3.10     0.999986     14090272     72817.78
        4.89     0.999987     14090296     77101.18
        4.89     0.999988     14090296     81920.00
        4.93     0.999989     14090329     87381.33
        4.93     0.999989     14090329     93622.86
        4.93     0.999990     14090329    100824.62
        4.99     0.999991     14090337    109226.67
        5.09     0.999992     14090348    119156.36
        5.21     0.999992     14090358    131072.00
        5.31     0.999993     14090362    137970.53
        5.76     0.999993     14090368    145635.56
       19.84     0.999994     14090401    154202.35
       19.84     0.999994     14090401    163840.00
       19.84     0.999994     14090401    174762.67
       19.84     0.999995     14090401    187245.71
       19.84     0.999995     14090401    201649.23
       19.84     0.999995     14090401    218453.33
       19.97     0.999996     14090413    238312.73
       19.97     0.999996     14090413    262144.00
       19.97     0.999996     14090413    275941.05
       20.35     0.999997     14090416    291271.11
       42.24     0.999997     14090457    308404.71
       42.24     0.999997     14090457    327680.00
       42.24     0.999997     14090457    349525.33
       42.24     0.999997     14090457    374491.43
       42.24     0.999998     14090457    403298.46
       42.24     0.999998     14090457    436906.67
       42.24     0.999998     14090457    476625.45
       42.24     0.999998     14090457    524288.00
       42.24     0.999998     14090457    551882.11
       42.24     0.999998     14090457    582542.22
       42.24     0.999998     14090457    616809.41
       42.24     0.999998     14090457    655360.00
       42.24     0.999999     14090457    699050.67
       42.24     0.999999     14090457    748982.86
       42.24     0.999999     14090457    806596.92
       42.24     0.999999     14090457    873813.33
       42.24     0.999999     14090457    953250.91
       42.24     0.999999     14090457   1048576.00
       42.24     0.999999     14090457   1103764.21
       42.24     0.999999     14090457   1165084.44
       42.24     0.999999     14090457   1233618.82
       42.24     0.999999     14090457   1310720.00
       42.24     0.999999     14090457   1398101.33
       42.24     0.999999     14090457   1497965.71
       42.24     0.999999     14090457   1613193.85
       42.24     0.999999     14090457   1747626.67
       42.24     0.999999     14090457   1906501.82
       55.55     1.000000     14090463   2097152.00
       55.55     1.000000     14090463   2207528.42
       55.55     1.000000     14090463   2330168.89
       55.55     1.000000     14090463   2467237.65
       55.55     1.000000     14090463   2621440.00
       55.55     1.000000     14090463   2796202.67
       55.55     1.000000     14090463   2995931.43
       55.55     1.000000     14090463   3226387.69
       55.55     1.000000     14090463   3495253.33
       55.55     1.000000     14090463   3813003.64
       55.55     1.000000     14090463   4194304.00
       55.55     1.000000     14090463   4415056.84
       55.55     1.000000     14090463   4660337.78
       55.55     1.000000     14090463   4934475.29
       55.55     1.000000     14090463   5242880.00
       55.55     1.000000     14090463   5592405.33
       55.55     1.000000     14090463   5991862.86
       55.55     1.000000     14090463   6452775.39
       55.55     1.000000     14090463   6990506.67
       55.55     1.000000     14090463   7626007.28
       55.55     1.000000     14090463   8388608.00
       55.55     1.000000     14090463   8830113.68
       55.55     1.000000     14090463   9320675.55
       55.55     1.000000     14090463   9868950.59
       55.55     1.000000     14090463  10485760.00
       55.55     1.000000     14090463  11184810.67
       55.55     1.000000     14090463  11983725.71
       55.55     1.000000     14090463  12905550.76
       55.55     1.000000     14090463  13981013.34
       61.95     1.000000     14090464  15252014.55
       61.95     1.000000     14090464          inf
#[Mean    =        0.826, StdDeviation   =        0.227]
#[Max     =       61.951, Total count    =     14090464]
#[Buckets =           20, SubBuckets     =          256]
