       Value   Percentile   TotalCount 1/(1-Percentile)

        0.34     0.000000            1         1.00
        1.83     0.050000      2908887         1.05
        1.87     0.100000      6216970         1.11
        1.90     0.150000      8977263         1.18
        1.92     0.200000     12179557         1.25
        1.94     0.250000     14448648         1.33
        1.96     0.300000     17878619         1.43
        1.98     0.350000     20067304         1.54
        2.00     0.400000     23032408         1.67
        2.03     0.450000     26232088         1.82
        2.06     0.500000     28505017         2.00
        2.10     0.525000     29982227         2.11
        2.16     0.550000     31379761         2.22
        2.86     0.575000     32874712         2.35
        2.96     0.600000     34177339         2.50
        3.02     0.625000     35633413         2.67
        3.07     0.650000     37089232         2.86
        3.12     0.675000     38849029         3.08
        3.15     0.700000     40175453         3.33
        3.18     0.725000     41588411         3.64
        3.21     0.750000     43047060         4.00
        3.23     0.762500     43775673         4.21
        3.25     0.775000     44489615         4.44
        3.26     0.787500     45185851         4.71
        3.28     0.800000     45853211         5.00
        3.29     0.812500     46488552         5.33
        3.31     0.825000     47080100         5.71
        3.34     0.837500     48147410         6.15
        3.36     0.850000     48627650         6.67
        3.39     0.862500     49516270         7.27
        3.41     0.875000     49943484         8.00
        3.42     0.881250     50367054         8.42
        3.44     0.887500     50798638         8.89
        3.46     0.893750     51240111         9.41
        3.47     0.900000     51698693        10.00
        3.47     0.906250     51698693        10.67
        3.49     0.912500     52162367        11.43
        3.50     0.918750     52625029        12.31
        3.52     0.925000     53081519        13.33
        3.52     0.931250     53081519        14.55
        3.54     0.937500     53524971        16.00
        3.55     0.940625     53943709        16.84
        3.55     0.943750     53943709        17.78
        3.55     0.946875     53943709        18.82
        3.57     0.950000     54329259        20.00
        3.57     0.953125     54329259        21.33
        3.58     0.956250     54682742        22.86
        3.58     0.959375     54682742        24.62
        3.60     0.962500     54995554        26.67
        3.62     0.965625     55267478        29.09
        3.62     0.968750     55267478        32.00
        3.62     0.970313     55267478        33.68
        3.63     0.971875     55500131        35.56
        3.63     0.973437     55500131        37.65
        3.65     0.975000     55696246        40.00
        3.65     0.976562     55696246        42.67
        3.66     0.978125     55859193        45.71
        3.66     0.979688     55859193        49.23
        3.68     0.981250     55996984        53.33
        3.68     0.982812     55996984        58.18
        3.69     0.984375     56112693        64.00
        3.69     0.985156     56112693        67.37
        3.71     0.985938     56213361        71.11
        3.71     0.986719     56213361        75.29
        3.73     0.987500     56299308        80.00
        3.73     0.988281     56299308        85.33
        3.74     0.989062     56375267        91.43
        3.76     0.989844     56442822        98.46
        3.76     0.990625     56442822       106.67
        3.77     0.991406     56504586       116.36
        3.79     0.992188     56560405       128.00
        3.79     0.992578     56560405       134.74
        3.79     0.992969     56560405       142.22
        3.81     0.993359     56612032       150.59
        3.81     0.993750     56612032       160.00
        3.82     0.994141     56659793       170.67
        3.82     0.994531     56659793       182.86
        3.84     0.994922     56701923       196.92
        3.84     0.995313     56701923       213.33
        3.85     0.995703     56740811       232.73
        3.85     0.996094     56740811       256.00
        3.87     0.996289     56774689       269.47
        3.87     0.996484     56774689       284.44
        3.87     0.996680     56774689       301.18
        3.89     0.996875     56804427       320.00
        3.89     0.997070     56804427       341.33
        3.89     0.997266     56804427       365.71
        3.90     0.997461     56829645       393.85
        3.90     0.997656     56829645       426.67
        3.92     0.997852     56850972       465.45
        3.92     0.998047     56850972       512.00
        3.92     0.998145     56850972       538.95
        3.94     0.998242     56868889       568.89
        3.94     0.998340     56868889       602.35
        3.94     0.998437     56868889       640.00
        3.95     0.998535     56883666       682.67
        3.95     0.998633     56883666       731.43
        3.97     0.998730     56895479       787.69
        3.97     0.998828     56895479       853.33
        3.97     0.998926     56895479       930.91
        3.98     0.999023     56904968      1024.00
        3.98     0.999072     56904968      1077.89
        4.00     0.999121     56912754      1137.78
        4.00     0.999170     56912754      1204.71
        4.00     0.999219     56912754      1280.00
        4.01     0.999268     56918767      1365.33
        4.01     0.999316     56918767      1462.86
        4.03     0.999365     56923593      1575.38
        4.03     0.999414     56923593      1706.67
        4.05     0.999463     56927203      1861.82
        4.06     0.999512     56930332      2048.00
        4.06     0.999536     56930332      2155.79
        4.08     0.999561     56932769      2275.56
        4.08     0.999585     56932769      2409.41
        4.09     0.999609     56934763      2560.00
        4.13     0.999634     56937894      2730.67
        4.13     0.999658     56937894      2925.71
        4.16     0.999683     56940085      3150.77
        4.16     0.999707     56940085      3413.33
        4.19     0.999731     56941758      3723.64
        4.22     0.999756     56943094      4096.00
        4.22     0.999768     56943094      4311.58
        4.25     0.999780     56944357      4551.11
        4.25     0.999792     56944357      4818.82
        4.29     0.999805     56945439      5120.00
        4.32     0.999817     56946429      5461.33
        4.32     0.999829     56946429      5851.43
        4.35     0.999841     56947353      6301.54
        4.38     0.999854     56948128      6826.67
        4.42     0.999866     56948955      7447.27
        4.45     0.999878     56949630      8192.00
        4.45     0.999884     56949630      8623.16
        4.48     0.999890     56950238      9102.22
        4.48     0.999896     56950238      9637.65
        4.51     0.999902     56950910     10240.00
        4.54     0.999908     56951436     10922.67
        4.54     0.999915     56951436     11702.86
        4.58     0.999921     56951963     12603.08
        4.58     0.999927     56951963     13653.33
        4.61     0.999933     56952445     14894.55
        4.64     0.999939     56952870     16384.00
        4.64     0.999942     56952870     17246.32
        4.67     0.999945     56953263     18204.44
        4.67     0.999948     56953263     19275.29
        4.70     0.999951     56953521     20480.00
        4.74     0.999954     56953853     21845.33
        4.74     0.999957     56953853     23405.71
        4.77     0.999960     56954127     25206.15
        4.77     0.999963     56954127     27306.67
        4.80     0.999966     56954342     29789.09
        4.83     0.999969     56954485     32768.00
        4.83     0.999971     56954485     34492.63
        4.86     0.999973     56954636     36408.89
        4.89     0.999974     56954768     38550.59
        4.89     0.999976     56954768     40960.00
        4.93     0.999977     56954894     43690.67
        4.96     0.999979     56955037     46811.43
        4.96     0.999980     56955037     50412.31
        4.99     0.999982     56955160     54613.33
        5.02     0.999983     56955243     59578.18
        5.05     0.999985     56955339     65536.00
        5.05     0.999986     56955339     68985.26
        5.09     0.999986     56955403     72817.78
        5.09     0.999987     56955403     77101.18
        5.12     0.999988     56955479     81920.00
        5.12     0.999989     56955479     87381.33
        5.18     0.999989     56955554     93622.86
        5.21     0.999990     56955596    100824.62
        5.25     0.999991     56955639    109226.67
        5.28     0.999992     56955692    119156.36
        5.31     0.999992     56955729    131072.00
        5.31     0.999993     56955729    137970.53
        5.34     0.999993     56955754    145635.56
        5.38     0.999994     56955781    154202.35
        5.41     0.999994     56955814    163840.00
        5.41     0.999994     56955814    174762.67
        5.44     0.999995     56955834    187245.71
        5.47     0.999995     56955852    201649.23
        5.54     0.999995     56955873    218453.33
        5.60     0.999996     56955899    238312.73
        5.63     0.999996     56955913    262144.00
        5.70     0.999996     56955927    275941.05
        5.73     0.999997     56955945    291271.11
        5.73     0.999997     56955945    308404.71
        5.76     0.999997     56955968    327680.00
        5.76     0.999997     56955968    349525.33
        5.79     0.999997     56955984    374491.43
        5.82     0.999998     56955999    403298.46
        5.82     0.999998     56955999    436906.67
        5.89     0.999998     56956010    476625.45
        6.14     0.999998     56956023    524288.00
        6.21     0.999998     56956030    551882.11
        6.27     0.999998     56956034    582542.22
        6.33     0.999998     56956048    616809.41
        6.33     0.999998     56956048    655360.00
        6.33     0.999999     56956048    699050.67
        6.50     0.999999     56956054    748982.86
        6.66     0.999999     56956059    806596.92
        6.69     0.999999     56956066    873813.33
        6.72     0.999999     56956079    953250.91
        6.72     0.999999     56956079   1048576.00
        6.72     0.999999     56956079   1103764.21
        6.82     0.999999     56956087   1165084.44
        6.82     0.999999     56956087   1233618.82
        6.82     0.999999     56956087   1310720.00
        6.91     0.999999     56956092   1398101.33
        6.91     0.999999     56956092   1497965.71
        6.94     0.999999     56956095   1613193.85
        7.01     0.999999     56956100   1747626.67
        7.01     0.999999     56956100   1906501.82
        7.04     1.000000     56956105   2097152.00
        7.04     1.000000     56956105   2207528.42
        7.04     1.000000     56956105   2330168.89
        7.07     1.000000     56956109   2467237.65
        7.07     1.000000     56956109   2621440.00
        7.07     1.000000     56956109   2796202.67
        7.20     1.000000     56956119   2995931.43
        7.20     1.000000     56956119   3226387.69
        7.20     1.000000     56956119   3495253.33
        7.20     1.000000     56956119   3813003.64
        7.20     1.000000     56956119   4194304.00
        7.20     1.000000     56956119   4415056.84
        7.20     1.000000     56956119   4660337.78
        7.20     1.000000     56956119   4934475.29
        7.20     1.000000     56956119   5242880.00
        7.20     1.000000     56956119   5592405.33
        7.23     1.000000     56956120   5991862.86
        7.46     1.000000     56956126   6452775.39
        7.46     1.000000     56956126   6990506.67
        7.46     1.000000     56956126   7626007.28
        7.46     1.000000     56956126   8388608.00
        7.46     1.000000     56956126   8830113.68
        7.46     1.000000     56956126   9320675.55
        7.46     1.000000     56956126   9868950.59
        7.46     1.000000     56956126  10485760.00
        7.46     1.000000     56956126  11184810.67
        7.46     1.000000     56956126  11983725.71
        7.46     1.000000     56956126  12905550.76
        7.46     1.000000     56956126  13981013.34
        7.46     1.000000     56956126  15252014.55
        7.46     1.000000     56956126  16777216.00
        7.46     1.000000     56956126  17660227.38
        7.46     1.000000     56956126  18641351.10
        7.49     1.000000     56956128  19737901.19
        7.49     1.000000     56956128  20971519.98
        7.49     1.000000     56956128  22369621.33
        7.49     1.000000     56956128  23967451.45
        7.49     1.000000     56956128  25811101.52
        7.49     1.000000     56956128  27962026.68
        7.49     1.000000     56956128  30504029.05
        7.49     1.000000     56956128  33554432.00
        7.49     1.000000     56956128  35320454.76
        7.49     1.000000     56956128  37282702.28
        7.49     1.000000     56956128  39475802.28
        7.49     1.000000     56956128  41943039.96
        7.49     1.000000     56956128  44739242.67
        7.49     1.000000     56956128  47934902.91
        7.49     1.000000     56956128  51622203.20
        7.49     1.000000     56956128  55924053.19
        7.81     1.000000     56956129  61008058.10
        7.81     1.000000     56956129          inf
#[Mean    =        2.527, StdDeviation   =        0.675]
#[Max     =        7.807, Total count    =     56956129]
#[Buckets =           20, SubBuckets     =          256]
