       Value   Percentile   TotalCount 1/(1-Percentile)

        0.02     0.000000         2988         1.00
        0.33     0.050000       846821         1.05
        0.58     0.100000      1728288         1.11
        0.68     0.150000      2587506         1.18
        0.69     0.200000      3436156         1.25
        0.71     0.250000      5057050         1.33
        0.72     0.300000      6223526         1.43
        0.72     0.350000      6223526         1.54
        0.73     0.400000      7614944         1.67
        0.73     0.450000      7614944         1.82
        0.73     0.500000      9216218         2.00
        0.73     0.525000      9216218         2.11
        0.74     0.550000     10882776         2.22
        0.74     0.575000     10882776         2.35
        0.74     0.600000     10882776         2.50
        0.74     0.625000     10882776         2.67
        0.75     0.650000     12354713         2.86
        0.75     0.675000     12354713         3.08
        0.75     0.700000     12354713         3.33
        0.75     0.725000     12354713         3.64
        0.76     0.750000     13411155         4.00
        0.76     0.762500     13411155         4.21
        0.76     0.775000     13411155         4.44
        0.76     0.787500     13411155         4.71
        0.77     0.800000     14045955         5.00
        0.77     0.812500     14045955         5.33
        0.77     0.825000     14045955         5.71
        0.78     0.837500     14375198         6.15
        0.78     0.850000     14375198         6.67
        0.79     0.862500     14677248         7.27
        0.81     0.875000     14908933         8.00
        0.81     0.881250     14908933         8.42
        0.81     0.887500     15038239         8.89
        0.82     0.893750     15178012         9.41
        0.83     0.900000     15321075        10.00
        0.84     0.906250     15471961        10.67
        0.84     0.912500     15471961        11.43
        0.85     0.918750     15616159        12.31
        0.85     0.925000     15752540        13.33
        0.85     0.931250     15752540        14.55
        0.86     0.937500     15871352        16.00
        0.87     0.940625     15965511        16.84
        0.87     0.943750     15965511        17.78
        0.88     0.946875     16041577        18.82
        0.89     0.950000     16101526        20.00
        0.90     0.953125     16146717        21.33
        0.90     0.956250     16181939        22.86
        0.92     0.959375     16235960        24.62
        0.94     0.962500     16276792        26.67
        0.96     0.965625     16328823        29.09
        0.99     0.968750     16390119        32.00
        1.01     0.970313     16416275        33.68
        1.02     0.971875     16439806        35.56
        1.05     0.973437     16465668        37.65
        1.09     0.975000     16486923        40.00
        1.18     0.976562     16512926        42.67
        1.28     0.978125     16540235        45.71
        1.35     0.979688     16565857        49.23
        1.38     0.981250     16591649        53.33
        1.41     0.982812     16620497        58.18
        1.42     0.984375     16645929        64.00
        1.43     0.985156     16660326        67.37
        1.44     0.985938     16675631        71.11
        1.45     0.986719     16692448        75.29
        1.46     0.987500     16710452        80.00
        1.46     0.988281     16729575        85.33
        1.46     0.989062     16729575        91.43
        1.47     0.989844     16749250        98.46
        1.48     0.990625     16769529       106.67
        1.48     0.991406     16769529       116.36
        1.49     0.992188     16788823       128.00
        1.49     0.992578     16788823       134.74
        1.50     0.992969     16806816       142.22
        1.50     0.993359     16806816       150.59
        1.50     0.993750     16806816       160.00
        1.50     0.994141     16822054       170.67
        1.50     0.994531     16822054       182.86
        1.51     0.994922     16834663       196.92
        1.51     0.995313     16834663       213.33
        1.52     0.995703     16844607       232.73
        1.52     0.996094     16844607       256.00
        1.53     0.996289     16852579       269.47
        1.53     0.996484     16852579       284.44
        1.53     0.996680     16852579       301.18
        1.53     0.996875     16858318       320.00
        1.54     0.997070     16862505       341.33
        1.54     0.997266     16862505       365.71
        1.56     0.997461     16867774       393.85
        1.57     0.997656     16869734       426.67
        1.58     0.997852     16872966       465.45
        1.60     0.998047     16876001       512.00
        1.61     0.998145     16877515       538.95
        1.61     0.998242     16879111       568.89
        1.62     0.998340     16880801       602.35
        1.63     0.998437     16882316       640.00
        1.64     0.998535     16883974       682.67
        1.65     0.998633     16885634       731.43
        1.66     0.998730     16887248       787.69
        1.66     0.998828     16888919       853.33
        1.67     0.998926     16890528       930.91
        1.68     0.999023     16892229      1024.00
        1.69     0.999072     16893881      1077.89
        1.69     0.999121     16893881      1137.78
        1.70     0.999170     16895419      1204.71
        1.70     0.999219     16896923      1280.00
        1.70     0.999268     16896923      1365.33
        1.71     0.999316     16898253      1462.86
        1.71     0.999365     16898253      1575.38
        1.72     0.999414     16899464      1706.67
        1.73     0.999463     16900601      1861.82
        1.73     0.999512     16900601      2048.00
        1.74     0.999536     16901562      2155.79
        1.74     0.999561     16901562      2275.56
        1.74     0.999585     16902452      2409.41
        1.74     0.999609     16902452      2560.00
        1.75     0.999634     16903274      2730.67
        1.75     0.999658     16903274      2925.71
        1.76     0.999683     16903946      3150.77
        1.76     0.999707     16903946      3413.33
        1.77     0.999731     16904543      3723.64
        1.77     0.999756     16904543      4096.00
        1.77     0.999768     16905035      4311.58
        1.77     0.999780     16905035      4551.11
        1.78     0.999792     16905457      4818.82
        1.78     0.999805     16905457      5120.00
        1.79     0.999817     16905810      5461.33
        1.79     0.999829     16905810      5851.43
        1.80     0.999841     16906102      6301.54
        1.81     0.999854     16906322      6826.67
        1.81     0.999866     16906559      7447.27
        1.82     0.999878     16906778      8192.00
        1.82     0.999884     16906778      8623.16
        1.83     0.999890     16906965      9102.22
        1.83     0.999896     16906965      9637.65
        1.84     0.999902     16907148     10240.00
        1.84     0.999908     16907148     10922.67
        1.85     0.999915     16907291     11702.86
        1.85     0.999921     16907422     12603.08
        1.85     0.999927     16907422     13653.33
        1.86     0.999933     16907528     14894.55
        1.87     0.999939     16907620     16384.00
        1.88     0.999942     16907703     17246.32
        1.89     0.999945     16907786     18204.44
        1.89     0.999948     16907786     19275.29
        1.90     0.999951     16907861     20480.00
        1.90     0.999954     16907926     21845.33
        1.91     0.999957     16907984     23405.71
        1.91     0.999960     16907984     25206.15
        1.92     0.999963     16908036     27306.67
        1.94     0.999966     16908132     29789.09
        1.94     0.999969     16908166     32768.00
        1.94     0.999971     16908166     34492.63
        1.95     0.999973     16908201     36408.89
        1.96     0.999974     16908223     38550.59
        1.97     0.999976     16908242     40960.00
        1.98     0.999977     16908280     43690.67
        1.99     0.999979     16908296     46811.43
        2.01     0.999980     16908323     50412.31
        2.03     0.999982     16908351     54613.33
        2.06     0.999983     16908378     59578.18
        2.10     0.999985     16908397     65536.00
        2.13     0.999986     16908412     68985.26
        2.16     0.999986     16908421     72817.78
        2.19     0.999987     16908436     77101.18
        2.22     0.999988     16908454     81920.00
        2.24     0.999989     16908461     87381.33
        2.27     0.999989     16908472     93622.86
        2.30     0.999990     16908485    100824.62
        2.33     0.999991     16908499    109226.67
        2.38     0.999992     16908513    119156.36
        2.43     0.999992     16908522    131072.00
        2.58     0.999993     16908530    137970.53
        2.70     0.999993     16908535    145635.56
       79.87     0.999994     16908543    154202.35
       80.38     0.999994     16908572    163840.00
       80.38     0.999994     16908572    174762.67
       80.38     0.999995     16908572    187245.71
       80.38     0.999995     16908572    201649.23
       80.89     0.999995     16908595    218453.33
       80.89     0.999996     16908595    238312.73
       80.89     0.999996     16908595    262144.00
       80.89     0.999996     16908595    275941.05
       80.89     0.999997     16908595    291271.11
       81.41     0.999997     16908598    308404.71
      168.96     0.999997     16908649    327680.00
      168.96     0.999997     16908649    349525.33
      168.96     0.999997     16908649    374491.43
      168.96     0.999998     16908649    403298.46
      168.96     0.999998     16908649    436906.67
      168.96     0.999998     16908649    476625.45
      168.96     0.999998     16908649    524288.00
      168.96     0.999998     16908649    551882.11
      168.96     0.999998     16908649    582542.22
      168.96     0.999998     16908649    616809.41
      168.96     0.999998     16908649    655360.00
      168.96     0.999999     16908649    699050.67
      168.96     0.999999     16908649    748982.86
      168.96     0.999999     16908649    806596.92
      168.96     0.999999     16908649    873813.33
      168.96     0.999999     16908649    953250.91
      168.96     0.999999     16908649   1048576.00
      168.96     0.999999     16908649   1103764.21
      168.96     0.999999     16908649   1165084.44
      168.96     0.999999     16908649   1233618.82
      168.96     0.999999     16908649   1310720.00
      168.96     0.999999     16908649   1398101.33
      168.96     0.999999     16908649   1497965.71
      168.96     0.999999     16908649   1613193.85
      168.96     0.999999     16908649   1747626.67
      168.96     0.999999     16908649   1906501.82
      168.96     1.000000     16908649   2097152.00
      168.96     1.000000     16908649   2207528.42
      168.96     1.000000     16908649   2330168.89
      168.96     1.000000     16908649   2467237.65
      168.96     1.000000     16908649   2621440.00
      168.96     1.000000     16908649   2796202.67
      168.96     1.000000     16908649   2995931.43
      168.96     1.000000     16908649   3226387.69
      168.96     1.000000     16908649   3495253.33
      168.96     1.000000     16908649   3813003.64
      168.96     1.000000     16908649   4194304.00
      168.96     1.000000     16908649   4415056.84
      168.96     1.000000     16908649   4660337.78
      168.96     1.000000     16908649   4934475.29
      168.96     1.000000     16908649   5242880.00
      168.96     1.000000     16908649   5592405.33
      168.96     1.000000     16908649   5991862.86
      168.96     1.000000     16908649   6452775.39
      168.96     1.000000     16908649   6990506.67
      168.96     1.000000     16908649   7626007.28
      168.96     1.000000     16908649   8388608.00
      169.98     1.000000     16908651   8830113.68
      169.98     1.000000     16908651          inf
#[Mean    =        0.719, StdDeviation   =        0.381]
#[Max     =      169.983, Total count    =     16908651]
#[Buckets =           20, SubBuckets     =          256]
