       Value   Percentile   TotalCount 1/(1-Percentile)

        0.17     0.000000            1         1.00
        0.69     0.050000      2549359         1.05
        0.69     0.100000      2549359         1.11
        0.70     0.150000      6293982         1.18
        0.70     0.200000      6293982         1.25
        0.70     0.250000      6293982         1.33
        0.71     0.300000     11002270         1.43
        0.71     0.350000     11002270         1.54
        0.71     0.400000     11002270         1.67
        0.72     0.450000     15172493         1.82
        0.72     0.500000     15172493         2.00
        0.72     0.525000     15172493         2.11
        0.72     0.550000     15172493         2.22
        0.72     0.575000     15172493         2.35
        0.72     0.600000     15172493         2.50
        0.73     0.625000     18656232         2.67
        0.73     0.650000     18656232         2.86
        0.73     0.675000     18656232         3.08
        0.73     0.700000     18656232         3.33
        0.73     0.725000     18656232         3.64
        0.73     0.750000     18656232         4.00
        0.73     0.762500     21267362         4.21
        0.73     0.775000     21267362         4.44
        0.73     0.787500     21267362         4.71
        0.73     0.800000     21267362         5.00
        0.73     0.812500     21267362         5.33
        0.73     0.825000     21267362         5.71
        0.73     0.837500     21267362         6.15
        0.73     0.850000     21267362         6.67
        0.73     0.862500     21267362         7.27
        0.74     0.875000     22673674         8.00
        0.74     0.881250     22673674         8.42
        0.74     0.887500     22673674         8.89
        0.74     0.893750     22673674         9.41
        0.74     0.900000     22673674        10.00
        0.74     0.906250     22673674        10.67
        0.74     0.912500     22673674        11.43
        0.74     0.918750     22673674        12.31
        0.75     0.925000     23241238        13.33
        0.75     0.931250     23241238        14.55
        0.75     0.937500     23241238        16.00
        0.75     0.940625     23241238        16.84
        0.75     0.943750     23241238        17.78
        0.76     0.946875     23469939        18.82
        0.76     0.950000     23469939        20.00
        0.76     0.953125     23469939        21.33
        0.77     0.956250     23586010        22.86
        0.77     0.959375     23586010        24.62
        0.78     0.962500     23653921        26.67
        0.79     0.965625     23724143        29.09
        0.82     0.968750     23821338        32.00
        0.83     0.970313     23855236        33.68
        0.84     0.971875     23885800        35.56
        0.85     0.973437     23911545        37.65
        0.88     0.975000     23946070        40.00
        1.00     0.976562     23985161        42.67
        1.38     0.978125     24024350        45.71
        1.39     0.979688     24071434        49.23
        1.40     0.981250     24111806        53.33
        1.41     0.982812     24161971        58.18
        1.42     0.984375     24216976        64.00
        1.42     0.985156     24216976        67.37
        1.42     0.985938     24216976        71.11
        1.42     0.986719     24271401        75.29
        1.42     0.987500     24271401        80.00
        1.42     0.988281     24271401        85.33
        1.43     0.989062     24321116        91.43
        1.43     0.989844     24321116        98.46
        1.44     0.990625     24365240       106.67
        1.44     0.991406     24365240       116.36
        1.45     0.992188     24404801       128.00
        1.45     0.992578     24404801       134.74
        1.45     0.992969     24404801       142.22
        1.45     0.993359     24404801       150.59
        1.45     0.993750     24404801       160.00
        1.46     0.994141     24441086       170.67
        1.46     0.994531     24441086       182.86
        1.46     0.994922     24441086       196.92
        1.46     0.995313     24473088       213.33
        1.46     0.995703     24473088       232.73
        1.46     0.996094     24473088       256.00
        1.46     0.996289     24473088       269.47
        1.46     0.996484     24473088       284.44
        1.47     0.996680     24499036       301.18
        1.47     0.996875     24499036       320.00
        1.47     0.997070     24499036       341.33
        1.47     0.997266     24499036       365.71
        1.47     0.997461     24499036       393.85
        1.48     0.997656     24517949       426.67
        1.48     0.997852     24517949       465.45
        1.48     0.998047     24517949       512.00
        1.48     0.998145     24517949       538.95
        1.48     0.998242     24517949       568.89
        1.48     0.998340     24517949       602.35
        1.49     0.998437     24530267       640.00
        1.49     0.998535     24530267       682.67
        1.49     0.998633     24530267       731.43
        1.49     0.998730     24530267       787.69
        1.49     0.998828     24530267       853.33
        1.50     0.998926     24537831       930.91
        1.50     0.999023     24537831      1024.00
        1.50     0.999072     24537831      1077.89
        1.50     0.999121     24537831      1137.78
        1.50     0.999170     24537831      1204.71
        1.50     0.999219     24542330      1280.00
        1.50     0.999268     24542330      1365.33
        1.50     0.999316     24542330      1462.86
        1.51     0.999365     24545290      1575.38
        1.51     0.999414     24545290      1706.67
        1.51     0.999463     24545290      1861.82
        1.52     0.999512     24547483      2048.00
        1.52     0.999536     24547483      2155.79
        1.52     0.999561     24547483      2275.56
        1.53     0.999585     24549279      2409.41
        1.53     0.999609     24549279      2560.00
        1.53     0.999634     24549279      2730.67
        1.53     0.999658     24550783      2925.71
        1.53     0.999683     24550783      3150.77
        1.53     0.999707     24550783      3413.33
        1.54     0.999731     24552099      3723.64
        1.54     0.999756     24552099      4096.00
        1.55     0.999768     24553164      4311.58
        1.55     0.999780     24553164      4551.11
        1.55     0.999792     24553164      4818.82
        1.56     0.999805     24554030      5120.00
        1.56     0.999817     24554030      5461.33
        1.56     0.999829     24554030      5851.43
        1.57     0.999841     24554781      6301.54
        1.57     0.999854     24554781      6826.67
        1.57     0.999866     24554781      7447.27
        1.57     0.999878     24555428      8192.00
        1.57     0.999884     24555428      8623.16
        1.57     0.999890     24555428      9102.22
        1.57     0.999896     24555428      9637.65
        1.58     0.999902     24555991     10240.00
        1.58     0.999908     24555991     10922.67
        1.58     0.999915     24555991     11702.86
        1.59     0.999921     24556423     12603.08
        1.59     0.999927     24556423     13653.33
        1.59     0.999933     24556423     14894.55
        1.60     0.999939     24556722     16384.00
        1.60     0.999942     24556722     17246.32
        1.60     0.999945     24556722     18204.44
        1.60     0.999948     24556722     19275.29
        1.61     0.999951     24556929     20480.00
        1.61     0.999954     24556929     21845.33
        1.61     0.999957     24556929     23405.71
        1.61     0.999960     24557064     25206.15
        1.62     0.999963     24557150     27306.67
        1.62     0.999966     24557150     29789.09
        1.64     0.999969     24557261     32768.00
        1.64     0.999971     24557261     34492.63
        1.65     0.999973     24557298     36408.89
        1.66     0.999974     24557354     38550.59
        1.67     0.999976     24557367     40960.00
        1.69     0.999977     24557407     43690.67
        1.71     0.999979     24557444     46811.43
        1.75     0.999980     24557487     50412.31
        1.80     0.999982     24557519     54613.33
        1.84     0.999983     24557561     59578.18
        1.89     0.999985     24557600     65536.00
        1.91     0.999986     24557614     68985.26
        1.93     0.999986     24557633     72817.78
        1.96     0.999987     24557649     77101.18
        1.98     0.999988     24557669     81920.00
        2.01     0.999989     24557689     87381.33
        2.02     0.999989     24557712     93622.86
        2.05     0.999990     24557723    100824.62
        2.08     0.999991     24557747    109226.67
        2.10     0.999992     24557769    119156.36
        2.11     0.999992     24557782    131072.00
        2.13     0.999993     24557805    137970.53
        2.13     0.999993     24557805    145635.56
        2.14     0.999994     24557818    154202.35
        2.14     0.999994     24557818    163840.00
        2.16     0.999994     24557837    174762.67
        2.16     0.999995     24557837    187245.71
        2.17     0.999995     24557854    201649.23
        2.17     0.999995     24557854    218453.33
        2.19     0.999996     24557879    238312.73
        2.19     0.999996     24557879    262144.00
        2.19     0.999996     24557879    275941.05
        2.21     0.999997     24557896    291271.11
        2.21     0.999997     24557896    308404.71
        2.21     0.999997     24557896    327680.00
        2.21     0.999997     24557896    349525.33
        2.22     0.999997     24557909    374491.43
        2.22     0.999998     24557909    403298.46
        2.22     0.999998     24557909    436906.67
        2.24     0.999998     24557921    476625.45
        2.24     0.999998     24557921    524288.00
        2.24     0.999998     24557921    551882.11
        2.25     0.999998     24557925    582542.22
        2.27     0.999998     24557935    616809.41
        2.27     0.999998     24557935    655360.00
        2.27     0.999999     24557935    699050.67
        2.27     0.999999     24557935    748982.86
        2.27     0.999999     24557935    806596.92
        2.29     0.999999     24557938    873813.33
        2.30     0.999999     24557941    953250.91
        2.33     0.999999     24557942   1048576.00
        2.37     0.999999     24557944   1103764.21
        2.37     0.999999     24557944   1165084.44
        2.40     0.999999     24557947   1233618.82
        2.40     0.999999     24557947   1310720.00
        2.46     0.999999     24557948   1398101.33
        2.48     0.999999     24557951   1497965.71
        2.48     0.999999     24557951   1613193.85
        2.48     0.999999     24557951   1747626.67
        2.53     0.999999     24557953   1906501.82
        2.54     1.000000     24557954   2097152.00
        2.54     1.000000     24557954   2207528.42
        2.58     1.000000     24557956   2330168.89
        2.58     1.000000     24557956   2467237.65
        2.58     1.000000     24557956   2621440.00
        2.61     1.000000     24557957   2796202.67
        2.61     1.000000     24557957   2995931.43
        2.64     1.000000     24557958   3226387.69
        2.64     1.000000     24557958   3495253.33
        2.65     1.000000     24557959   3813003.64
        2.73     1.000000     24557960   4194304.00
        2.73     1.000000     24557960   4415056.84
        2.73     1.000000     24557960   4660337.78
        2.78     1.000000     24557962   4934475.29
        2.78     1.000000     24557962   5242880.00
        2.78     1.000000     24557962   5592405.33
        2.78     1.000000     24557962   5991862.86
        2.78     1.000000     24557962   6452775.39
        2.78     1.000000     24557962   6990506.67
        2.78     1.000000     24557962   7626007.28
        3.36     1.000000     24557963   8388608.00
        3.36     1.000000     24557963   8830113.68
        3.36     1.000000     24557963   9320675.55
        3.36     1.000000     24557963   9868950.59
        3.36     1.000000     24557963  10485760.00
        3.36     1.000000     24557963  11184810.67
        3.36     1.000000     24557963  11983725.71
        3.38     1.000000     24557964  12905550.76
        3.38     1.000000     24557964  13981013.34
        3.38     1.000000     24557964  15252014.55
        3.38     1.000000     24557964  16777216.00
        3.38     1.000000     24557964  17660227.38
        3.38     1.000000     24557964  18641351.10
        3.38     1.000000     24557964  19737901.19
        3.38     1.000000     24557964  20971519.98
        3.38     1.000000     24557964  22369621.33
        3.38     1.000000     24557964  23967451.45
        3.47     1.000000     24557965  25811101.52
        3.47     1.000000     24557965          inf
#[Mean    =        0.733, StdDeviation   =        0.109]
#[Max     =        3.471, Total count    =     24557965]
#[Buckets =           20, SubBuckets     =          256]
