       Value   Percentile   TotalCount 1/(1-Percentile)

        0.19     0.000000            7         1.00
        0.69     0.050000      2323001         1.05
        0.69     0.100000      2323001         1.11
        0.70     0.150000      5730555         1.18
        0.70     0.200000      5730555         1.25
        0.70     0.250000      5730555         1.33
        0.71     0.300000     10010325         1.43
        0.71     0.350000     10010325         1.54
        0.71     0.400000     10010325         1.67
        0.72     0.450000     13801104         1.82
        0.72     0.500000     13801104         2.00
        0.72     0.525000     13801104         2.11
        0.72     0.550000     13801104         2.22
        0.72     0.575000     13801104         2.35
        0.72     0.600000     13801104         2.50
        0.73     0.625000     16967396         2.67
        0.73     0.650000     16967396         2.86
        0.73     0.675000     16967396         3.08
        0.73     0.700000     16967396         3.33
        0.73     0.725000     16967396         3.64
        0.73     0.750000     16967396         4.00
        0.73     0.762500     19339757         4.21
        0.73     0.775000     19339757         4.44
        0.73     0.787500     19339757         4.71
        0.73     0.800000     19339757         5.00
        0.73     0.812500     19339757         5.33
        0.73     0.825000     19339757         5.71
        0.73     0.837500     19339757         6.15
        0.73     0.850000     19339757         6.67
        0.73     0.862500     19339757         7.27
        0.74     0.875000     20618552         8.00
        0.74     0.881250     20618552         8.42
        0.74     0.887500     20618552         8.89
        0.74     0.893750     20618552         9.41
        0.74     0.900000     20618552        10.00
        0.74     0.906250     20618552        10.67
        0.74     0.912500     20618552        11.43
        0.74     0.918750     20618552        12.31
        0.75     0.925000     21135113        13.33
        0.75     0.931250     21135113        14.55
        0.75     0.937500     21135113        16.00
        0.75     0.940625     21135113        16.84
        0.75     0.943750     21135113        17.78
        0.76     0.946875     21342878        18.82
        0.76     0.950000     21342878        20.00
        0.76     0.953125     21342878        21.33
        0.77     0.956250     21447572        22.86
        0.77     0.959375     21447572        24.62
        0.78     0.962500     21508594        26.67
        0.79     0.965625     21571601        29.09
        0.81     0.968750     21629904        32.00
        0.83     0.970313     21690781        33.68
        0.84     0.971875     21718558        35.56
        0.85     0.973437     21741933        37.65
        0.87     0.975000     21770716        40.00
        0.98     0.976562     21802182        42.67
        1.38     0.978125     21842804        45.71
        1.39     0.979688     21885529        49.23
        1.40     0.981250     21922063        53.33
        1.41     0.982812     21967532        58.18
        1.42     0.984375     22017154        64.00
        1.42     0.985156     22017154        67.37
        1.42     0.985938     22017154        71.11
        1.42     0.986719     22066299        75.29
        1.42     0.987500     22066299        80.00
        1.42     0.988281     22066299        85.33
        1.43     0.989062     22111205        91.43
        1.43     0.989844     22111205        98.46
        1.44     0.990625     22151158       106.67
        1.44     0.991406     22151158       116.36
        1.44     0.992188     22151158       128.00
        1.45     0.992578     22186994       134.74
        1.45     0.992969     22186994       142.22
        1.45     0.993359     22186994       150.59
        1.45     0.993750     22186994       160.00
        1.46     0.994141     22219859       170.67
        1.46     0.994531     22219859       182.86
        1.46     0.994922     22219859       196.92
        1.46     0.995313     22248810       213.33
        1.46     0.995703     22248810       232.73
        1.46     0.996094     22248810       256.00
        1.46     0.996289     22248810       269.47
        1.46     0.996484     22248810       284.44
        1.47     0.996680     22272256       301.18
        1.47     0.996875     22272256       320.00
        1.47     0.997070     22272256       341.33
        1.47     0.997266     22272256       365.71
        1.47     0.997461     22272256       393.85
        1.48     0.997656     22289253       426.67
        1.48     0.997852     22289253       465.45
        1.48     0.998047     22289253       512.00
        1.48     0.998145     22289253       538.95
        1.48     0.998242     22289253       568.89
        1.48     0.998340     22289253       602.35
        1.49     0.998437     22300386       640.00
        1.49     0.998535     22300386       682.67
        1.49     0.998633     22300386       731.43
        1.49     0.998730     22300386       787.69
        1.49     0.998828     22300386       853.33
        1.50     0.998926     22307217       930.91
        1.50     0.999023     22307217      1024.00
        1.50     0.999072     22307217      1077.89
        1.50     0.999121     22307217      1137.78
        1.50     0.999170     22307217      1204.71
        1.50     0.999219     22311279      1280.00
        1.50     0.999268     22311279      1365.33
        1.50     0.999316     22311279      1462.86
        1.50     0.999365     22311279      1575.38
        1.51     0.999414     22313937      1706.67
        1.51     0.999463     22313937      1861.82
        1.52     0.999512     22315912      2048.00
        1.52     0.999536     22315912      2155.79
        1.52     0.999561     22315912      2275.56
        1.53     0.999585     22317523      2409.41
        1.53     0.999609     22317523      2560.00
        1.53     0.999634     22317523      2730.67
        1.53     0.999658     22318888      2925.71
        1.53     0.999683     22318888      3150.77
        1.53     0.999707     22318888      3413.33
        1.54     0.999731     22320091      3723.64
        1.54     0.999756     22320091      4096.00
        1.55     0.999768     22321050      4311.58
        1.55     0.999780     22321050      4551.11
        1.55     0.999792     22321050      4818.82
        1.55     0.999805     22321050      5120.00
        1.56     0.999817     22321833      5461.33
        1.56     0.999829     22321833      5851.43
        1.57     0.999841     22322519      6301.54
        1.57     0.999854     22322519      6826.67
        1.57     0.999866     22322519      7447.27
        1.57     0.999878     22323093      8192.00
        1.57     0.999884     22323093      8623.16
        1.57     0.999890     22323093      9102.22
        1.57     0.999896     22323093      9637.65
        1.58     0.999902     22323604     10240.00
        1.58     0.999908     22323604     10922.67
        1.58     0.999915     22323604     11702.86
        1.59     0.999921     22323986     12603.08
        1.59     0.999927     22323986     13653.33
        1.59     0.999933     22323986     14894.55
        1.60     0.999939     22324254     16384.00
        1.60     0.999942     22324254     17246.32
        1.60     0.999945     22324254     18204.44
        1.60     0.999948     22324254     19275.29
        1.61     0.999951     22324445     20480.00
        1.61     0.999954     22324445     21845.33
        1.61     0.999957     22324445     23405.71
        1.61     0.999960     22324572     25206.15
        1.61     0.999963     22324572     27306.67
        1.62     0.999966     22324645     29789.09
        1.63     0.999969     22324699     32768.00
        1.64     0.999971     22324746     34492.63
        1.65     0.999973     22324781     36408.89
        1.66     0.999974     22324807     38550.59
        1.67     0.999976     22324841     40960.00
        1.69     0.999977     22324877     43690.67
        1.71     0.999979     22324913     46811.43
        1.74     0.999980     22324940     50412.31
        1.79     0.999982     22324975     54613.33
        1.83     0.999983     22325010     59578.18
        1.87     0.999985     22325041     65536.00
        1.90     0.999986     22325061     68985.26
        1.93     0.999986     22325081     72817.78
        1.95     0.999987     22325093     77101.18
        1.98     0.999988     22325108     81920.00
        2.00     0.999989     22325125     87381.33
        2.02     0.999989     22325143     93622.86
        2.03     0.999990     22325159    100824.62
        2.06     0.999991     22325179    109226.67
        2.10     0.999992     22325205    119156.36
        2.11     0.999992     22325216    131072.00
        2.13     0.999993     22325237    137970.53
        2.13     0.999993     22325237    145635.56
        2.13     0.999994     22325237    154202.35
        2.14     0.999994     22325248    163840.00
        2.16     0.999994     22325266    174762.67
        2.16     0.999995     22325266    187245.71
        2.17     0.999995     22325283    201649.23
        2.17     0.999995     22325283    218453.33
        2.19     0.999996     22325305    238312.73
        2.19     0.999996     22325305    262144.00
        2.19     0.999996     22325305    275941.05
        2.19     0.999997     22325305    291271.11
        2.21     0.999997     22325319    308404.71
        2.21     0.999997     22325319    327680.00
        2.21     0.999997     22325319    349525.33
        2.22     0.999997     22325331    374491.43
        2.22     0.999998     22325331    403298.46
        2.22     0.999998     22325331    436906.67
        2.24     0.999998     22325342    476625.45
        2.24     0.999998     22325342    524288.00
        2.24     0.999998     22325342    551882.11
        2.24     0.999998     22325342    582542.22
        2.25     0.999998     22325346    616809.41
        2.25     0.999998     22325346    655360.00
        2.27     0.999999     22325353    699050.67
        2.27     0.999999     22325353    748982.86
        2.27     0.999999     22325353    806596.92
        2.29     0.999999     22325355    873813.33
        2.30     0.999999     22325358    953250.91
        2.37     0.999999     22325360   1048576.00
        2.37     0.999999     22325360   1103764.21
        2.38     0.999999     22325361   1165084.44
        2.40     0.999999     22325363   1233618.82
        2.40     0.999999     22325363   1310720.00
        2.48     0.999999     22325366   1398101.33
        2.48     0.999999     22325366   1497965.71
        2.50     0.999999     22325367   1613193.85
        2.53     0.999999     22325368   1747626.67
        2.54     0.999999     22325369   1906501.82
        2.58     1.000000     22325371   2097152.00
        2.58     1.000000     22325371   2207528.42
        2.58     1.000000     22325371   2330168.89
        2.58     1.000000     22325371   2467237.65
        2.61     1.000000     22325372   2621440.00
        2.64     1.000000     22325373   2796202.67
        2.64     1.000000     22325373   2995931.43
        2.65     1.000000     22325374   3226387.69
        2.65     1.000000     22325374   3495253.33
        2.73     1.000000     22325375   3813003.64
        2.73     1.000000     22325375   4194304.00
        2.73     1.000000     22325375   4415056.84
        2.78     1.000000     22325377   4660337.78
        2.78     1.000000     22325377   4934475.29
        2.78     1.000000     22325377   5242880.00
        2.78     1.000000     22325377   5592405.33
        2.78     1.000000     22325377   5991862.86
        2.78     1.000000     22325377   6452775.39
        2.78     1.000000     22325377   6990506.67
        3.36     1.000000     22325378   7626007.28
        3.36     1.000000     22325378   8388608.00
        3.36     1.000000     22325378   8830113.68
        3.36     1.000000     22325378   9320675.55
        3.36     1.000000     22325378   9868950.59
        3.36     1.000000     22325378  10485760.00
        3.38     1.000000     22325379  11184810.67
        3.38     1.000000     22325379  11983725.71
        3.38     1.000000     22325379  12905550.76
        3.38     1.000000     22325379  13981013.34
        3.38     1.000000     22325379  15252014.55
        3.38     1.000000     22325379  16777216.00
        3.38     1.000000     22325379  17660227.38
        3.38     1.000000     22325379  18641351.10
        3.38     1.000000     22325379  19737901.19
        3.38     1.000000     22325379  20971519.98
        3.47     1.000000     22325380  22369621.33
        3.47     1.000000     22325380          inf
#[Mean    =        0.733, StdDeviation   =        0.109]
#[Max     =        3.471, Total count    =     22325380]
#[Buckets =           20, SubBuckets     =          256]
