       Value   Percentile   TotalCount 1/(1-Percentile)

        0.02     0.000000         3226         1.00
        0.34     0.050000       874108         1.05
        0.59     0.100000      1715652         1.11
        0.69     0.150000      2604783         1.18
        0.71     0.200000      3400529         1.25
        0.73     0.250000      4795241         1.33
        0.73     0.300000      5746304         1.43
        0.74     0.350000      6889161         1.54
        0.74     0.400000      6889161         1.67
        0.75     0.450000      8212413         1.82
        0.76     0.500000      9681739         2.00
        0.76     0.525000      9681739         2.11
        0.76     0.550000      9681739         2.22
        0.77     0.575000     11179587         2.35
        0.77     0.600000     11179587         2.50
        0.77     0.625000     11179587         2.67
        0.77     0.650000     11179587         2.86
        0.78     0.675000     12506281         3.08
        0.78     0.700000     12506281         3.33
        0.78     0.725000     12506281         3.64
        0.78     0.750000     13458671         4.00
        0.78     0.762500     13458671         4.21
        0.78     0.775000     13458671         4.44
        0.78     0.787500     13458671         4.71
        0.79     0.800000     14035891         5.00
        0.79     0.812500     14035891         5.33
        0.79     0.825000     14035891         5.71
        0.80     0.837500     14349502         6.15
        0.81     0.850000     14530006         6.67
        0.81     0.862500     14659856         7.27
        0.83     0.875000     14893593         8.00
        0.84     0.881250     15015577         8.42
        0.84     0.887500     15015577         8.89
        0.85     0.893750     15144345         9.41
        0.85     0.900000     15281350        10.00
        0.86     0.906250     15424620        10.67
        0.87     0.912500     15568540        11.43
        0.87     0.918750     15568540        12.31
        0.88     0.925000     15703535        13.33
        0.89     0.931250     15822581        14.55
        0.90     0.937500     15920666        16.00
        0.90     0.940625     15920666        16.84
        0.90     0.943750     15998816        17.78
        0.91     0.946875     16061097        18.82
        0.92     0.950000     16109770        20.00
        0.93     0.953125     16147695        21.33
        0.94     0.956250     16178831        22.86
        0.95     0.959375     16229782        24.62
        0.97     0.962500     16292450        26.67
        0.99     0.965625     16330312        29.09
        1.01     0.968750     16383928        32.00
        1.03     0.970313     16415229        33.68
        1.05     0.971875     16440562        35.56
        1.06     0.973437     16460106        37.65
        1.10     0.975000     16488280        40.00
        1.18     0.976562     16511369        42.67
        1.27     0.978125     16538081        45.71
        1.37     0.979688     16564326        49.23
        1.42     0.981250     16597598        53.33
        1.44     0.982812     16623159        58.18
        1.46     0.984375     16644342        64.00
        1.47     0.985156     16668720        67.37
        1.48     0.985938     16682354        71.11
        1.49     0.986719     16696872        75.29
        1.49     0.987500     16696872        80.00
        1.50     0.988281     16712435        85.33
        1.50     0.989062     16728719        91.43
        1.51     0.989844     16746026        98.46
        1.52     0.990625     16763473       106.67
        1.52     0.991406     16763473       116.36
        1.53     0.992188     16781101       128.00
        1.53     0.992578     16797799       134.74
        1.53     0.992969     16797799       142.22
        1.53     0.993359     16797799       150.59
        1.54     0.993750     16813096       160.00
        1.54     0.994141     16813096       170.67
        1.55     0.994531     16826191       182.86
        1.55     0.994922     16826191       196.92
        1.56     0.995313     16837009       213.33
        1.56     0.995703     16837009       232.73
        1.57     0.996094     16845796       256.00
        1.57     0.996289     16845796       269.47
        1.57     0.996484     16852636       284.44
        1.57     0.996680     16852636       301.18
        1.58     0.996875     16857755       320.00
        1.59     0.997070     16861622       341.33
        1.59     0.997266     16861622       365.71
        1.60     0.997461     16864502       393.85
        1.61     0.997656     16868696       426.67
        1.63     0.997852     16871850       465.45
        1.65     0.998047     16874924       512.00
        1.66     0.998145     16876369       538.95
        1.66     0.998242     16877915       568.89
        1.67     0.998340     16879432       602.35
        1.69     0.998437     16882344       640.00
        1.70     0.998535     16883780       682.67
        1.70     0.998633     16885240       731.43
        1.71     0.998730     16886745       787.69
        1.72     0.998828     16888263       853.33
        1.73     0.998926     16889809       930.91
        1.74     0.999023     16891319      1024.00
        1.74     0.999072     16892862      1077.89
        1.74     0.999121     16892862      1137.78
        1.75     0.999170     16894326      1204.71
        1.75     0.999219     16894326      1280.00
        1.76     0.999268     16895756      1365.33
        1.77     0.999316     16897024      1462.86
        1.77     0.999365     16897024      1575.38
        1.77     0.999414     16898202      1706.67
        1.78     0.999463     16899247      1861.82
        1.78     0.999512     16899247      2048.00
        1.79     0.999536     16900091      2155.79
        1.79     0.999561     16900091      2275.56
        1.80     0.999585     16900837      2409.41
        1.80     0.999609     16900837      2560.00
        1.81     0.999634     16901500      2730.67
        1.81     0.999658     16902022      2925.71
        1.82     0.999683     16902487      3150.77
        1.82     0.999707     16902487      3413.33
        1.84     0.999731     16903195      3723.64
        1.85     0.999756     16903522      4096.00
        1.85     0.999768     16903522      4311.58
        1.85     0.999780     16903786      4551.11
        1.86     0.999792     16904037      4818.82
        1.87     0.999805     16904276      5120.00
        1.88     0.999817     16904493      5461.33
        1.89     0.999829     16904667      5851.43
        1.90     0.999841     16904848      6301.54
        1.90     0.999854     16905007      6826.67
        1.91     0.999866     16905166      7447.27
        1.93     0.999878     16905467      8192.00
        1.93     0.999884     16905467      8623.16
        1.94     0.999890     16905580      9102.22
        1.94     0.999896     16905662      9637.65
        1.96     0.999902     16905838     10240.00
        1.97     0.999908     16905905     10922.67
        1.98     0.999915     16906017     11702.86
        1.99     0.999921     16906088     12603.08
        2.01     0.999927     16906194     13653.33
        2.02     0.999933     16906299     14894.55
        2.05     0.999939     16906407     16384.00
        2.06     0.999942     16906458     17246.32
        2.08     0.999945     16906485     18204.44
        2.13     0.999948     16906545     19275.29
        2.17     0.999951     16906592     20480.00
        2.22     0.999954     16906660     21845.33
        2.25     0.999957     16906698     23405.71
        2.29     0.999960     16906742     25206.15
        2.33     0.999963     16906793     27306.67
        2.42     0.999966     16906850     29789.09
        2.70     0.999969     16906899     32768.00
        2.99     0.999971     16906958     34492.63
        2.99     0.999973     16906958     36408.89
        3.01     0.999974     16906976     38550.59
        3.50     0.999976     16907023     40960.00
        3.52     0.999977     16907026     43690.67
        3.97     0.999979     16907070     46811.43
        4.29     0.999980     16907077     50412.31
        4.77     0.999982     16907121     54613.33
        4.80     0.999983     16907192     59578.18
        4.80     0.999985     16907192     65536.00
        4.80     0.999986     16907192     68985.26
        4.80     0.999986     16907192     72817.78
        4.83     0.999987     16907201     77101.18
        5.50     0.999988     16907209     81920.00
        5.63     0.999989     16907228     87381.33
        5.73     0.999989     16907244     93622.86
        5.76     0.999990     16907263    100824.62
        5.76     0.999991     16907263    109226.67
       74.24     0.999992     16907293    119156.36
       74.24     0.999992     16907293    131072.00
       74.24     0.999993     16907293    137970.53
       74.75     0.999993     16907321    145635.56
       74.75     0.999994     16907321    154202.35
       74.75     0.999994     16907321    163840.00
       74.75     0.999994     16907321    174762.67
       75.26     0.999995     16907333    187245.71
       75.26     0.999995     16907333    201649.23
       75.78     0.999995     16907339    218453.33
       76.29     0.999996     16907348    238312.73
       76.29     0.999996     16907348    262144.00
       76.80     0.999996     16907357    275941.05
       76.80     0.999997     16907357    291271.11
       79.87     0.999997     16907358    308404.71
       82.43     0.999997     16907361    327680.00
      160.77     0.999997     16907389    349525.33
      160.77     0.999997     16907389    374491.43
      160.77     0.999998     16907389    403298.46
      160.77     0.999998     16907389    436906.67
      160.77     0.999998     16907389    476625.45
      160.77     0.999998     16907389    524288.00
      160.77     0.999998     16907389    551882.11
      160.77     0.999998     16907389    582542.22
      160.77     0.999998     16907389    616809.41
      160.77     0.999998     16907389    655360.00
      160.77     0.999999     16907389    699050.67
      167.94     0.999999     16907391    748982.86
      168.96     0.999999     16907411    806596.92
      168.96     0.999999     16907411    873813.33
      168.96     0.999999     16907411    953250.91
      168.96     0.999999     16907411   1048576.00
      168.96     0.999999     16907411   1103764.21
      168.96     0.999999     16907411   1165084.44
      168.96     0.999999     16907411   1233618.82
      168.96     0.999999     16907411   1310720.00
      168.96     0.999999     16907411   1398101.33
      168.96     0.999999     16907411   1497965.71
      168.96     0.999999     16907411   1613193.85
      168.96     0.999999     16907411   1747626.67
      168.96     0.999999     16907411   1906501.82
      168.96     1.000000     16907411   2097152.00
      168.96     1.000000     16907411   2207528.42
      168.96     1.000000     16907411   2330168.89
      168.96     1.000000     16907411   2467237.65
      168.96     1.000000     16907411   2621440.00
      168.96     1.000000     16907411   2796202.67
      168.96     1.000000     16907411   2995931.43
      168.96     1.000000     16907411   3226387.69
      168.96     1.000000     16907411   3495253.33
      168.96     1.000000     16907411   3813003.64
      168.96     1.000000     16907411   4194304.00
      168.96     1.000000     16907411   4415056.84
      168.96     1.000000     16907411   4660337.78
      168.96     1.000000     16907411   4934475.29
      168.96     1.000000     16907411   5242880.00
      168.96     1.000000     16907411   5592405.33
      168.96     1.000000     16907411   5991862.86
      168.96     1.000000     16907411   6452775.39
      168.96     1.000000     16907411   6990506.67
      168.96     1.000000     16907411   7626007.28
      168.96     1.000000     16907411   8388608.00
      168.96     1.000000     16907411   8830113.68
      168.96     1.000000     16907411   9320675.55
      168.96     1.000000     16907411   9868950.59
      168.96     1.000000     16907411  10485760.00
      168.96     1.000000     16907411  11184810.67
      168.96     1.000000     16907411  11983725.71
      168.96     1.000000     16907411  12905550.76
      168.96     1.000000     16907411  13981013.34
      168.96     1.000000     16907411  15252014.55
      168.96     1.000000     16907411  16777216.00
      169.98     1.000000     16907412  17660227.38
      169.98     1.000000     16907412          inf
#[Mean    =        0.739, StdDeviation   =        0.386]
#[Max     =      169.983, Total count    =     16907412]
#[Buckets =           20, SubBuckets     =          256]
