get
calls
16908560
histogram_usec
1
13322440
2
16832051
4
16903279
8
16907613
16
16908147
33
16908540
66
16908551
132
16908557
264
16908558
1056
16908560
bgsave
calls
2
histogram_usec
135266
1
270532
2
set
calls
16908615
histogram_usec
1
13745259
2
16746369
4
16897606
8
16906487
16
16908209
33
16908588
66
16908606
132
16908609
264
16908614
528
16908615
ping
calls
1
histogram_usec
8
1
latency|latest
calls
2
histogram_usec
4
2
latency|histogram
calls
1
histogram_usec
132
1
dbsize
calls
1
histogram_usec
2
1
info
calls
24
histogram_usec
33
22
264
24
