       Value   Percentile   TotalCount 1/(1-Percentile)

        0.02     0.000000         3191         1.00
        0.34     0.050000       849081         1.05
        0.59     0.100000      1721796         1.11
        0.69     0.150000      2577801         1.18
        0.70     0.200000      3423329         1.25
        0.72     0.250000      4939514         1.33
        0.73     0.300000      5971577         1.43
        0.73     0.350000      5971577         1.54
        0.73     0.400000      7191476         1.67
        0.74     0.450000      8615687         1.82
        0.74     0.500000      8615687         2.00
        0.75     0.525000     10190022         2.11
        0.75     0.550000     10190022         2.22
        0.75     0.575000     10190022         2.35
        0.75     0.600000     10190022         2.50
        0.76     0.625000     11731336         2.67
        0.76     0.650000     11731336         2.86
        0.76     0.675000     11731336         3.08
        0.77     0.700000     12967894         3.33
        0.77     0.725000     12967894         3.64
        0.77     0.750000     12967894         4.00
        0.77     0.762500     12967894         4.21
        0.78     0.775000     13762049         4.44
        0.78     0.787500     13762049         4.71
        0.78     0.800000     13762049         5.00
        0.78     0.812500     13762049         5.33
        0.78     0.825000     14205036         5.71
        0.78     0.837500     14205036         6.15
        0.79     0.850000     14436570         6.67
        0.81     0.862500     14690191         7.27
        0.81     0.875000     14801115         8.00
        0.82     0.881250     14920769         8.42
        0.83     0.887500     15047118         8.89
        0.84     0.893750     15179556         9.41
        0.85     0.900000     15318470        10.00
        0.85     0.906250     15461308        10.67
        0.85     0.912500     15461308        11.43
        0.86     0.918750     15600343        12.31
        0.87     0.925000     15731235        13.33
        0.88     0.931250     15844311        14.55
        0.89     0.937500     15936854        16.00
        0.89     0.940625     15936854        16.84
        0.90     0.943750     16010194        17.78
        0.90     0.946875     16010194        18.82
        0.90     0.950000     16068832        20.00
        0.91     0.953125     16114732        21.33
        0.93     0.956250     16181134        22.86
        0.94     0.959375     16230276        24.62
        0.97     0.962500     16290686        26.67
        0.98     0.965625     16327374        29.09
        1.01     0.968750     16394202        32.00
        1.02     0.970313     16409064        33.68
        1.04     0.971875     16434603        35.56
        1.06     0.973437     16462549        37.65
        1.10     0.975000     16486596        40.00
        1.19     0.976562     16513140        42.67
        1.28     0.978125     16537680        45.71
        1.37     0.979688     16567626        49.23
        1.40     0.981250     16594330        53.33
        1.42     0.982812     16622390        58.18
        1.44     0.984375     16645691        64.00
        1.45     0.985156     16658468        67.37
        1.46     0.985938     16671977        71.11
        1.46     0.986719     16686472        75.29
        1.47     0.987500     16701987        80.00
        1.48     0.988281     16718473        85.33
        1.49     0.989062     16735980        91.43
        1.49     0.989844     16735980        98.46
        1.50     0.990625     16754661       106.67
        1.50     0.991406     16773540       116.36
        1.51     0.992188     16792128       128.00
        1.51     0.992578     16792128       134.74
        1.51     0.992969     16792128       142.22
        1.52     0.993359     16808837       150.59
        1.52     0.993750     16808837       160.00
        1.52     0.994141     16808837       170.67
        1.53     0.994531     16823307       182.86
        1.53     0.994922     16823307       196.92
        1.53     0.995313     16835148       213.33
        1.53     0.995703     16835148       232.73
        1.54     0.996094     16844380       256.00
        1.55     0.996289     16851595       269.47
        1.55     0.996484     16851595       284.44
        1.55     0.996680     16851595       301.18
        1.56     0.996875     16856869       320.00
        1.57     0.997070     16860799       341.33
        1.57     0.997266     16863699       365.71
        1.58     0.997461     16865948       393.85
        1.59     0.997656     16867766       426.67
        1.61     0.997852     16870889       465.45
        1.63     0.998047     16875494       512.00
        1.64     0.998145     16877014       538.95
        1.65     0.998242     16878516       568.89
        1.66     0.998340     16880017       602.35
        1.66     0.998437     16881522       640.00
        1.67     0.998535     16882991       682.67
        1.68     0.998633     16884510       731.43
        1.69     0.998730     16886009       787.69
        1.70     0.998828     16887544       853.33
        1.70     0.998926     16889102       930.91
        1.71     0.999023     16890676      1024.00
        1.72     0.999072     16892230      1077.89
        1.73     0.999121     16893684      1137.78
        1.73     0.999170     16893684      1204.71
        1.74     0.999219     16895155      1280.00
        1.74     0.999268     16895155      1365.33
        1.74     0.999316     16896475      1462.86
        1.74     0.999365     16896475      1575.38
        1.75     0.999414     16897656      1706.67
        1.76     0.999463     16898762      1861.82
        1.77     0.999512     16899691      2048.00
        1.77     0.999536     16899691      2155.79
        1.77     0.999561     16900499      2275.56
        1.77     0.999585     16900499      2409.41
        1.78     0.999609     16901219      2560.00
        1.78     0.999634     16901219      2730.67
        1.79     0.999658     16901880      2925.71
        1.79     0.999683     16901880      3150.77
        1.80     0.999707     16902479      3413.33
        1.81     0.999731     16902964      3723.64
        1.81     0.999756     16903352      4096.00
        1.81     0.999768     16903352      4311.58
        1.82     0.999780     16903677      4551.11
        1.82     0.999792     16903677      4818.82
        1.83     0.999805     16904010      5120.00
        1.84     0.999817     16904274      5461.33
        1.84     0.999829     16904274      5851.43
        1.85     0.999841     16904477      6301.54
        1.86     0.999854     16904888      6826.67
        1.86     0.999866     16904888      7447.27
        1.88     0.999878     16905204      8192.00
        1.88     0.999884     16905204      8623.16
        1.89     0.999890     16905336      9102.22
        1.90     0.999896     16905469      9637.65
        1.90     0.999902     16905607     10240.00
        1.91     0.999908     16905725     10922.67
        1.91     0.999915     16905725     11702.86
        1.92     0.999921     16905821     12603.08
        1.93     0.999927     16905918     13653.33
        1.94     0.999933     16906076     14894.55
        1.95     0.999939     16906143     16384.00
        1.96     0.999942     16906211     17246.32
        1.97     0.999945     16906275     18204.44
        1.98     0.999948     16906348     19275.29
        1.98     0.999951     16906348     20480.00
        1.98     0.999954     16906400     21845.33
        1.99     0.999957     16906459     23405.71
        2.00     0.999960     16906512     25206.15
        2.01     0.999963     16906555     27306.67
        2.02     0.999966     16906607     29789.09
        2.04     0.999969     16906640     32768.00
        2.06     0.999971     16906681     34492.63
        2.08     0.999973     16906712     36408.89
        2.10     0.999974     16906731     38550.59
        2.11     0.999976     16906754     40960.00
        2.14     0.999977     16906775     43690.67
        2.17     0.999979     16906794     46811.43
        2.22     0.999980     16906826     50412.31
        2.27     0.999982     16906847     54613.33
        2.32     0.999983     16906874     59578.18
        2.42     0.999985     16906900     65536.00
        2.45     0.999986     16906910     68985.26
        2.51     0.999986     16906925     72817.78
        2.58     0.999987     16906937     77101.18
        2.80     0.999988     16906951     81920.00
        3.07     0.999989     16906962     87381.33
        3.09     0.999989     16906990     93622.86
        3.09     0.999990     16906990    100824.62
        3.97     0.999991     16907004    109226.67
        4.00     0.999992     16907045    119156.36
        4.00     0.999992     16907045    131072.00
        4.00     0.999993     16907045    137970.53
        4.00     0.999993     16907045    145635.56
        4.01     0.999994     16907046    154202.35
        4.80     0.999994     16907052    163840.00
       83.45     0.999994     16907075    174762.67
       83.45     0.999995     16907075    187245.71
       83.45     0.999995     16907075    201649.23
       83.97     0.999995     16907095    218453.33
       83.97     0.999996     16907095    238312.73
       83.97     0.999996     16907095    262144.00
       83.97     0.999996     16907095    275941.05
       84.99     0.999997     16907098    291271.11
      167.94     0.999997     16907108    308404.71
      167.94     0.999997     16907108    327680.00
      167.94     0.999997     16907108    349525.33
      168.96     0.999997     16907150    374491.43
      168.96     0.999998     16907150    403298.46
      168.96     0.999998     16907150    436906.67
      168.96     0.999998     16907150    476625.45
      168.96     0.999998     16907150    524288.00
      168.96     0.999998     16907150    551882.11
      168.96     0.999998     16907150    582542.22
      168.96     0.999998     16907150    616809.41
      168.96     0.999998     16907150    655360.00
      168.96     0.999999     16907150    699050.67
      168.96     0.999999     16907150    748982.86
      168.96     0.999999     16907150    806596.92
      168.96     0.999999     16907150    873813.33
      168.96     0.999999     16907150    953250.91
      168.96     0.999999     16907150   1048576.00
      168.96     0.999999     16907150   1103764.21
      168.96     0.999999     16907150   1165084.44
      168.96     0.999999     16907150   1233618.82
      168.96     0.999999     16907150   1310720.00
      168.96     0.999999     16907150   1398101.33
      168.96     0.999999     16907150   1497965.71
      168.96     0.999999     16907150   1613193.85
      168.96     0.999999     16907150   1747626.67
      168.96     0.999999     16907150   1906501.82
      168.96     1.000000     16907150   2097152.00
      168.96     1.000000     16907150   2207528.42
      168.96     1.000000     16907150   2330168.89
      168.96     1.000000     16907150   2467237.65
      168.96     1.000000     16907150   2621440.00
      168.96     1.000000     16907150   2796202.67
      168.96     1.000000     16907150   2995931.43
      168.96     1.000000     16907150   3226387.69
      174.08     1.000000     16907152   3495253.33
      174.08     1.000000     16907152   3813003.64
      174.08     1.000000     16907152   4194304.00
      174.08     1.000000     16907152   4415056.84
      174.08     1.000000     16907152   4660337.78
      174.08     1.000000     16907152   4934475.29
      174.08     1.000000     16907152   5242880.00
      174.08     1.000000     16907152   5592405.33
      175.10     1.000000     16907155   5991862.86
      175.10     1.000000     16907155          inf
#[Mean    =        0.730, StdDeviation   =        0.387]
#[Max     =      175.103, Total count    =     16907155]
#[Buckets =           20, SubBuckets     =          256]
