       Value   Percentile   TotalCount 1/(1-Percentile)

        0.02     0.000000        11271         1.00
        0.39     0.050000       859695         1.05
        0.60     0.100000      1696011         1.11
        0.69     0.150000      2873275         1.18
        0.70     0.200000      3386744         1.25
        0.72     0.250000      4971546         1.33
        0.73     0.300000      6062267         1.43
        0.73     0.350000      6062267         1.54
        0.73     0.400000      7375609         1.67
        0.74     0.450000      8898348         1.82
        0.74     0.500000      8898348         2.00
        0.74     0.525000      8898348         2.11
        0.75     0.550000     10500219         2.22
        0.75     0.575000     10500219         2.35
        0.75     0.600000     10500219         2.50
        0.76     0.625000     11978136         2.67
        0.76     0.650000     11978136         2.86
        0.76     0.675000     11978136         3.08
        0.76     0.700000     11978136         3.33
        0.77     0.725000     13136744         3.64
        0.77     0.750000     13136744         4.00
        0.77     0.762500     13136744         4.21
        0.77     0.775000     13136744         4.44
        0.78     0.787500     13885567         4.71
        0.78     0.800000     13885567         5.00
        0.78     0.812500     13885567         5.33
        0.78     0.825000     14310857         5.71
        0.78     0.837500     14310857         6.15
        0.79     0.850000     14538062         6.67
        0.80     0.862500     14676934         7.27
        0.81     0.875000     14899431         8.00
        0.81     0.881250     14899431         8.42
        0.82     0.887500     15018359         8.89
        0.83     0.893750     15144168         9.41
        0.84     0.900000     15276895        10.00
        0.85     0.906250     15413819        10.67
        0.85     0.912500     15555236        11.43
        0.85     0.918750     15555236        12.31
        0.86     0.925000     15691125        13.33
        0.87     0.931250     15817820        14.55
        0.88     0.937500     15925576        16.00
        0.88     0.940625     15925576        16.84
        0.89     0.943750     16012090        17.78
        0.89     0.946875     16012090        18.82
        0.90     0.950000     16079486        20.00
        0.90     0.953125     16133118        21.33
        0.91     0.956250     16174801        22.86
        0.93     0.959375     16234150        24.62
        0.94     0.962500     16278656        26.67
        0.97     0.965625     16334065        29.09
        0.99     0.968750     16383340        32.00
        1.01     0.970313     16412699        33.68
        1.02     0.971875     16438885        35.56
        1.04     0.973437     16460787        37.65
        1.07     0.975000     16488682        40.00
        1.14     0.976562     16511775        42.67
        1.24     0.978125     16538216        45.71
        1.34     0.979688     16563745        49.23
        1.39     0.981250     16592228        53.33
        1.42     0.982812     16626322        58.18
        1.44     0.984375     16649233        64.00
        1.45     0.985156     16661807        67.37
        1.46     0.985938     16675255        71.11
        1.46     0.986719     16689567        75.29
        1.47     0.987500     16704919        80.00
        1.48     0.988281     16721621        85.33
        1.49     0.989062     16739253        91.43
        1.49     0.989844     16739253        98.46
        1.50     0.990625     16758217       106.67
        1.50     0.991406     16777301       116.36
        1.50     0.992188     16777301       128.00
        1.51     0.992578     16795503       134.74
        1.51     0.992969     16795503       142.22
        1.51     0.993359     16795503       150.59
        1.52     0.993750     16812137       160.00
        1.52     0.994141     16812137       170.67
        1.53     0.994531     16826121       182.86
        1.53     0.994922     16826121       196.92
        1.53     0.995313     16837624       213.33
        1.53     0.995703     16837624       232.73
        1.54     0.996094     16846487       256.00
        1.54     0.996289     16846487       269.47
        1.55     0.996484     16853265       284.44
        1.55     0.996680     16853265       301.18
        1.56     0.996875     16858297       320.00
        1.56     0.997070     16858297       341.33
        1.57     0.997266     16862056       365.71
        1.57     0.997461     16864811       393.85
        1.59     0.997656     16868668       426.67
        1.61     0.997852     16871843       465.45
        1.62     0.998047     16874930       512.00
        1.63     0.998145     16876452       538.95
        1.64     0.998242     16877875       568.89
        1.65     0.998340     16879393       602.35
        1.66     0.998437     16880919       640.00
        1.66     0.998535     16882440       682.67
        1.68     0.998633     16885415       731.43
        1.69     0.998730     16886885       787.69
        1.70     0.998828     16888345       853.33
        1.70     0.998926     16889819       930.91
        1.71     0.999023     16891404      1024.00
        1.72     0.999072     16892922      1077.89
        1.72     0.999121     16892922      1137.78
        1.73     0.999170     16894392      1204.71
        1.73     0.999219     16894392      1280.00
        1.74     0.999268     16895710      1365.33
        1.74     0.999316     16895710      1462.86
        1.74     0.999365     16896993      1575.38
        1.75     0.999414     16898069      1706.67
        1.75     0.999463     16898069      1861.82
        1.76     0.999512     16899030      2048.00
        1.77     0.999536     16899933      2155.79
        1.77     0.999561     16899933      2275.56
        1.77     0.999585     16900677      2409.41
        1.77     0.999609     16900677      2560.00
        1.78     0.999634     16901406      2730.67
        1.78     0.999658     16901406      2925.71
        1.79     0.999683     16902050      3150.77
        1.80     0.999707     16902588      3413.33
        1.80     0.999731     16902588      3723.64
        1.81     0.999756     16903034      4096.00
        1.81     0.999768     16903430      4311.58
        1.81     0.999780     16903430      4551.11
        1.82     0.999792     16903776      4818.82
        1.83     0.999805     16904083      5120.00
        1.83     0.999817     16904083      5461.33
        1.84     0.999829     16904346      5851.43
        1.85     0.999841     16904580      6301.54
        1.85     0.999854     16904773      6826.67
        1.86     0.999866     16904930      7447.27
        1.87     0.999878     16905110      8192.00
        1.88     0.999884     16905243      8623.16
        1.89     0.999890     16905384      9102.22
        1.89     0.999896     16905384      9637.65
        1.90     0.999902     16905522     10240.00
        1.90     0.999908     16905632     10922.67
        1.91     0.999915     16905748     11702.86
        1.92     0.999921     16905842     12603.08
        1.93     0.999927     16905930     13653.33
        1.94     0.999933     16906020     14894.55
        1.94     0.999939     16906098     16384.00
        1.95     0.999942     16906172     17246.32
        1.96     0.999945     16906234     18204.44
        1.96     0.999948     16906234     19275.29
        1.97     0.999951     16906300     20480.00
        1.98     0.999954     16906362     21845.33
        1.98     0.999957     16906403     23405.71
        1.99     0.999960     16906457     25206.15
        2.00     0.999963     16906490     27306.67
        2.02     0.999966     16906548     29789.09
        2.04     0.999969     16906601     32768.00
        2.06     0.999971     16906641     34492.63
        2.08     0.999973     16906670     36408.89
        2.08     0.999974     16906670     38550.59
        2.10     0.999976     16906698     40960.00
        2.11     0.999977     16906723     43690.67
        2.14     0.999979     16906748     46811.43
        2.21     0.999980     16906776     50412.31
        2.25     0.999982     16906799     54613.33
        2.32     0.999983     16906830     59578.18
        2.40     0.999985     16906854     65536.00
        2.46     0.999986     16906864     68985.26
        2.56     0.999986     16906876     72817.78
        2.93     0.999987     16906889     77101.18
        3.09     0.999988     16906951     81920.00
        3.09     0.999989     16906951     87381.33
        3.09     0.999989     16906951     93622.86
        3.09     0.999990     16906951    100824.62
        3.18     0.999991     16906954    109226.67
        4.00     0.999992     16907001    119156.36
        4.00     0.999992     16907001    131072.00
        4.00     0.999993     16907001    137970.53
        4.00     0.999993     16907001    145635.56
        4.00     0.999994     16907001    154202.35
        4.05     0.999994     16907005    163840.00
       82.94     0.999994     16907012    174762.67
       83.45     0.999995     16907045    187245.71
       83.45     0.999995     16907045    201649.23
       83.45     0.999995     16907045    218453.33
       83.45     0.999996     16907045    238312.73
       83.45     0.999996     16907045    262144.00
       83.97     0.999996     16907064    275941.05
       83.97     0.999997     16907064    291271.11
       83.97     0.999997     16907064    308404.71
       83.97     0.999997     16907064    327680.00
       83.97     0.999997     16907064    349525.33
       83.97     0.999997     16907064    374491.43
      167.94     0.999998     16907071    403298.46
      167.94     0.999998     16907071    436906.67
      168.96     0.999998     16907105    476625.45
      168.96     0.999998     16907105    524288.00
      168.96     0.999998     16907105    551882.11
      168.96     0.999998     16907105    582542.22
      168.96     0.999998     16907105    616809.41
      168.96     0.999998     16907105    655360.00
      168.96     0.999999     16907105    699050.67
      168.96     0.999999     16907105    748982.86
      168.96     0.999999     16907105    806596.92
      168.96     0.999999     16907105    873813.33
      168.96     0.999999     16907105    953250.91
      168.96     0.999999     16907105   1048576.00
      168.96     0.999999     16907105   1103764.21
      168.96     0.999999     16907105   1165084.44
      168.96     0.999999     16907105   1233618.82
      168.96     0.999999     16907105   1310720.00
      168.96     0.999999     16907105   1398101.33
      168.96     0.999999     16907105   1497965.71
      168.96     0.999999     16907105   1613193.85
      168.96     0.999999     16907105   1747626.67
      168.96     0.999999     16907105   1906501.82
      168.96     1.000000     16907105   2097152.00
      168.96     1.000000     16907105   2207528.42
      168.96     1.000000     16907105   2330168.89
      168.96     1.000000     16907105   2467237.65
      168.96     1.000000     16907105   2621440.00
      168.96     1.000000     16907105   2796202.67
      168.96     1.000000     16907105   2995931.43
      168.96     1.000000     16907105   3226387.69
      168.96     1.000000     16907105   3495253.33
      168.96     1.000000     16907105   3813003.64
      168.96     1.000000     16907105   4194304.00
      168.96     1.000000     16907105   4415056.84
      168.96     1.000000     16907105   4660337.78
      168.96     1.000000     16907105   4934475.29
      168.96     1.000000     16907105   5242880.00
      168.96     1.000000     16907105   5592405.33
      174.08     1.000000     16907108   5991862.86
      174.08     1.000000     16907108          inf
#[Mean    =        0.731, StdDeviation   =        0.357]
#[Max     =      174.079, Total count    =     16907108]
#[Buckets =           20, SubBuckets     =          256]
